source_id,source_x,source_y,time,hop,pri_1_id,pri_2_id,pri_3_id,pri_4_id,pri_5_id,pri_1_r,pri_2_r,pri_3_r,pri_4_r,pri_5_r,des_id,inter_1id ,inter_2id ,inter_3id ,inter_4id ,inter_5id ,send_log
27, 278, 198, 10299999, 1, 221, 264, 292, 268, 41, 1, 0.846758, 0.688007, 0.412619, 0.120909, 217, 1, 1, 1, 1, 1, 1
268, 412, 198, 10300200, 2, 41, 88, 216, 49, 112, 1, 1, 0.788443, 0.79775, 1, 217, 0, 0, 1, 0, 0, 0
292, 412, 198, 10300200, 2, 41, 49, 88, 112, 216, 1, 0.950817, 1, 1, 0.43065, 217, 0, 0, 0, 0, 1, 0
221, 418, 198, 10300200, 2, 266, 216, 41, 88, 112, 0.64822, 0.551088, 0.861744, 1, 1, 217, 1, 1, 0, 0, 0, 1
112, 448, 198, 10300518, 3, 266, 216, 88, 41, 49, 0.635543, 0.551064, 1, 0.646286, 0.79771, 217, 1, 1, 0, 0, 0, 1
88, 495, 198, 10300518, 3, 266, 216, 102, 116, 49, 0.964214, 0.964362, 0.121035, 0.755123, 0.845645, 217, 1, 1, 1, 0, 0, 0
216, 581, 201, 10300519, 3, 47, 187, 10000000, 10000000, 10000000, 0.550132, 0.318412, 0, 0, 0, 217, 0, 1, 1, 1, 1, 1
88, 495, 198, 10316836, 4, 266, 216, 102, 116, 41, 0.962321, 0.962199, 0.120797, 0.753796, 0.537627, 217, 1, 1, 1, 0, 0, 0
49, 513, 201, 10316836, 4, 266, 216, 116, 131, 102, 1, 1, 0.969166, 1, 0.970906, 217, 1, 1, 0, 0, 0, 0
216, 581, 201, 10316837, 4, 47, 187, 10000000, 10000000, 10000000, 0.5489, 0.317587, 0, 0, 0, 217, 0, 1, 1, 1, 1, 0
266, 587, 201, 10316837, 4, 47, 187, 10000000, 10000000, 10000000, 0.929731, 0.683471, 0, 0, 0, 217, 0, 0, 1, 1, 1, 1
47, 598, 316, 10317155, 5, 21, 85, 187, 138, 53, 0.969064, 0.777355, 1, 0.753596, 0.647361, 217, 0, 0, 0, 1, 0, 1
187, 598, 359, 10317473, 6, 21, 124, 138, 114, 53, 1, 0.609279, 0.861223, 0.859071, 0.755229, 217, 0, 0, 0, 0, 0, 1
240, 198, 173, 11299999, 1, 23, 126, 153, 27, 226, 1, 1, 1, 0.861267, 1, 250, 0, 0, 0, 0, 0, 0
226, 201, 224, 11300200, 2, 23, 259, 27, 174, 13, 1, 0.647397, 0.968904, 0.846401, 0.845903, 250, 0, 1, 0, 0, 0, 0
126, 201, 257, 11300200, 2, 265, 259, 206, 186, 65, 0.911302, 0.570196, 0.215363, 0.363181, 0.215728, 250, 1, 1, 1, 1, 1, 0
23, 201, 298, 11300200, 2, 259, 265, 174, 206, 254, 1, 0.635429, 1, 0.723831, 0.549065, 250, 1, 1, 0, 0, 1, 1
174, 198, 338, 11300518, 3, 265, 65, 259, 186, 172, 1, 1, 1, 1, 0.864338, 250, 1, 0, 1, 0, 0, 0
206, 198, 371, 11300518, 3, 45, 172, 65, 186, 251, 0.860742, 0.97238, 1, 1, 1, 250, 0, 0, 0, 0, 0, 0
259, 198, 387, 11300518, 3, 45, 172, 65, 186, 251, 0.968335, 1, 1, 1, 1, 250, 0, 0, 0, 0, 0, 1
265, 201, 412, 11300518, 3, 45, 172, 65, 186, 251, 1, 1, 1, 1, 1, 250, 0, 0, 0, 0, 0, 0
254, 201, 425, 11300518, 3, 45, 172, 65, 186, 251, 0.968335, 1, 1, 1, 1, 250, 0, 0, 0, 0, 0, 0
251, 226, 398, 11300836, 4, 45, 172, 162, 18, 65, 1, 1, 0.647155, 0.636331, 0.862851, 250, 0, 0, 0, 0, 0, 0
172, 260, 398, 11300836, 4, 45, 18, 162, 255, 198, 1, 0.967774, 0.755015, 0.478999, 0.468991, 250, 0, 0, 0, 1, 1, 1
186, 201, 459, 11300836, 4, 45, 172, 65, 10000000, 10000000, 0.860713, 0.864308, 1, 0, 0, 250, 0, 0, 0, 1, 1, 0
65, 201, 499, 11300837, 4, 67, 172, 191, 45, 10000000, 0.215635, 0.648231, 0.604103, 0.537945, 0, 250, 1, 1, 0, 0, 1, 1
45, 296, 398, 11305155, 5, 24, 160, 255, 162, 18, 1, 1, 0.722536, 0.862472, 0.860563, 250, 0, 0, 1, 0, 0, 1
18, 298, 401, 11305155, 5, 160, 255, 198, 24, 256, 1, 1, 0.967442, 0.86242, 0.971006, 250, 0, 1, 0, 0, 1, 0
162, 345, 401, 11305155, 5, 24, 104, 160, 198, 255, 1, 0.970022, 1, 1, 1, 250, 0, 0, 0, 0, 1, 0
18, 298, 401, 11305473, 6, 160, 255, 198, 24, 256, 1, 1, 0.967409, 0.86239, 0.970973, 250, 0, 1, 0, 0, 1, 0
162, 345, 401, 11305473, 6, 24, 104, 160, 198, 255, 1, 0.969989, 1, 1, 1, 250, 0, 0, 0, 0, 1, 0
160, 456, 398, 11305473, 6, 138, 24, 53, 104, 114, 0.932752, 1, 0.863411, 0.754436, 0.477365, 250, 0, 0, 0, 0, 1, 1
191, 201, 659, 11309155, 5, 107, 10000000, 10000000, 10000000, 10000000, 0.646596, 0, 0, 0, 0, 250, 0, 1, 1, 1, 1, 0
67, 201, 705, 11309155, 5, 107, 191, 65, 10000000, 10000000, 0.646596, 1, 0.12083, 0, 0, 250, 0, 0, 1, 1, 1, 1
191, 201, 659, 11309473, 6, 107, 10000000, 10000000, 10000000, 10000000, 0.646574, 0, 0, 0, 0, 250, 0, 1, 1, 1, 1, 1
24, 499, 398, 11309791, 7, 138, 81, 53, 35, 114, 0.959978, 1, 1, 0.611379, 0.477037, 250, 0, 0, 0, 0, 0, 0
53, 504, 401, 11309791, 7, 21, 114, 138, 35, 81, 0.753768, 1, 1, 1, 0.6994, 250, 0, 0, 0, 0, 0, 0
138, 543, 401, 11309791, 7, 21, 114, 124, 287, 220, 0.861449, 1, 0.318849, 0.274733, 0.214879, 250, 0, 0, 1, 1, 1, 1
114, 655, 398, 11310110, 8, 21, 10000000, 10000000, 10000000, 10000000, 0.538387, 0, 0, 0, 0, 250, 0, 1, 1, 1, 1, 1
281, 11, -1, 12299999, 1, 11, 154, 29, 8, 147, 1, 1, 0.959211, 1, 1, 296, 0, 0, 0, 0, 0, 0
147, 65, -1, 12300200, 2, 278, 285, 159, 170, 212, 1, 0.755313, 0.215865, 0.137656, 0.242288, 296, 1, 1, 1, 1, 1, 0
154, 1, 76, 12300200, 2, 11, 159, 29, 7, 243, 1, 0.824734, 0.971687, 0, 0.137362, 296, 0, 0, 0, 1, 1, 0
8, 101, -1, 12300200, 2, 243, 7, 285, 144, 247, 1, 0.637252, 0.687565, 0.847982, 0.646866, 296, 0, 0, 1, 0, 0, 1
29, -1, 88, 12300200, 2, 170, 32, 207, 159, 197, 1, 0.860545, 0.7555, 1, 0.645844, 296, 0, 0, 1, 0, 1, 0
11, 1, 107, 12300200, 2, 32, 64, 159, 170, 243, 1, 1, 0.964312, 0.412969, 0.1078, 296, 0, 0, 0, 0, 1, 1
159, -1, 124, 12300518, 3, 32, 170, 207, 197, 56, 1, 1, 0.863399, 0.645822, 0.539791, 296, 0, 0, 1, 1, 0, 1
170, 1, 276, 12300518, 3, 168, 32, 64, 56, 10000000, 0.969663, 1, 1, 0.64775, 0, 296, 0, 0, 0, 0, 1, 0
170, 1, 276, 12308836, 4, 168, 32, 64, 56, 10000000, 0.968795, 1, 1, 0.647169, 0, 296, 0, 0, 0, 0, 1, 0
144, 132, 1, 12312518, 3, 98, 7, 164, 212, 117, 0.860598, 0.970783, 1, 1, 0.86251, 296, 0, 0, 0, 0, 0, 0
247, 162, 1, 12312518, 3, 98, 117, 7, 164, 212, 0.968173, 0.970323, 1, 1, 1, 296, 0, 0, 0, 0, 0, 0
285, 215, -1, 12312518, 3, 117, 143, 98, 7, 62, 0.970323, 1, 0.844211, 1, 1, 296, 0, 0, 0, 0, 0, 0
243, 232, -1, 12312518, 3, 98, 7, 117, 62, 164, 0.753023, 1, 0.86251, 0.965548, 1, 296, 0, 0, 0, 0, 0, 1
164, 274, -1, 12312836, 4, 275, 231, 150, 7, 143, 0.636021, 0.566262, 0.874124, 1, 0.753016, 296, 1, 1, 0, 0, 0, 0
62, 291, 1, 12312836, 4, 275, 231, 5, 150, 48, 1, 0.967351, 0.862116, 0.863174, 0.645418, 296, 1, 1, 0, 0, 0, 0
7, 305, -1, 12312836, 4, 275, 152, 231, 150, 143, 1, 0.53773, 0.537417, 0.757331, 0.860589, 296, 1, 1, 1, 0, 0, 1
64, -1, 290, 12313154, 5, 43, 168, 32, 110, 50, 0.967222, 1, 1, 0.539251, 0.475684, 296, 0, 0, 0, 1, 0, 0
32, 1, 313, 12313155, 5, 168, 43, 10000000, 10000000, 10000000, 0.753157, 0.214938, 0, 0, 0, 296, 0, 0, 1, 1, 1, 0
168, -1, 335, 12313155, 5, 43, 245, 182, 110, 50, 1, 0.107671, 0.770142, 0.604291, 0.475684, 296, 0, 1, 0, 0, 0, 1
43, 1, 505, 12313473, 6, 283, 245, 157, 182, 244, 0.843505, 0.861339, 0.684536, 0.842562, 0.549123, 296, 1, 0, 0, 0, 0, 1
182, -1, 529, 12313791, 7, 283, 28, 236, 219, 157, 1, 1, 0.967733, 0.120688, 0.967986, 296, 1, 0, 1, 1, 0, 0
245, -1, 565, 12313791, 7, 236, 34, 28, 128, 157, 1, 0.754968, 1, 0.859435, 1, 296, 0, 0, 0, 0, 0, 0
283, 1, 615, 12313792, 7, 128, 34, 236, 195, 28, 1, 0.86282, 1, 1, 1, 296, 0, 0, 0, 0, 0, 1
244, 1, 632, 12313792, 7, 128, 34, 236, 28, 195, 1, 0.86282, 1, 1, 0.965644, 296, 0, 0, 0, 0, 0, 0
157, 1, 674, 12313792, 7, 34, 219, 128, 195, 28, 0.647115, 1, 0.752005, 0.969099, 1, 296, 0, 0, 0, 0, 0, 0
236, 34, 598, 12314110, 8, 34, 103, 128, 107, 67, 1, 0.967922, 1, 0.137419, 0.10746, 296, 0, 0, 0, 1, 1, 1
28, 1, 712, 12314110, 8, 128, 34, 252, 219, 195, 0.644554, 0.431395, 0.797469, 0.752552, 1, 296, 1, 0, 0, 0, 0, 0
195, -1, 733, 12314110, 8, 299, 289, 262, 210, 189, 1, 1, 1, 0.968395, 0.755258, 296, 1, 1, 1, 1, 0, 1
143, 329, 1, 12317155, 5, 275, 152, 231, 181, 48, 1, 0.967464, 1, 1, 0.752638, 296, 1, 0, 0, 0, 0, 0
275, 401, 15, 12317155, 5, 48, 100, 152, 280, 237, 1, 0.95617, 1, 0.646135, 0.646468, 296, 0, 0, 0, 1, 0, 1
152, 401, 66, 12317473, 6, 237, 48, 280, 100, 132, 0.969669, 1, 0.646113, 0.959667, 0.644595, 296, 0, 0, 1, 0, 0, 0
100, 398, 86, 12317473, 6, 292, 268, 280, 218, 237, 0.969322, 0.968981, 1, 0.969699, 1, 296, 1, 1, 1, 1, 0, 0
48, 401, 105, 12317473, 6, 280, 237, 132, 41, 10000000, 1, 0.960772, 0.85946, 0.412418, 0, 296, 1, 0, 0, 0, 1, 1
132, 398, 129, 12317791, 7, 41, 292, 268, 221, 264, 0.86089, 1, 1, 0.966283, 0.969761, 296, 0, 1, 1, 1, 1, 0
237, 398, 164, 12317791, 7, 111, 41, 221, 268, 292, 1, 1, 1, 1, 1, 296, 0, 0, 0, 1, 1, 0
280, 398, 183, 12317791, 7, 255, 201, 41, 111, 112, 1, 1, 0.968501, 0.721732, 1, 296, 0, 0, 0, 0, 0, 1
41, 401, 313, 12318110, 8, 255, 198, 256, 201, 111, 0.952458, 0.864454, 0.959145, 1, 0.861109, 296, 0, 0, 1, 0, 0, 0
201, 398, 358, 12318110, 8, 104, 198, 255, 24, 256, 1, 1, 1, 0.754699, 1, 296, 0, 0, 0, 0, 1, 1
128, 69, 598, 12322428, 9, 34, 103, 67, 107, 10000000, 1, 1, 0.214727, 0.107538, 0, 296, 0, 0, 1, 1, 1, 0
103, 83, 601, 12322428, 9, 107, 191, 67, 34, 20, 0.967845, 0.752824, 0.644181, 1, 0.361603, 296, 0, 0, 0, 0, 0, 0
34, 102, 598, 12322428, 9, 107, 67, 10000000, 10000000, 10000000, 0.159205, 0.107364, 0, 0, 0, 296, 0, 1, 1, 1, 1, 1
256, 398, 380, 12322428, 9, 104, 198, 255, 160, 24, 1, 1, 1, 0.968437, 0.862111, 296, 0, 0, 0, 0, 0, 0
255, 401, 426, 12322428, 9, 104, 198, 24, 148, 10000000, 1, 1, 0.862111, 0.136882, 0, 296, 0, 0, 0, 1, 1, 0
198, 401, 451, 12322428, 9, 104, 148, 10000000, 10000000, 10000000, 1, 0.241628, 0, 0, 0, 296, 0, 1, 1, 1, 1, 1
104, 401, 491, 12322428, 9, 10000000, 10000000, 10000000, 10000000, 10000000, 0, 0, 0, 0, 0, 296, 1, 1, 1, 1, 1, 0
289, 12, 798, 12326428, 9, 279, 77, 68, 189, 210, 0.908793, 1, 1, 1, 1, 296, 1, 0, 0, 0, 0, 0
299, 12, 798, 12326428, 9, 77, 189, 68, 210, 223, 1, 1, 0.822777, 1, 0.567895, 296, 0, 0, 0, 0, 1, 1
210, 33, 798, 12326746, 10, 77, 68, 189, 279, 130, 1, 1, 1, 0.602997, 0.322795, 296, 0, 0, 0, 1, 1, 0
189, 63, 798, 12326746, 10, 130, 279, 77, 3, 68, 1, 0.794025, 1, 0.432855, 0.860584, 296, 0, 1, 0, 0, 0, 0
104, 401, 491, 12326746, 10, 10000000, 10000000, 10000000, 10000000, 10000000, 0, 0, 0, 0, 0, 296, 1, 1, 1, 1, 1, 0
68, 79, 801, 12326746, 10, 130, 248, 3, 279, 223, 1, 1, 0.859429, 1, 0.967996, 296, 0, 0, 0, 1, 1, 0
77, 117, 798, 12326747, 10, 95, 279, 223, 248, 173, 1, 0.819803, 0.757148, 0.481445, 0.362301, 296, 0, 1, 1, 0, 1, 1
279, 201, 815, 12327065, 11, 130, 3, 248, 10000000, 10000000, 1, 0.859399, 1, 0, 0, 296, 0, 0, 0, 1, 1, 1
248, 237, 798, 12327065, 11, 258, 3, 196, 130, 95, 0.951775, 0.966824, 0.842417, 1, 0.861183, 296, 1, 0, 0, 0, 0, 0
95, 290, 801, 12327065, 11, 82, 288, 258, 204, 196, 1, 1, 1, 1, 1, 296, 0, 1, 1, 0, 0, 1
196, 327, 801, 12327383, 12, 82, 33, 288, 258, 204, 1, 1, 1, 1, 1, 296, 0, 0, 1, 1, 0, 0
204, 367, 801, 12327383, 12, 82, 288, 294, 258, 108, 1, 1, 0.549513, 1, 0.862294, 296, 0, 1, 1, 1, 0, 0
258, 383, 801, 12327383, 12, 234, 82, 33, 135, 294, 1, 1, 1, 0.644296, 0.361356, 296, 0, 0, 0, 0, 1, 0
288, 387, 801, 12327383, 12, 271, 82, 135, 33, 294, 1, 1, 0.934337, 0.752481, 0.429962, 296, 1, 0, 0, 0, 1, 1
248, 237, 798, 12331383, 12, 258, 3, 196, 130, 95, 0.951124, 0.966376, 0.84198, 1, 0.860783, 296, 1, 0, 0, 0, 0, 0
33, 496, 801, 12331702, 13, 296, 263, 294, 271, 217, 0.968971, 0.967869, 1, 1, 1, 296, 1, 1, 1, 1, 0, 0
82, 511, 798, 12331702, 13, 271, 217, 234, 294, 175, 0.964618, 1, 0.943202, 0.842726, 1, 296, 1, 0, 0, 1, 0, 1
234, 564, 801, 12336020, 14, 296, 263, 294, 271, 213, 1, 1, 1, 1, 1, 296, 1, 1, 1, 1, 0, 0
271, 584, 801, 12336020, 14, 296, 263, 294, 10000000, 10000000, 1, 1, 1, 0, 0, 296, 1, 1, 1, 1, 1, 1
294, 587, 801, 12336020, 14, 296, 263, 10000000, 10000000, 10000000, 1, 1, 0, 0, 0, 296, 1, 1, 1, 1, 1, 0
175, 675, 798, 12336020, 14, 296, 263, 294, 271, 217, 1, 1, 1, 1, 1, 296, 1, 1, 1, 1, 0, 0
294, 587, 801, 12336338, 15, 296, 263, 10000000, 10000000, 10000000, 1, 1, 0, 0, 0, 296, 1, 1, 1, 1, 1, 0
263, 598, 784, 12336338, 15, 296, 10000000, 10000000, 10000000, 10000000, 1, 0, 0, 0, 0, 296, 1, 1, 1, 1, 1, 0
130, 272, 798, 12339701, 13, 288, 196, 3, 204, 258, 0.842226, 0.949485, 1, 0.603036, 0.481298, 296, 1, 0, 0, 0, 1, 0
95, 290, 801, 12339701, 13, 82, 288, 258, 204, 196, 1, 1, 1, 1, 1, 296, 0, 1, 1, 0, 0, 0
3, 304, 798, 12339701, 13, 33, 288, 258, 204, 196, 1, 0.964461, 0.962597, 0.964399, 0.751354, 296, 0, 1, 1, 0, 0, 0
196, 327, 801, 12339701, 13, 82, 33, 288, 258, 204, 1, 1, 1, 1, 1, 296, 0, 0, 1, 1, 0, 0
258, 383, 801, 12339701, 13, 234, 82, 33, 135, 294, 1, 1, 1, 0.643444, 0.360821, 296, 0, 0, 0, 0, 1, 0
82, 511, 798, 12340020, 14, 271, 217, 234, 294, 175, 0.963758, 1, 0.941725, 0.841883, 1, 296, 1, 0, 0, 1, 0, 0
135, 524, 801, 12340020, 14, 296, 263, 294, 271, 217, 1, 1, 1, 1, 1, 296, 1, 1, 1, 1, 0, 0
234, 564, 801, 12344338, 15, 296, 263, 294, 271, 213, 1, 1, 1, 1, 1, 296, 1, 1, 1, 1, 0, 0
271, 584, 801, 12344338, 15, 296, 263, 294, 10000000, 10000000, 1, 1, 1, 0, 0, 296, 1, 1, 1, 1, 1, 0
294, 587, 801, 12344338, 15, 296, 263, 10000000, 10000000, 10000000, 1, 1, 0, 0, 0, 296, 1, 1, 1, 1, 1, 0
217, 632, 798, 12344338, 15, 296, 263, 294, 271, 213, 1, 1, 1, 1, 1, 296, 1, 1, 1, 1, 0, 0
175, 675, 798, 12344338, 15, 296, 263, 294, 271, 217, 1, 1, 1, 1, 1, 296, 1, 1, 1, 1, 0, 0
271, 584, 801, 12352656, 16, 296, 263, 294, 10000000, 10000000, 1, 1, 1, 0, 0, 296, 1, 1, 1, 1, 1, 0
294, 587, 801, 12352656, 16, 296, 263, 10000000, 10000000, 10000000, 1, 1, 0, 0, 0, 296, 1, 1, 1, 1, 1, 0
263, 598, 784, 12352656, 16, 296, 10000000, 10000000, 10000000, 10000000, 1, 0, 0, 0, 0, 296, 1, 1, 1, 1, 1, 0
153, 279, 198, 13299999, 1, 218, 268, 27, 264, 178, 1, 0.791111, 1, 0.795499, 0.968728, 37, 0, 1, 0, 1, 0, 0
178, 318, 201, 13300200, 2, 88, 112, 268, 292, 280, 0.970313, 0.969598, 1, 1, 0.971502, 37, 0, 0, 1, 1, 1, 0
27, 325, 198, 13300200, 2, 49, 221, 268, 292, 264, 1, 1, 1, 0.966199, 1, 37, 0, 0, 1, 1, 1, 0
218, 356, 201, 13300200, 2, 116, 88, 49, 112, 41, 1, 0.970313, 1, 0.969598, 0.862414, 37, 0, 0, 0, 0, 0, 1
264, 380, 201, 13300200, 2, 266, 41, 88, 112, 49, 1, 0.970215, 0.970313, 1, 0.959069, 37, 1, 0, 0, 0, 0, 0
268, 421, 198, 13300200, 2, 88, 41, 112, 49, 221, 1, 0.862414, 1, 0.86322, 1, 37, 0, 0, 0, 0, 0, 0
49, 477, 201, 13300518, 3, 131, 266, 216, 102, 88, 0.97068, 1, 1, 0.75607, 1, 37, 0, 1, 0, 0, 0, 0
116, 511, 201, 13300518, 3, 131, 102, 266, 216, 88, 1, 0.97209, 1, 1, 1, 37, 0, 0, 1, 0, 0, 1
88, 539, 198, 13300836, 4, 86, 131, 266, 216, 10000000, 1, 0.825924, 1, 1, 0, 37, 0, 0, 1, 0, 1, 0
216, 558, 201, 13300836, 4, 270, 194, 102, 131, 86, 0.107988, 1, 1, 1, 0.823338, 37, 1, 0, 0, 0, 0, 0
266, 578, 201, 13300836, 4, 187, 209, 295, 227, 102, 0.825001, 0.159238, 0.121048, 0.189729, 1, 37, 0, 1, 1, 1, 0, 1
102, 722, 198, 13309155, 5, 274, 249, 295, 194, 214, 0.687877, 0.964091, 0.846484, 0.964495, 0.796476, 37, 1, 0, 1, 0, 0, 1
194, 721, 201, 13325473, 6, 295, 270, 274, 120, 227, 1, 1, 1, 0.860764, 0.970179, 37, 1, 1, 1, 0, 0, 0
249, 752, 201, 13325473, 6, 120, 58, 227, 274, 40, 0.96836, 0.85952, 1, 1, 0.53829, 37, 0, 0, 0, 1, 0, 0
274, 801, 218, 13325473, 6, 58, 120, 227, 40, 10000000, 1, 1, 1, 0.753606, 0, 37, 0, 0, 0, 0, 1, 1
214, 842, 198, 13325473, 6, 270, 295, 274, 120, 227, 1, 1, 1, 0.860764, 0.970179, 37, 1, 1, 1, 0, 0, 0
227, 801, 245, 13325791, 7, 58, 120, 40, 10000000, 10000000, 1, 1, 0.950911, 0, 0, 37, 0, 0, 0, 1, 1, 0
40, 798, 286, 13325791, 7, 260, 211, 58, 118, 87, 0.861746, 0.859818, 1, 0.644837, 0.378776, 37, 1, 1, 0, 0, 0, 0
120, 801, 288, 13325791, 7, 87, 58, 10000000, 10000000, 10000000, 1, 1, 0, 0, 0, 37, 0, 0, 1, 1, 1, 1
58, 801, 335, 13330110, 8, 10000000, 10000000, 10000000, 10000000, 10000000, 0, 0, 0, 0, 0, 37, 1, 1, 1, 1, 1, 0
87, 798, 478, 13330110, 8, 125, 238, 273, 94, 140, 0.965963, 1, 0.859683, 0.751824, 1, 37, 0, 0, 1, 0, 0, 1
140, 798, 518, 13330428, 9, 125, 94, 238, 37, 273, 0.96593, 0.966598, 1, 0.927134, 0.967111, 37, 0, 0, 0, 0, 1, 1
238, 801, 643, 13346747, 10, 125, 37, 94, 165, 10000000, 1, 0.964745, 1, 0.857999, 0, 37, 0, 0, 0, 0, 1, 0
94, 801, 720, 13346747, 10, 37, 125, 165, 10000000, 10000000, 1, 1, 0.857999, 0, 0, 37, 0, 0, 0, 1, 1, 0
165, 798, 721, 13351065, 11, 37, 125, 94, 10000000, 10000000, 1, 0.958632, 0.857298, 0, 0, 37, 0, 0, 0, 1, 1, 0
125, 801, 685, 13351065, 11, 37, 10000000, 10000000, 10000000, 10000000, 1, 0, 0, 0, 0, 37, 0, 1, 1, 1, 1, 0
215, 145, 201, 14299999, 1, 27, 153, 71, 226, 267, 0.969672, 1, 0.9478, 0.971504, 1, 142, 0, 0, 0, 0, 0, 0
267, 201, 229, 14300200, 2, 254, 23, 206, 153, 126, 0.274857, 1, 1, 0.861345, 1, 142, 1, 0, 0, 0, 0, 1
71, 276, 201, 14300200, 2, 221, 268, 292, 264, 112, 1, 1, 1, 1, 0.754847, 142, 0, 0, 1, 0, 0, 0
153, 293, 198, 14300200, 2, 116, 221, 268, 218, 27, 1, 1, 0.883296, 1, 1, 142, 0, 0, 0, 0, 0, 1
27, 341, 198, 14304518, 3, 116, 221, 268, 49, 292, 1, 1, 1, 0.870333, 0.96939, 142, 0, 0, 0, 0, 1, 0
218, 344, 201, 14304518, 3, 116, 112, 49, 88, 221, 1, 0.970066, 1, 0.861123, 1, 142, 0, 0, 0, 0, 0, 0
268, 428, 198, 14304518, 3, 88, 112, 49, 221, 41, 0.968763, 1, 1, 1, 0.75584, 142, 0, 0, 0, 0, 0, 1
221, 454, 198, 14312837, 4, 88, 112, 266, 216, 131, 0.967896, 1, 0.752545, 0.725986, 0.550554, 142, 0, 0, 0, 0, 0, 0
49, 466, 201, 14312837, 4, 131, 266, 216, 88, 112, 0.861502, 1, 1, 1, 1, 142, 0, 0, 0, 0, 0, 0
112, 505, 198, 14312837, 4, 266, 88, 216, 131, 10000000, 1, 1, 0.538769, 0.241645, 0, 142, 0, 0, 0, 0, 1, 0
88, 554, 198, 14312837, 4, 194, 86, 131, 266, 10000000, 1, 1, 0.724936, 1, 0, 142, 0, 0, 0, 0, 1, 1
266, 571, 201, 14313155, 5, 102, 194, 131, 86, 47, 1, 1, 1, 1, 0.843512, 142, 0, 0, 0, 0, 0, 1
86, 660, 201, 14313155, 5, 295, 274, 214, 209, 270, 1, 0.860893, 1, 0.537827, 1, 142, 1, 1, 0, 1, 0, 0
194, 711, 201, 14313155, 5, 295, 274, 227, 120, 214, 1, 1, 0.861904, 0.754721, 1, 142, 1, 1, 0, 0, 0, 1
295, 812, 198, 14313474, 6, 120, 40, 227, 58, 274, 0.970322, 1, 1, 0.645075, 1, 142, 0, 0, 0, 0, 0, 1
274, 801, 224, 14313792, 7, 58, 120, 227, 40, 10000000, 1, 1, 1, 0.755145, 0, 142, 0, 0, 0, 0, 1, 0
227, 801, 257, 14313792, 7, 58, 120, 40, 10000000, 10000000, 1, 1, 0.959201, 0, 0, 142, 0, 0, 0, 1, 1, 0
40, 798, 275, 14313792, 7, 58, 260, 211, 120, 118, 1, 0.755063, 0.751666, 1, 0.539132, 142, 0, 1, 1, 0, 0, 1
126, 201, 301, 14316518, 3, 265, 23, 254, 206, 259, 0.792605, 1, 0.60342, 0.796969, 0.604035, 142, 0, 0, 0, 0, 0, 0
23, 201, 339, 14316518, 3, 186, 254, 259, 265, 65, 1, 0.796326, 1, 0.751776, 0.376235, 142, 0, 0, 0, 0, 0, 1
120, 801, 303, 14318110, 8, 87, 58, 10000000, 10000000, 10000000, 0.767106, 1, 0, 0, 0, 142, 0, 0, 1, 1, 1, 0
58, 801, 350, 14318110, 8, 87, 10000000, 10000000, 10000000, 10000000, 1, 0, 0, 0, 0, 142, 0, 1, 1, 1, 1, 1
87, 798, 465, 14318429, 9, 238, 140, 273, 125, 228, 0.966323, 1, 0.751976, 0.859552, 0.646513, 142, 0, 0, 1, 0, 1, 1
140, 798, 507, 14318747, 10, 273, 238, 142, 37, 9, 0.859372, 1, 0.53919, 0.754334, 0.215577, 142, 1, 0, 0, 0, 0, 1
259, 198, 375, 14320836, 4, 251, 172, 65, 186, 45, 0.970038, 0.862058, 1, 1, 0.646484, 142, 0, 0, 0, 0, 0, 0
265, 201, 425, 14320836, 4, 172, 251, 45, 65, 186, 0.969815, 0.970038, 0.754231, 1, 1, 142, 0, 0, 0, 0, 0, 0
254, 201, 456, 14320836, 4, 251, 172, 45, 65, 186, 0.862256, 0.754301, 0.646484, 1, 1, 142, 0, 0, 0, 0, 0, 1
238, 801, 654, 14323065, 11, 142, 9, 10000000, 10000000, 10000000, 0.754514, 0.538692, 0, 0, 0, 142, 0, 0, 1, 1, 1, 1
186, 201, 500, 14325155, 5, 45, 172, 65, 10, 10000000, 0.538486, 0.538536, 1, 0, 0, 142, 0, 0, 0, 0, 1, 0
65, 201, 539, 14325155, 5, 172, 45, 10000000, 10000000, 10000000, 0.323121, 0.215394, 0, 0, 0, 142, 1, 0, 1, 1, 1, 1
86, 660, 201, 14325473, 6, 295, 274, 214, 209, 270, 1, 0.859754, 1, 0.537115, 1, 142, 1, 1, 0, 1, 0, 0
131, 696, 198, 14325473, 6, 44, 274, 102, 295, 270, 1, 0.941176, 1, 0.753838, 0.68539, 142, 0, 1, 0, 1, 1, 0
194, 710, 201, 14325473, 6, 295, 274, 227, 120, 214, 1, 1, 0.860762, 0.75372, 1, 142, 1, 1, 0, 0, 0, 1
295, 812, 198, 14329792, 7, 120, 40, 227, 58, 274, 0.968618, 1, 1, 0.643945, 1, 142, 0, 0, 0, 0, 0, 1
274, 801, 225, 14330110, 8, 58, 120, 227, 40, 10000000, 1, 1, 1, 0.753818, 0, 142, 0, 0, 0, 0, 1, 0
227, 801, 257, 14330110, 8, 58, 120, 40, 10000000, 10000000, 1, 1, 0.957061, 0, 0, 142, 0, 0, 0, 1, 1, 1
40, 798, 274, 14338428, 9, 58, 260, 211, 120, 118, 1, 0.753062, 0.749683, 1, 0.537704, 142, 0, 1, 1, 0, 0, 0
120, 801, 303, 14338428, 9, 87, 58, 10000000, 10000000, 10000000, 0.755333, 1, 0, 0, 0, 142, 0, 0, 1, 1, 1, 0
58, 801, 350, 14338428, 9, 87, 10000000, 10000000, 10000000, 10000000, 1, 0, 0, 0, 0, 142, 0, 1, 1, 1, 1, 1
87, 798, 465, 14338747, 10, 238, 140, 273, 125, 228, 0.96422, 1, 0.750338, 0.85768, 0.6451, 142, 0, 0, 1, 0, 1, 1
140, 798, 507, 14339065, 11, 273, 238, 142, 37, 9, 0.8575, 1, 0.538011, 0.751455, 0.215106, 142, 1, 0, 0, 0, 0, 1
23, 201, 352, 15299999, 1, 186, 265, 254, 259, 65, 0.946035, 0.964866, 0.826182, 1, 0.317496, 6, 0, 0, 0, 0, 0, 0
259, 198, 368, 15300200, 2, 65, 186, 254, 251, 265, 0.970469, 1, 1, 0.861438, 1, 6, 0, 0, 0, 0, 0, 0
265, 201, 432, 15300200, 2, 65, 186, 172, 251, 254, 1, 1, 0.862355, 0.969118, 1, 6, 0, 0, 0, 0, 0, 0
254, 201, 469, 15300200, 2, 65, 186, 45, 172, 251, 1, 1, 0.539351, 0.646766, 0.753759, 6, 0, 0, 0, 0, 0, 0
186, 201, 513, 15300200, 2, 65, 45, 172, 10, 10000000, 1, 0.431481, 0.431178, 0, 0, 6, 0, 0, 0, 0, 1, 1
65, 201, 553, 15300200, 2, 10, 191, 172, 10000000, 10000000, 1, 0.538543, 0.215589, 0, 0, 6, 0, 0, 1, 1, 1, 0
65, 201, 553, 15300518, 3, 10, 191, 172, 10000000, 10000000, 1, 0.538525, 0.215581, 0, 0, 6, 0, 0, 1, 1, 1, 1
10, 198, 639, 15300836, 4, 67, 191, 279, 223, 59, 1, 1, 0.862895, 0.862299, 0.881054, 6, 0, 0, 1, 0, 0, 1
191, 201, 714, 15300837, 4, 279, 67, 107, 223, 10000000, 1, 1, 0.215992, 0.304926, 0, 6, 0, 0, 0, 0, 1, 0
191, 201, 714, 15301155, 5, 279, 67, 107, 223, 10000000, 1, 1, 0.215984, 0.304897, 0, 6, 0, 0, 0, 0, 1, 0
67, 201, 763, 15301155, 5, 107, 10000000, 10000000, 10000000, 10000000, 0.274324, 0, 0, 0, 0, 6, 0, 1, 1, 1, 1, 1
279, 201, 833, 15301155, 5, 130, 248, 3, 10000000, 10000000, 0.864449, 0.864407, 0.537858, 0, 0, 6, 0, 0, 0, 1, 1, 0
226, 201, 278, 16299999, 1, 23, 126, 206, 259, 27, 1, 1, 0.862966, 0.647174, 0.430426, 9, 0, 0, 0, 0, 0, 0
206, 198, 313, 16300200, 2, 186, 254, 265, 251, 23, 0.968655, 0.970191, 1, 0.647532, 0.969891, 9, 0, 0, 0, 0, 0, 0
126, 201, 329, 16300200, 2, 254, 186, 265, 23, 259, 1, 0.880342, 0.844188, 1, 0.64716, 9, 0, 0, 0, 0, 0, 0
259, 198, 359, 16300200, 2, 186, 251, 254, 265, 172, 1, 0.755454, 1, 1, 0.647509, 9, 0, 0, 0, 0, 0, 0
23, 201, 365, 16300200, 2, 265, 254, 186, 65, 153, 0.968626, 0.847199, 0.795492, 0.273991, 0.215538, 9, 0, 0, 0, 0, 1, 1
265, 201, 441, 16300518, 3, 251, 172, 65, 186, 45, 0.863346, 0.755401, 1, 1, 0.538616, 9, 0, 0, 0, 0, 0, 1
254, 201, 483, 16300518, 3, 251, 65, 172, 45, 186, 0.64751, 1, 0.539572, 0.430893, 1, 9, 0, 0, 0, 0, 0, 0
65, 201, 567, 16300518, 3, 10000000, 10000000, 10000000, 10000000, 10000000, 0, 0, 0, 0, 0, 9, 1, 1, 1, 1, 1, 0
186, 201, 527, 16300836, 4, 65, 45, 172, 10000000, 10000000, 1, 0.323159, 0.323732, 0, 0, 9, 0, 0, 0, 1, 1, 1
65, 201, 567, 16300836, 4, 10000000, 10000000, 10000000, 10000000, 10000000, 0, 0, 0, 0, 0, 9, 1, 1, 1, 1, 1, 0
65, 201, 567, 16313154, 5, 10000000, 10000000, 10000000, 10000000, 10000000, 0, 0, 0, 0, 0, 9, 1, 1, 1, 1, 1, 0
11, 1, 172, 17299999, 1, 168, 64, 170, 32, 17, 1, 0.946508, 0.362762, 0.319689, 0, 69, 0, 0, 0, 0, 0, 0
17, 19, 201, 17300200, 2, 56, 240, 197, 215, 207, 1, 0.215322, 1, 1, 1, 69, 0, 1, 0, 0, 0, 1
64, -1, 222, 17300200, 2, 32, 170, 168, 50, 43, 0.968954, 1, 1, 0.322947, 0.4312, 69, 1, 0, 0, 0, 0, 0
168, -1, 262, 17300200, 2, 32, 170, 50, 182, 43, 1, 1, 0.639632, 0.318192, 0.7546, 69, 0, 0, 0, 0, 0, 1
170, 1, 353, 17300518, 3, 245, 50, 32, 182, 197, 1, 1, 1, 0.439871, 0.215614, 69, 0, 0, 1, 0, 0, 1
32, 1, 386, 17304836, 4, 245, 83, 50, 182, 43, 1, 1, 1, 0.911134, 0.548986, 69, 0, 0, 0, 0, 0, 0
50, -1, 444, 17304836, 4, 283, 43, 245, 182, 2, 1, 1, 1, 1, 0.606456, 69, 0, 0, 0, 0, 1, 0
182, -1, 466, 17304836, 4, 2, 283, 43, 244, 245, 0.647134, 0.970055, 1, 0.861596, 1, 69, 1, 0, 0, 0, 0, 0
245, -1, 505, 17304837, 4, 2, 244, 283, 157, 43, 1, 0.969296, 1, 0.863243, 1, 69, 1, 0, 0, 0, 0, 1
43, 1, 575, 17305155, 5, 195, 283, 157, 244, 103, 1, 1, 0.821494, 0.861567, 1, 69, 0, 0, 0, 0, 1, 0
2, -1, 616, 17305155, 5, 28, 103, 157, 299, 262, 1, 1, 1, 0.432138, 0.431041, 69, 1, 1, 0, 1, 1, 1
157, 1, 738, 17305155, 5, 28, 299, 252, 89, 136, 1, 1, 0.952308, 1, 0.242249, 69, 1, 1, 0, 0, 0, 0
103, 16, 601, 17305473, 6, 34, 128, 236, 20, 107, 1, 1, 1, 0.323156, 0.430341, 69, 0, 0, 0, 0, 0, 1
157, 1, 738, 17305473, 6, 28, 299, 252, 89, 136, 1, 1, 0.95226, 1, 0.24224, 69, 1, 1, 0, 0, 0, 1
236, 97, 598, 17309791, 7, 20, 34, 128, 10, 10000000, 1, 1, 1, 0, 0, 69, 0, 0, 0, 1, 1, 0
128, 138, 598, 17309791, 7, 20, 34, 10, 10000000, 10000000, 1, 1, 0, 0, 0, 69, 0, 0, 1, 1, 1, 1
28, 1, 784, 17313792, 7, 289, 68, 252, 299, 136, 1, 1, 0.964174, 1, 0.820929, 69, 0, 1, 0, 1, 0, 1
299, 12, 798, 17313792, 7, 77, 189, 210, 262, 289, 0.971152, 1, 1, 1, 1, 69, 0, 0, 0, 0, 0, 0
89, -1, 832, 17313792, 7, 22, 299, 68, 136, 252, 1, 1, 1, 1, 1, 69, 1, 1, 1, 0, 0, 0
252, 1, 897, 17313792, 7, 22, 210, 262, 189, 136, 0.752796, 0.53927, 0.64596, 0.430088, 1, 69, 1, 0, 1, 0, 0, 0
34, 160, 598, 17314110, 8, 107, 20, 10, 10000000, 10000000, 1, 1, 1, 0, 0, 69, 0, 0, 1, 1, 1, 0
299, 12, 798, 17314110, 8, 77, 189, 210, 262, 289, 0.971119, 1, 1, 1, 1, 69, 0, 0, 0, 0, 0, 0
68, 14, 801, 17314110, 8, 77, 189, 210, 262, 279, 1, 1, 1, 1, 0.537574, 69, 1, 0, 0, 0, 1, 0
289, 25, 798, 17314110, 8, 77, 189, 210, 262, 279, 1, 1, 1, 1, 0.361936, 69, 1, 0, 0, 0, 1, 1
10, 198, 610, 17314110, 8, 67, 191, 279, 248, 59, 0.859482, 1, 0.645089, 0.215371, 0.466932, 69, 0, 0, 1, 1, 0, 0
20, 226, 601, 17314110, 8, 107, 156, 96, 148, 16, 1, 0.430344, 0.323704, 0.215876, 0.136773, 69, 0, 0, 0, 0, 0, 1
252, 1, 897, 17314110, 8, 22, 210, 262, 189, 136, 0.75277, 0.539251, 0.645938, 0.430074, 1, 69, 1, 0, 1, 0, 0, 0
136, 1, 935, 17314110, 8, 189, 210, 10000000, 10000000, 10000000, 0.215037, 0.323551, 0, 0, 0, 69, 0, 1, 1, 1, 1, 0
262, 56, 798, 17314428, 9, 77, 189, 210, 279, 10000000, 1, 1, 1, 0.159114, 0, 69, 1, 0, 0, 1, 1, 0
210, 99, 798, 17314428, 9, 196, 95, 77, 189, 279, 1, 1, 1, 1, 0.322534, 69, 0, 0, 1, 0, 1, 0
189, 127, 798, 17314428, 9, 204, 196, 248, 95, 77, 1, 1, 0.822508, 0.915769, 1, 69, 0, 0, 0, 0, 1, 1
107, 367, 598, 17314428, 9, 96, 167, 156, 108, 16, 1, 1, 0.796512, 1, 0.946156, 69, 0, 0, 0, 0, 1, 1
108, 398, 634, 17314746, 10, 79, 52, 148, 288, 258, 1, 0.86487, 1, 0.539064, 0.430089, 69, 0, 0, 0, 1, 1, 0
16, 416, 601, 17314746, 10, 96, 156, 167, 287, 220, 1, 1, 1, 0.430885, 0.215011, 69, 0, 0, 0, 1, 1, 0
167, 471, 601, 17314747, 10, 250, 19, 96, 156, 122, 0.96923, 1, 1, 1, 0.753448, 69, 0, 1, 0, 0, 0, 0
156, 551, 598, 17314747, 10, 250, 90, 19, 137, 96, 1, 1, 1, 0.783053, 1, 69, 0, 0, 1, 0, 0, 0
96, 577, 598, 17314747, 10, 228, 250, 122, 90, 19, 1, 0.96923, 0.845828, 1, 1, 69, 0, 0, 0, 0, 1, 1
19, 598, 611, 17315065, 11, 4, 296, 263, 213, 185, 0.967772, 0.969859, 1, 1, 1, 69, 0, 0, 0, 0, 0, 0
90, 619, 601, 17315065, 11, 70, 84, 273, 122, 228, 1, 1, 1, 1, 1, 69, 0, 0, 0, 0, 0, 0
122, 728, 598, 17315065, 11, 70, 84, 273, 183, 10000000, 1, 1, 1, 0.881301, 0, 69, 0, 0, 0, 0, 1, 1
207, 98, 198, 17316518, 3, 178, 71, 56, 197, 215, 1, 0.91583, 1, 1, 1, 69, 0, 0, 0, 0, 0, 0
215, 104, 201, 17316518, 3, 153, 71, 56, 267, 226, 0.863155, 0.964797, 1, 0.862236, 0.724647, 69, 0, 0, 0, 0, 0, 0
197, 128, 198, 17316518, 3, 178, 71, 56, 267, 153, 1, 1, 1, 0.477276, 0.323683, 69, 0, 0, 0, 1, 0, 1
77, 185, 798, 17318746, 10, 288, 204, 248, 258, 196, 1, 1, 0.968685, 0.761686, 0.916344, 69, 0, 0, 0, 0, 0, 0
95, 221, 801, 17318746, 10, 3, 258, 130, 288, 204, 1, 1, 1, 0.862131, 1, 69, 0, 0, 0, 1, 0, 0
196, 255, 801, 17318746, 10, 288, 3, 258, 33, 130, 1, 0.968427, 1, 0.823351, 1, 69, 1, 0, 0, 0, 0, 1
248, 306, 798, 17318747, 10, 33, 3, 135, 288, 130, 1, 1, 0.783278, 0.843685, 1, 69, 0, 0, 0, 0, 0, 0
136, 1, 935, 17322428, 9, 189, 210, 10000000, 10000000, 10000000, 0.214845, 0.323261, 0, 0, 0, 69, 0, 1, 1, 1, 1, 0
22, 2, 996, 17322428, 9, 30, 169, 66, 10000000, 10000000, 1, 1, 1, 0, 0, 69, 0, 0, 0, 1, 1, 1
66, 21, 1001, 17322746, 10, 30, 15, 158, 169, 199, 0.967058, 0.863572, 1, 1, 0.53755, 69, 0, 0, 0, 0, 0, 0
169, 65, 1001, 17322746, 10, 30, 199, 158, 15, 161, 0.967058, 0.752571, 1, 0.644104, 0.27475, 69, 0, 0, 0, 0, 0, 0
30, 164, 998, 17322747, 10, 199, 161, 15, 106, 10000000, 0.860081, 0.904883, 0.931203, 0.431009, 0, 69, 0, 0, 0, 0, 1, 1
130, 334, 798, 17323065, 11, 33, 234, 3, 288, 135, 0.861961, 0.771604, 1, 0.969446, 0.435302, 69, 0, 0, 0, 0, 0, 0
258, 341, 801, 17323065, 11, 234, 135, 33, 82, 288, 0.964103, 1, 1, 0.752475, 1, 69, 0, 0, 0, 0, 0, 0
288, 373, 801, 17323065, 11, 82, 234, 135, 33, 31, 1, 0.928646, 0.970163, 1, 0.965489, 69, 0, 0, 0, 0, 0, 1
3, 374, 798, 17323065, 11, 271, 234, 135, 33, 82, 1, 1, 1, 0.944532, 0.683493, 69, 0, 0, 0, 0, 0, 0
15, 221, 1001, 17323065, 11, 106, 199, 282, 208, 161, 1, 1, 0.752799, 0.64697, 1, 69, 0, 0, 0, 0, 0, 0
161, 259, 1001, 17323065, 11, 208, 282, 106, 176, 199, 0.970455, 1, 1, 0.754484, 1, 69, 0, 0, 0, 0, 0, 0
33, 440, 801, 17323383, 12, 82, 294, 271, 217, 234, 1, 0.967366, 1, 0.753894, 1, 69, 0, 1, 0, 0, 0, 0
135, 461, 801, 17323383, 12, 82, 294, 217, 271, 234, 1, 1, 0.861593, 1, 1, 69, 0, 0, 0, 0, 0, 0
234, 497, 801, 17323383, 12, 217, 175, 82, 294, 296, 1, 0.858396, 1, 1, 0.861324, 69, 0, 0, 0, 0, 1, 0
82, 578, 798, 17323383, 12, 217, 109, 175, 4, 10000000, 1, 1, 0.685411, 1, 0, 69, 0, 0, 0, 0, 1, 1
273, 743, 601, 17323383, 12, 238, 125, 94, 37, 70, 0.968199, 0.754521, 0.644573, 0.750987, 0.968916, 69, 0, 0, 0, 0, 0, 0
84, 774, 598, 17323384, 12, 37, 70, 238, 10000000, 10000000, 1, 1, 0.322733, 0, 0, 69, 0, 0, 1, 1, 1, 0
70, 828, 601, 17323384, 12, 139, 10000000, 10000000, 10000000, 10000000, 0.215246, 0, 0, 0, 0, 69, 0, 1, 1, 1, 1, 1
183, 856, 601, 17323384, 12, 70, 139, 54, 10000000, 10000000, 1, 0.430491, 0.215187, 0, 0, 69, 0, 0, 0, 1, 1, 0
4, 601, 781, 17323702, 13, 109, 217, 10000000, 10000000, 10000000, 0.953464, 0.303035, 0, 0, 0, 69, 0, 0, 1, 1, 1, 0
109, 598, 834, 17323702, 13, 277, 230, 297, 10000000, 10000000, 0.430177, 0.322717, 0.322017, 0, 0, 69, 1, 1, 1, 1, 1, 0
217, 690, 798, 17323702, 13, 6, 175, 51, 272, 200, 1, 1, 0.777563, 0.54693, 0.411819, 69, 0, 0, 0, 0, 0, 1
175, 745, 798, 17323702, 13, 74, 6, 51, 272, 177, 1, 1, 1, 0.957128, 1, 69, 0, 0, 0, 0, 0, 0
175, 745, 798, 17324020, 14, 74, 6, 51, 272, 177, 1, 1, 1, 0.957087, 1, 69, 0, 0, 0, 0, 0, 0
6, 780, 798, 17324020, 14, 74, 225, 10000000, 10000000, 10000000, 1, 0.240672, 0, 0, 0, 69, 0, 1, 1, 1, 1, 1
51, 840, 801, 17324020, 14, 10000000, 10000000, 10000000, 10000000, 10000000, 0, 0, 0, 0, 0, 69, 1, 1, 1, 1, 1, 0
74, 798, 827, 17324338, 15, 69, 127, 225, 10000000, 10000000, 1, 1, 1, 0, 0, 69, 0, 0, 0, 1, 1, 1
225, 801, 896, 17324656, 16, 69, 127, 10000000, 10000000, 10000000, 1, 1, 0, 0, 0, 69, 0, 0, 1, 1, 1, 0
127, 801, 931, 17324657, 16, 69, 10000000, 10000000, 10000000, 10000000, 1, 0, 0, 0, 0, 69, 0, 1, 1, 1, 1, 0
56, 182, 198, 17324836, 4, 264, 267, 174, 178, 71, 1, 1, 1, 1, 1, 69, 0, 0, 0, 0, 0, 0
71, 242, 201, 17324836, 4, 292, 27, 268, 264, 153, 1, 1, 0.862416, 1, 1, 69, 0, 1, 0, 0, 0, 0
178, 265, 201, 17324836, 4, 27, 280, 116, 268, 221, 1, 0.536804, 1, 1, 0.968717, 69, 1, 1, 0, 0, 0, 0
27, 382, 198, 17325155, 5, 266, 111, 221, 116, 268, 1, 1, 1, 1, 1, 69, 0, 0, 0, 0, 0, 0
111, 398, 246, 17325473, 6, 41, 256, 201, 255, 198, 1, 1, 1, 0.646211, 0.645393, 69, 0, 0, 0, 0, 0, 0
116, 455, 201, 17325473, 6, 88, 86, 266, 112, 216, 1, 0.934692, 1, 1, 1, 69, 1, 0, 0, 0, 0, 0
268, 462, 198, 17325473, 6, 88, 112, 266, 221, 41, 0.859725, 1, 0.925074, 1, 0.431059, 69, 1, 0, 0, 0, 0, 0
221, 492, 198, 17325473, 6, 86, 88, 112, 266, 216, 1, 0.859725, 1, 0.957422, 0.859534, 69, 0, 1, 0, 0, 0, 0
266, 539, 201, 17325473, 6, 86, 88, 102, 131, 194, 1, 1, 0.753589, 1, 1, 69, 0, 1, 0, 0, 0, 0
88, 588, 198, 17325792, 7, 187, 102, 47, 194, 249, 1, 1, 1, 1, 0.866423, 69, 0, 0, 0, 0, 0, 0
86, 619, 201, 17325792, 7, 209, 44, 274, 102, 295, 0.214475, 0.361874, 0.60148, 1, 0.965823, 69, 1, 1, 1, 0, 1, 0
194, 678, 201, 17325792, 7, 102, 44, 274, 227, 120, 1, 0.964998, 0.753153, 0.537887, 0.431075, 69, 0, 1, 1, 0, 0, 0
148, 401, 724, 17327065, 11, 163, 52, 79, 156, 96, 1, 1, 1, 0.322309, 0.215501, 69, 0, 0, 0, 0, 0, 0
79, 401, 774, 17327065, 11, 163, 52, 31, 10000000, 10000000, 1, 1, 0.273184, 0, 0, 69, 0, 0, 0, 1, 1, 0
52, 398, 834, 17327383, 12, 31, 282, 208, 163, 33, 1, 0.322479, 0.215556, 1, 0.755409, 69, 0, 1, 1, 0, 0, 0
163, 398, 871, 17327383, 12, 31, 282, 208, 176, 10000000, 1, 0.537464, 0.431113, 0.215467, 0, 69, 0, 1, 1, 0, 1, 0
199, 319, 998, 17327383, 12, 282, 106, 208, 176, 10000000, 1, 1, 0.377186, 0.318583, 0, 69, 0, 0, 0, 0, 1, 0
106, 365, 998, 17327383, 12, 282, 176, 208, 10000000, 10000000, 1, 0.686985, 0.600642, 0, 0, 69, 0, 0, 0, 1, 1, 0
282, 457, 998, 17327384, 12, 36, 42, 176, 208, 297, 1, 1, 1, 1, 0.548794, 69, 1, 1, 0, 0, 0, 0
31, 401, 979, 17327702, 13, 82, 10000000, 10000000, 10000000, 10000000, 0.214886, 0, 0, 0, 0, 69, 0, 1, 1, 1, 1, 0
201, 398, 293, 17329791, 7, 255, 198, 41, 104, 256, 1, 0.860125, 1, 0.752442, 1, 69, 0, 0, 0, 0, 0, 0
256, 398, 328, 17329791, 7, 198, 255, 104, 41, 160, 1, 1, 0.859934, 1, 0.535938, 69, 0, 0, 0, 0, 0, 0
41, 401, 377, 17329791, 7, 255, 198, 104, 45, 10000000, 1, 0.682568, 0.636264, 0, 0, 69, 0, 0, 0, 0, 1, 0
45, 374, 398, 17330110, 8, 138, 53, 160, 255, 24, 0.943152, 1, 0.548719, 0.430592, 0.158157, 69, 0, 0, 0, 1, 0, 0
255, 401, 485, 17330110, 8, 24, 104, 108, 198, 10000000, 0.322787, 1, 0.776131, 1, 0, 69, 0, 0, 0, 0, 1, 0
198, 401, 516, 17330110, 8, 108, 104, 148, 10000000, 10000000, 0.866616, 1, 0.467079, 0, 0, 69, 0, 0, 0, 1, 1, 0
198, 401, 516, 17330428, 9, 108, 104, 148, 10000000, 10000000, 0.866496, 1, 0.467045, 0, 0, 69, 0, 0, 0, 1, 1, 0
104, 401, 549, 17330428, 9, 108, 10000000, 10000000, 10000000, 10000000, 1, 0, 0, 0, 0, 69, 0, 1, 1, 1, 1, 0
185, 598, 672, 17331383, 12, 4, 296, 263, 213, 294, 1, 1, 1, 1, 0.536964, 69, 0, 0, 0, 0, 1, 0
213, 598, 694, 17331383, 12, 109, 4, 296, 294, 263, 0.960879, 1, 1, 0.859142, 1, 69, 0, 0, 0, 1, 0, 0
263, 598, 741, 17331383, 12, 109, 217, 4, 296, 294, 1, 0.860852, 1, 1, 0.966535, 69, 0, 0, 0, 0, 1, 0
296, 598, 771, 17331384, 12, 217, 109, 175, 4, 6, 0.860852, 0.965122, 0.643244, 1, 0.430241, 69, 0, 0, 0, 0, 0, 0
208, 495, 998, 17331702, 13, 141, 297, 277, 36, 42, 1, 1, 0.946293, 1, 1, 69, 0, 0, 0, 1, 1, 0
176, 518, 998, 17331702, 13, 141, 277, 297, 36, 42, 1, 0.953972, 1, 1, 1, 69, 0, 0, 0, 1, 1, 0
42, 591, 998, 17331702, 13, 80, 230, 134, 277, 141, 1, 0.962842, 0.840655, 0.967067, 1, 69, 0, 0, 0, 0, 0, 0
36, 616, 1001, 17331702, 13, 80, 134, 230, 277, 141, 0.961904, 1, 1, 1, 1, 69, 0, 0, 0, 0, 0, 0
297, 628, 998, 17331702, 13, 80, 134, 230, 277, 141, 1, 1, 1, 1, 1, 69, 0, 0, 0, 0, 0, 0
141, 650, 1001, 17332020, 14, 80, 134, 230, 1, 277, 1, 1, 1, 0.548501, 1, 69, 0, 0, 0, 0, 0, 0
277, 661, 998, 17332020, 14, 80, 134, 230, 10000000, 10000000, 1, 1, 1, 0, 0, 69, 0, 0, 0, 1, 1, 0
230, 702, 998, 17332021, 14, 80, 134, 1, 10000000, 10000000, 1, 1, 0.858943, 0, 0, 69, 0, 0, 0, 1, 1, 0
134, 741, 998, 17332021, 14, 80, 1, 10000000, 10000000, 10000000, 1, 0, 0, 0, 0, 69, 0, 0, 1, 1, 1, 0
80, 769, 998, 17332021, 14, 10000000, 10000000, 10000000, 10000000, 10000000, 0, 0, 0, 0, 0, 69, 1, 1, 1, 1, 1, 0
108, 398, 634, 17334746, 10, 79, 148, 52, 288, 258, 1, 1, 0.857454, 0.537904, 0.429166, 69, 0, 0, 0, 1, 1, 0
148, 401, 724, 17335065, 11, 163, 52, 79, 156, 96, 1, 1, 1, 0.322032, 0.215316, 69, 0, 0, 0, 0, 0, 0
79, 401, 774, 17335065, 11, 163, 52, 31, 10000000, 10000000, 1, 1, 0.272885, 0, 0, 69, 0, 0, 0, 1, 1, 0
52, 398, 834, 17335383, 12, 31, 282, 208, 163, 33, 1, 0.322201, 0.215371, 1, 0.750871, 69, 0, 1, 1, 0, 0, 0
31, 401, 979, 17335383, 12, 82, 10000000, 10000000, 10000000, 10000000, 0.214709, 0, 0, 0, 0, 69, 0, 1, 1, 1, 1, 0
4, 601, 781, 17335702, 13, 109, 217, 10000000, 10000000, 10000000, 0.95165, 0.301937, 0, 0, 0, 69, 0, 0, 1, 1, 1, 0
109, 598, 833, 17335702, 13, 277, 230, 297, 10000000, 10000000, 0.429623, 0.322301, 0.321603, 0, 0, 69, 1, 1, 1, 1, 1, 0
109, 598, 833, 17336020, 14, 277, 230, 297, 10000000, 10000000, 0.429608, 0.32229, 0.321592, 0, 0, 69, 1, 1, 1, 1, 1, 0
80, 769, 998, 17336339, 15, 10000000, 10000000, 10000000, 10000000, 10000000, 0, 0, 0, 0, 0, 69, 1, 1, 1, 1, 1, 0
1, 835, 1001, 17336339, 15, 80, 10000000, 10000000, 10000000, 10000000, 1, 0, 0, 0, 0, 69, 0, 1, 1, 1, 1, 0
216, 507, 201, 17337791, 7, 88, 86, 131, 194, 266, 1, 0.843717, 0.966619, 0.947335, 1, 69, 1, 0, 0, 0, 0, 0
266, 539, 201, 17337791, 7, 86, 88, 102, 131, 194, 1, 1, 0.752591, 1, 1, 69, 0, 1, 0, 0, 0, 0
112, 547, 198, 17337791, 7, 47, 249, 86, 194, 88, 1, 1, 1, 0.867291, 1, 69, 0, 0, 0, 0, 1, 0
88, 588, 198, 17337792, 7, 187, 102, 47, 194, 249, 1, 1, 1, 1, 0.861943, 69, 0, 0, 0, 0, 0, 0
47, 598, 223, 17338110, 8, 187, 21, 85, 53, 10000000, 1, 0.36155, 0.24075, 0.214331, 0, 69, 0, 0, 0, 0, 1, 0
187, 598, 267, 17338110, 8, 85, 21, 124, 114, 138, 0.753121, 0.428629, 0.240273, 0.214656, 0.214966, 69, 0, 0, 0, 0, 0, 0
194, 678, 201, 17338110, 8, 102, 44, 274, 227, 120, 1, 0.963566, 0.752156, 0.537176, 0.430503, 69, 0, 1, 1, 0, 0, 0
249, 701, 201, 17338110, 8, 44, 227, 274, 120, 58, 0.84312, 0.752046, 0.859607, 0.538129, 0.428771, 69, 1, 0, 0, 0, 0, 0
102, 779, 198, 17338110, 8, 274, 40, 44, 227, 10000000, 1, 1, 1, 0.21487, 0, 69, 0, 0, 1, 1, 1, 0
85, 598, 428, 17338428, 9, 21, 287, 220, 124, 19, 0.964383, 1, 1, 1, 0.321452, 69, 0, 0, 0, 0, 0, 0
124, 598, 461, 17338746, 10, 21, 287, 220, 19, 213, 1, 1, 1, 0.750029, 0.317788, 69, 0, 0, 0, 0, 0, 0
220, 598, 508, 17338747, 10, 19, 21, 185, 287, 250, 1, 1, 0.720707, 1, 0.537073, 69, 1, 0, 0, 0, 0, 0
287, 598, 541, 17338747, 10, 4, 213, 19, 185, 21, 0.965314, 0.940538, 1, 0.818763, 1, 69, 0, 0, 1, 0, 0, 0
163, 398, 871, 17339701, 13, 31, 282, 208, 176, 10000000, 1, 0.536753, 0.430541, 0.215181, 0, 69, 0, 1, 1, 0, 1, 0
31, 401, 980, 17339701, 13, 82, 10000000, 10000000, 10000000, 10000000, 0.214609, 0, 0, 0, 0, 69, 0, 1, 1, 1, 1, 0
80, 769, 998, 17340657, 16, 10000000, 10000000, 10000000, 10000000, 10000000, 0, 0, 0, 0, 0, 69, 1, 1, 1, 1, 1, 0
53, 430, 401, 17342428, 9, 24, 160, 138, 81, 114, 1, 1, 1, 0.428258, 0.429113, 69, 0, 0, 0, 0, 0, 0
138, 461, 401, 17342428, 9, 24, 81, 160, 114, 35, 1, 0.818109, 1, 0.750948, 0.644889, 69, 0, 0, 0, 0, 0, 0
44, 817, 201, 17342428, 9, 40, 10000000, 10000000, 10000000, 10000000, 0, 0, 0, 0, 0, 69, 0, 1, 1, 1, 1, 0
40, 798, 237, 17342428, 9, 58, 120, 227, 274, 87, 1, 1, 0.966468, 1, 0.430255, 69, 1, 0, 0, 0, 0, 0
274, 801, 255, 17342428, 9, 58, 120, 87, 227, 10000000, 1, 1, 0.769875, 1, 0, 69, 0, 0, 0, 0, 1, 0
160, 526, 398, 17342746, 10, 24, 118, 81, 198, 35, 1, 0.749368, 0.694432, 0.429464, 0.107478, 69, 0, 0, 0, 0, 0, 0
24, 578, 398, 17342746, 10, 124, 260, 85, 114, 118, 1, 1, 1, 0.84346, 0.863714, 69, 0, 0, 0, 0, 0, 0
227, 801, 300, 17342746, 10, 140, 87, 76, 58, 120, 1, 1, 1, 1, 1, 69, 0, 0, 0, 1, 0, 0
120, 801, 348, 17342747, 10, 140, 58, 87, 10000000, 10000000, 1, 1, 0.693123, 0, 0, 69, 0, 1, 0, 1, 1, 0
58, 801, 397, 17342747, 10, 140, 87, 76, 260, 10000000, 1, 1, 1, 1, 0, 69, 0, 0, 0, 0, 1, 0
85, 598, 428, 17343064, 11, 21, 287, 220, 124, 19, 0.963904, 1, 1, 1, 0.321292, 69, 0, 0, 0, 0, 0, 0
124, 598, 461, 17343064, 11, 21, 287, 220, 19, 213, 1, 1, 1, 0.749682, 0.317571, 69, 0, 0, 0, 0, 0, 0
118, 665, 401, 17343065, 11, 58, 260, 35, 211, 114, 1, 1, 1, 1, 1, 69, 1, 0, 0, 0, 0, 0
21, 601, 581, 17343065, 11, 263, 185, 213, 90, 19, 1, 1, 0.859452, 1, 1, 69, 0, 0, 0, 0, 1, 0
19, 598, 611, 17343065, 11, 4, 296, 263, 213, 185, 0.964867, 0.966941, 1, 1, 1, 69, 0, 0, 0, 0, 0, 0
87, 798, 427, 17343065, 11, 140, 273, 228, 238, 125, 1, 0.430131, 0.322434, 0.751453, 0.537803, 69, 0, 1, 1, 0, 0, 0
76, 840, 401, 17343065, 11, 222, 121, 10000000, 10000000, 10000000, 0.428205, 0.214592, 0, 0, 0, 69, 1, 0, 1, 1, 1, 0
140, 798, 475, 17343065, 11, 238, 125, 37, 273, 228, 0.751453, 0.645363, 0.600456, 0.537664, 0.429912, 69, 0, 0, 0, 1, 1, 0
185, 598, 672, 17343065, 11, 4, 296, 263, 213, 294, 1, 1, 1, 1, 0.536291, 69, 0, 0, 0, 0, 1, 0
213, 598, 694, 17343065, 11, 109, 4, 296, 294, 263, 0.959533, 1, 1, 0.858065, 1, 69, 0, 0, 0, 1, 0, 0
220, 598, 508, 17343383, 12, 19, 21, 185, 287, 250, 1, 1, 0.720305, 1, 0.536806, 69, 1, 0, 0, 0, 0, 0
287, 598, 541, 17343383, 12, 4, 213, 19, 185, 21, 0.964834, 0.939719, 1, 0.818246, 1, 69, 0, 0, 1, 0, 0, 0
21, 601, 581, 17343383, 12, 263, 185, 213, 90, 19, 1, 1, 0.859334, 1, 1, 69, 0, 0, 0, 0, 1, 0
19, 598, 611, 17343383, 12, 4, 296, 263, 213, 185, 0.964834, 0.966908, 1, 1, 1, 69, 0, 0, 0, 0, 0, 0
37, 798, 636, 17343384, 12, 94, 74, 125, 238, 165, 1, 0.870676, 1, 1, 1, 69, 0, 0, 0, 0, 0, 0
90, 619, 601, 17343701, 13, 70, 84, 273, 122, 228, 1, 1, 1, 1, 1, 69, 0, 0, 0, 0, 0, 0
19, 598, 611, 17343701, 13, 4, 296, 263, 213, 185, 0.964801, 0.966875, 1, 1, 1, 69, 0, 0, 0, 0, 0, 0
185, 598, 672, 17343701, 13, 4, 296, 263, 213, 294, 1, 1, 1, 1, 0.536254, 69, 0, 0, 0, 0, 1, 0
213, 598, 694, 17343701, 13, 109, 4, 296, 294, 263, 0.95946, 1, 1, 0.858007, 1, 69, 0, 0, 0, 1, 0, 0
263, 598, 741, 17343701, 13, 109, 217, 4, 296, 294, 1, 0.859712, 1, 1, 0.965258, 69, 0, 0, 0, 0, 1, 0
296, 598, 771, 17344019, 14, 217, 109, 175, 4, 6, 0.859683, 0.963817, 0.642374, 1, 0.429657, 69, 0, 0, 0, 0, 0, 0
4, 601, 781, 17344020, 14, 109, 217, 10000000, 10000000, 10000000, 0.950396, 0.30118, 0, 0, 0, 69, 0, 0, 1, 1, 1, 0
109, 598, 833, 17344020, 14, 277, 230, 297, 10000000, 10000000, 0.429239, 0.322013, 0.321316, 0, 0, 69, 1, 1, 1, 1, 1, 0
40, 798, 236, 17350746, 10, 58, 120, 227, 274, 87, 1, 1, 0.965605, 1, 0.429871, 69, 1, 0, 0, 0, 0, 0
274, 801, 255, 17351064, 11, 58, 120, 87, 227, 10000000, 1, 1, 0.76479, 1, 0, 69, 0, 0, 0, 0, 1, 0
227, 801, 300, 17351065, 11, 140, 87, 76, 58, 120, 1, 1, 1, 1, 1, 69, 0, 0, 0, 1, 0, 0
58, 801, 397, 17351065, 11, 140, 87, 76, 260, 10000000, 1, 1, 1, 1, 0, 69, 0, 0, 0, 0, 1, 0
87, 798, 427, 17351383, 12, 140, 273, 228, 238, 125, 1, 0.429747, 0.322146, 0.750782, 0.537322, 69, 0, 1, 1, 0, 0, 0
140, 798, 475, 17351383, 12, 238, 125, 37, 273, 228, 0.750782, 0.644786, 0.599856, 0.537184, 0.429528, 69, 0, 0, 0, 1, 1, 0
165, 798, 675, 17351702, 13, 94, 225, 125, 127, 74, 1, 0.752267, 1, 0.642326, 0.641907, 69, 0, 0, 0, 0, 0, 0
238, 801, 692, 17351702, 13, 225, 74, 94, 125, 127, 1, 1, 1, 1, 0.376817, 69, 0, 0, 0, 0, 0, 0
125, 801, 734, 17351702, 13, 127, 74, 225, 94, 10000000, 1, 1, 0.819886, 1, 0, 69, 0, 0, 0, 0, 1, 0
94, 801, 774, 17351702, 13, 127, 74, 225, 51, 69, 1, 0.939717, 0.644801, 0.760994, 0.188159, 69, 0, 0, 0, 0, 0, 0
74, 798, 826, 17352020, 14, 69, 127, 225, 10000000, 10000000, 1, 1, 1, 0, 0, 69, 0, 0, 0, 1, 1, 0
127, 801, 931, 17352021, 14, 69, 10000000, 10000000, 10000000, 10000000, 1, 0, 0, 0, 0, 69, 0, 1, 1, 1, 1, 0
228, 705, 601, 17356019, 14, 238, 125, 84, 273, 94, 0.85761, 0.537054, 1, 1, 0.428214, 69, 0, 0, 0, 0, 0, 0
122, 728, 598, 17356019, 14, 70, 84, 273, 183, 10000000, 1, 1, 1, 0.865679, 0, 69, 0, 0, 0, 0, 1, 0
211, 716, 401, 17359383, 12, 76, 260, 35, 10000000, 10000000, 0.962915, 1, 1, 0, 0, 69, 0, 0, 0, 1, 1, 0
114, 729, 398, 17359383, 12, 58, 260, 76, 35, 211, 1, 1, 0.923816, 1, 1, 69, 1, 0, 0, 0, 0, 0
260, 746, 401, 17359383, 12, 87, 140, 76, 10000000, 10000000, 1, 0.320927, 0.840041, 0, 0, 69, 0, 0, 0, 1, 1, 0
35, 770, 398, 17359383, 12, 87, 76, 260, 10000000, 10000000, 1, 1, 1, 0, 0, 69, 0, 0, 0, 1, 1, 0
58, 801, 397, 17359383, 12, 140, 87, 76, 260, 10000000, 1, 1, 1, 1, 0, 69, 0, 0, 0, 0, 1, 0
87, 798, 427, 17359701, 13, 140, 273, 228, 238, 125, 1, 0.429363, 0.321858, 0.750113, 0.536842, 69, 0, 1, 1, 0, 0, 0
76, 840, 401, 17359701, 13, 222, 121, 10000000, 10000000, 10000000, 0.427444, 0.21421, 0, 0, 0, 69, 1, 0, 1, 1, 1, 0
260, 746, 401, 17359701, 13, 87, 140, 76, 10000000, 10000000, 1, 0.320916, 0.840009, 0, 0, 69, 0, 0, 0, 1, 1, 0
140, 798, 474, 17359701, 13, 238, 125, 37, 273, 228, 0.750113, 0.644211, 0.599258, 0.536704, 0.429144, 69, 0, 0, 0, 1, 1, 0
37, 798, 636, 17360020, 14, 94, 74, 125, 238, 165, 1, 0.864416, 1, 1, 1, 69, 0, 0, 0, 0, 0, 0
227, 801, 301, 17363383, 12, 140, 87, 76, 58, 120, 1, 1, 1, 1, 1, 69, 0, 0, 0, 1, 0, 0
120, 801, 348, 17363383, 12, 140, 58, 87, 10000000, 10000000, 1, 1, 0.689834, 0, 0, 69, 0, 1, 0, 1, 1, 0
58, 801, 397, 17367701, 13, 140, 87, 76, 260, 10000000, 1, 1, 1, 1, 0, 69, 0, 0, 0, 0, 1, 0
87, 798, 427, 17367701, 13, 140, 273, 228, 238, 125, 1, 0.428995, 0.321582, 0.749471, 0.536381, 69, 0, 1, 1, 0, 0, 0
140, 798, 474, 17367701, 13, 238, 125, 37, 273, 228, 0.749471, 0.643658, 0.598684, 0.536243, 0.428776, 69, 0, 0, 0, 1, 1, 0
238, 801, 692, 17368020, 14, 225, 74, 94, 125, 127, 1, 1, 1, 1, 0.375662, 69, 0, 0, 0, 0, 0, 0
273, 743, 601, 17368337, 15, 238, 125, 94, 37, 70, 0.963539, 0.750883, 0.641475, 0.747383, 0.964249, 69, 0, 0, 0, 0, 0, 0
183, 856, 601, 17368338, 15, 70, 139, 54, 10000000, 10000000, 1, 0.428418, 0.214151, 0, 0, 69, 0, 0, 0, 1, 1, 0
125, 801, 734, 17368338, 15, 127, 74, 225, 94, 10000000, 1, 1, 0.818026, 1, 0, 69, 0, 0, 0, 0, 1, 0
140, 798, 474, 17376019, 14, 238, 125, 37, 273, 228, 0.748804, 0.643084, 0.598089, 0.535766, 0.428394, 69, 0, 0, 0, 1, 1, 0
37, 798, 636, 17376656, 16, 94, 74, 125, 238, 165, 1, 0.858245, 1, 1, 1, 69, 0, 0, 0, 0, 0, 0
70, 828, 601, 17376656, 16, 139, 10000000, 10000000, 10000000, 10000000, 0.214019, 0, 0, 0, 0, 69, 0, 1, 1, 1, 1, 0
94, 801, 774, 17380656, 16, 127, 74, 225, 51, 69, 1, 0.934631, 0.642801, 0.744588, 0.187139, 69, 0, 0, 0, 0, 0, 0
74, 798, 826, 17380656, 16, 69, 127, 225, 10000000, 10000000, 1, 1, 1, 0, 0, 69, 0, 0, 0, 1, 1, 0
225, 801, 897, 17384975, 17, 69, 127, 10000000, 10000000, 10000000, 1, 1, 0, 0, 0, 69, 0, 0, 1, 1, 1, 0
127, 801, 931, 17384975, 17, 69, 10000000, 10000000, 10000000, 10000000, 1, 0, 0, 0, 0, 69, 0, 1, 1, 1, 1, 0
212, 201, 100, 18299999, 1, 56, 13, 98, 117, 267, 1, 1, 1, 1, 0.430879, 140, 1, 1, 0, 0, 0, 0
117, 201, 146, 18300200, 2, 259, 267, 13, 226, 56, 1, 1, 1, 0.755648, 1, 140, 0, 0, 1, 0, 1, 0
98, 201, 167, 18300200, 2, 226, 267, 174, 206, 126, 0.965985, 1, 1, 0.879833, 0.608027, 140, 0, 0, 0, 0, 0, 0
56, 189, 198, 18300200, 2, 178, 264, 153, 206, 267, 1, 0.788128, 0.753355, 1, 1, 140, 0, 0, 0, 0, 0, 1
13, 198, 209, 18300200, 2, 218, 126, 178, 23, 226, 1, 1, 1, 0.968267, 1, 140, 0, 0, 0, 0, 0, 0
267, 201, 279, 18300200, 2, 23, 18, 153, 126, 226, 1, 1, 0.430488, 1, 1, 140, 1, 1, 0, 0, 0, 0
178, 252, 201, 18300518, 3, 268, 116, 292, 27, 221, 0.970117, 1, 1, 1, 0.864185, 140, 0, 0, 0, 1, 0, 1
267, 201, 279, 18300518, 3, 23, 18, 153, 126, 226, 1, 1, 0.430474, 1, 1, 140, 1, 1, 0, 0, 0, 0
206, 198, 288, 18300518, 3, 23, 18, 265, 126, 259, 1, 1, 0.968451, 1, 1, 140, 1, 1, 0, 0, 0, 1
264, 331, 201, 18300518, 3, 216, 221, 268, 292, 49, 1, 0.972208, 1, 1, 1, 140, 0, 0, 0, 0, 0, 0
292, 436, 198, 18300837, 4, 86, 112, 88, 221, 268, 1, 1, 0.861726, 1, 1, 140, 1, 0, 1, 0, 0, 1
268, 473, 198, 18309155, 5, 47, 86, 112, 88, 266, 1, 1, 1, 0.860955, 0.942035, 140, 1, 1, 0, 1, 0, 0
221, 505, 198, 18309155, 5, 47, 86, 112, 88, 266, 1, 1, 1, 0.860955, 0.964438, 140, 1, 1, 0, 1, 0, 0
112, 561, 198, 18309155, 5, 249, 194, 47, 86, 88, 1, 0.915361, 1, 1, 1, 140, 0, 0, 1, 1, 1, 0
88, 592, 198, 18309155, 5, 131, 102, 187, 194, 249, 0.966758, 0.911063, 1, 1, 0.911382, 140, 0, 0, 0, 0, 0, 0
86, 611, 201, 18309155, 5, 102, 131, 249, 187, 295, 1, 1, 1, 1, 0.85955, 140, 0, 0, 0, 0, 1, 1
187, 598, 253, 18309473, 6, 85, 21, 124, 10000000, 10000000, 0.724127, 0.323661, 0.215164, 0, 0, 140, 0, 0, 0, 1, 1, 0
249, 690, 201, 18309473, 6, 102, 44, 274, 227, 295, 1, 0.86264, 0.752971, 0.645297, 1, 140, 1, 1, 0, 0, 0, 0
131, 742, 198, 18309474, 6, 44, 102, 274, 295, 40, 1, 1, 0.537837, 0.859521, 0, 140, 1, 1, 1, 0, 0, 0
102, 787, 198, 18309474, 6, 120, 227, 274, 40, 44, 1, 1, 1, 1, 1, 140, 0, 0, 0, 0, 1, 1
44, 810, 201, 18309792, 7, 274, 40, 10000000, 10000000, 10000000, 1, 1, 0, 0, 0, 140, 0, 0, 1, 1, 1, 0
40, 798, 224, 18309792, 7, 87, 58, 120, 227, 274, 1, 1, 1, 0.967913, 1, 140, 1, 1, 0, 0, 0, 0
274, 801, 268, 18309792, 7, 140, 58, 120, 227, 87, 1, 1, 1, 1, 0.441253, 140, 0, 1, 0, 0, 0, 0
227, 801, 314, 18309792, 7, 140, 87, 58, 120, 76, 1, 1, 1, 1, 0.770914, 140, 0, 1, 1, 0, 0, 1
259, 198, 336, 18312836, 4, 23, 65, 18, 265, 254, 1, 0.64432, 1, 1, 1, 140, 1, 0, 1, 0, 0, 0
126, 201, 358, 18312836, 4, 23, 18, 265, 254, 186, 1, 1, 1, 1, 0.466801, 140, 1, 1, 0, 0, 0, 0
23, 201, 387, 18312836, 4, 265, 18, 254, 10000000, 10000000, 1, 1, 0.862264, 0, 0, 140, 0, 1, 0, 1, 1, 1
18, 208, 401, 18312837, 4, 45, 172, 251, 162, 255, 1, 1, 1, 1, 0.323262, 140, 0, 0, 0, 0, 1, 0
18, 208, 401, 18313155, 5, 45, 172, 251, 162, 255, 1, 1, 1, 1, 0.323251, 140, 0, 0, 0, 0, 1, 0
265, 201, 466, 18313155, 5, 251, 172, 45, 10000000, 10000000, 0.647003, 0.53971, 0.322401, 0, 0, 140, 0, 0, 0, 1, 1, 1
254, 201, 510, 18313155, 5, 45, 251, 172, 265, 10000000, 0.214934, 0.431335, 0.323826, 1, 0, 140, 0, 0, 0, 0, 1, 0
120, 801, 362, 18314110, 8, 140, 58, 87, 35, 10000000, 1, 1, 0.754774, 0, 0, 140, 0, 1, 1, 0, 1, 0
87, 798, 416, 18314111, 8, 140, 10000000, 10000000, 10000000, 10000000, 1, 0, 0, 0, 0, 140, 0, 1, 1, 1, 1, 0
85, 598, 417, 18321792, 7, 118, 81, 124, 220, 10000000, 1, 1, 1, 1, 0, 140, 0, 0, 0, 0, 1, 0
81, 622, 401, 18322110, 8, 35, 114, 260, 211, 118, 1, 1, 1, 1, 1, 140, 0, 0, 0, 0, 0, 0
124, 598, 448, 18322110, 8, 250, 10000000, 10000000, 10000000, 10000000, 0.21532, 0, 0, 0, 0, 140, 1, 1, 1, 1, 1, 0
118, 651, 401, 18322110, 8, 58, 35, 114, 260, 211, 1, 1, 1, 1, 1, 140, 1, 0, 0, 0, 0, 0
220, 598, 496, 18322110, 8, 124, 250, 122, 10000000, 10000000, 1, 0.43064, 0.215441, 0, 0, 140, 0, 0, 0, 1, 1, 0
211, 707, 401, 18322428, 9, 58, 35, 76, 114, 260, 1, 1, 0.966046, 1, 1, 140, 1, 0, 0, 0, 0, 0
260, 734, 401, 18322428, 9, 35, 87, 58, 76, 114, 1, 1, 1, 0.860588, 1, 140, 0, 1, 1, 0, 0, 0
114, 741, 398, 18322428, 9, 87, 58, 35, 76, 10000000, 1, 1, 1, 0.94466, 0, 140, 1, 1, 0, 0, 1, 0
35, 781, 398, 18322429, 9, 140, 87, 58, 10000000, 10000000, 1, 1, 1, 0, 0, 140, 0, 1, 1, 1, 1, 0
58, 801, 412, 18322429, 9, 140, 87, 10000000, 10000000, 10000000, 1, 1, 0, 0, 0, 140, 0, 1, 1, 1, 1, 0
87, 798, 416, 18322747, 10, 140, 10000000, 10000000, 10000000, 10000000, 1, 0, 0, 0, 0, 140, 0, 1, 1, 1, 1, 0
197, 152, 198, 19299999, 1, 178, 71, 174, 13, 56, 1, 1, 1, 1, 1, 87, 0, 0, 0, 1, 1, 0
56, 192, 198, 19300200, 2, 153, 218, 264, 178, 126, 0.847851, 1, 0.881512, 1, 1, 87, 0, 0, 0, 0, 0, 0
13, 199, 204, 19300200, 2, 264, 218, 18, 126, 226, 1, 1, 1, 1, 1, 87, 0, 0, 1, 0, 0, 0
174, 198, 228, 19300200, 2, 23, 126, 259, 226, 267, 1, 1, 1, 0.96965, 1, 87, 1, 0, 0, 0, 0, 1
71, 219, 201, 19300200, 2, 292, 27, 153, 264, 218, 0.972495, 1, 1, 1, 1, 87, 0, 1, 0, 0, 0, 0
178, 240, 201, 19300200, 2, 116, 292, 48, 27, 268, 1, 0.972495, 1, 0.969886, 0.86349, 87, 0, 0, 1, 1, 0, 1
27, 391, 198, 19300518, 3, 266, 221, 268, 292, 256, 1, 1, 1, 1, 1, 87, 0, 0, 0, 0, 0, 0
48, 401, 190, 19300518, 3, 91, 88, 266, 221, 268, 1, 1, 1, 1, 1, 87, 1, 1, 0, 0, 0, 1
267, 201, 293, 19308518, 3, 23, 18, 153, 126, 226, 1, 1, 0.322367, 1, 1, 87, 1, 1, 0, 0, 0, 0
226, 201, 317, 19308518, 3, 23, 18, 126, 265, 10000000, 1, 1, 1, 0.539182, 0, 87, 1, 1, 0, 0, 1, 0
126, 201, 371, 19308518, 3, 18, 23, 10000000, 10000000, 10000000, 1, 1, 0, 0, 0, 87, 1, 1, 1, 1, 1, 1
268, 485, 198, 19308837, 4, 194, 86, 47, 91, 112, 1, 1, 1, 1, 1, 87, 0, 1, 1, 1, 0, 0
266, 516, 201, 19308837, 4, 194, 131, 86, 91, 88, 0.963322, 0.862556, 1, 1, 1, 87, 0, 0, 1, 1, 1, 1
221, 518, 198, 19308837, 4, 86, 47, 91, 112, 88, 1, 1, 1, 1, 0.860042, 87, 1, 1, 1, 0, 1, 0
23, 201, 392, 19312836, 4, 172, 251, 162, 18, 10000000, 1, 1, 1, 1, 0, 87, 0, 0, 0, 1, 1, 0
18, 208, 401, 19312836, 4, 41, 45, 172, 251, 162, 1, 1, 1, 1, 1, 87, 1, 1, 0, 0, 0, 1
162, 272, 401, 19313154, 5, 41, 45, 53, 172, 138, 1, 1, 0.962783, 1, 0.875079, 87, 1, 1, 1, 0, 0, 0
251, 334, 398, 19313155, 5, 138, 53, 41, 45, 172, 1, 1, 1, 1, 1, 87, 0, 1, 1, 1, 0, 0
45, 391, 398, 19313155, 5, 138, 53, 160, 41, 24, 0.823676, 1, 0.539214, 1, 0.36119, 87, 0, 1, 0, 1, 1, 1
88, 593, 200, 19317155, 5, 131, 194, 249, 187, 102, 0.969506, 1, 0.930297, 1, 0.697536, 87, 0, 0, 0, 0, 0, 0
91, 601, 201, 19317155, 5, 131, 249, 194, 86, 187, 1, 1, 1, 1, 0.936929, 87, 0, 0, 0, 1, 0, 0
86, 608, 201, 19317155, 5, 131, 102, 249, 194, 295, 1, 0.969545, 1, 1, 0.755244, 87, 0, 0, 0, 0, 1, 1
41, 401, 403, 19317473, 6, 85, 160, 138, 53, 10000000, 1, 1, 0.770415, 1, 0, 87, 1, 0, 0, 1, 1, 0
53, 411, 401, 19317473, 6, 85, 160, 24, 138, 81, 1, 0.970134, 0.86055, 1, 0.274947, 87, 1, 0, 0, 0, 0, 0
138, 435, 401, 19317473, 6, 24, 160, 81, 187, 114, 1, 1, 0.751958, 0.240981, 0.538717, 87, 1, 0, 0, 0, 0, 1
160, 548, 398, 19317473, 6, 35, 260, 118, 85, 124, 1, 0.772765, 0.906568, 1, 1, 87, 1, 0, 0, 1, 0, 1
194, 657, 201, 19325473, 6, 102, 44, 295, 131, 270, 1, 0.964606, 1, 1, 0.858306, 87, 1, 1, 0, 0, 0, 0
249, 678, 201, 19325473, 6, 102, 44, 131, 295, 274, 1, 0.751598, 1, 1, 0.646648, 87, 1, 1, 0, 0, 0, 0
102, 791, 198, 19325474, 6, 120, 227, 274, 40, 44, 1, 1, 1, 1, 1, 87, 0, 0, 0, 1, 1, 1
85, 598, 410, 19325792, 7, 114, 211, 118, 81, 10000000, 1, 1, 1, 1, 0, 87, 0, 0, 0, 1, 1, 0
124, 598, 435, 19325792, 7, 81, 85, 10000000, 10000000, 10000000, 1, 1, 0, 0, 0, 87, 1, 1, 1, 1, 1, 0
118, 637, 401, 19325792, 7, 87, 35, 114, 260, 58, 1, 1, 1, 1, 0.87065, 87, 1, 1, 0, 0, 1, 0
40, 798, 211, 19329792, 7, 58, 120, 87, 227, 274, 1, 1, 0.927873, 0.964473, 1, 87, 0, 0, 1, 0, 0, 0
44, 807, 201, 19329792, 7, 58, 227, 274, 40, 10000000, 1, 1, 1, 1, 0, 87, 0, 0, 0, 1, 1, 0
274, 801, 282, 19329792, 7, 58, 120, 227, 140, 87, 0.969834, 1, 1, 0.775008, 0.608592, 87, 1, 0, 0, 0, 1, 0
227, 801, 328, 19329792, 7, 87, 58, 120, 140, 76, 1, 1, 1, 1, 0.431563, 87, 1, 0, 0, 0, 0, 0
260, 722, 401, 19334110, 8, 87, 35, 76, 58, 114, 1, 1, 0.968485, 0.867508, 1, 87, 1, 1, 0, 1, 0, 0
120, 801, 376, 19334110, 8, 35, 58, 76, 87, 10000000, 1, 1, 1, 0.791189, 0, 87, 1, 0, 0, 1, 1, 0
58, 801, 427, 19334110, 8, 87, 35, 10000000, 10000000, 10000000, 1, 1, 0, 0, 0, 87, 1, 1, 1, 1, 1, 0
35, 788, 398, 19338429, 9, 87, 10000000, 10000000, 10000000, 10000000, 1, 0, 0, 0, 0, 87, 1, 1, 1, 1, 1, 0
85, 598, 410, 19342110, 8, 114, 211, 118, 81, 10000000, 1, 1, 1, 1, 0, 87, 0, 0, 0, 1, 1, 0
81, 613, 401, 19342110, 8, 35, 114, 260, 211, 118, 1, 1, 1, 1, 1, 87, 0, 0, 0, 0, 0, 0
118, 637, 401, 19342428, 9, 87, 35, 114, 260, 58, 1, 1, 1, 1, 0.86439, 87, 1, 1, 0, 0, 1, 0
211, 698, 401, 19342428, 9, 87, 35, 76, 114, 58, 1, 1, 0.967619, 1, 0.86439, 87, 1, 1, 0, 0, 1, 0
260, 722, 401, 19342428, 9, 87, 35, 76, 58, 114, 1, 1, 0.967619, 0.86439, 1, 87, 1, 1, 0, 1, 0, 0
114, 754, 398, 19342428, 9, 87, 35, 58, 76, 10000000, 1, 1, 1, 0.950433, 0, 87, 1, 1, 0, 0, 1, 0
40, 798, 211, 19346110, 8, 58, 120, 87, 227, 274, 1, 1, 0.924374, 0.96258, 1, 87, 0, 0, 1, 0, 0, 0
274, 801, 282, 19346110, 8, 58, 120, 227, 140, 87, 0.968131, 1, 1, 0.765329, 0.605585, 87, 1, 0, 0, 0, 1, 0
227, 801, 329, 19346110, 8, 87, 58, 120, 140, 76, 1, 1, 1, 1, 0.428545, 87, 1, 0, 0, 0, 0, 0
120, 801, 376, 19350428, 9, 35, 58, 76, 87, 10000000, 1, 1, 1, 0.789152, 0, 87, 1, 0, 0, 1, 1, 0
58, 801, 427, 19350428, 9, 87, 35, 10000000, 10000000, 10000000, 1, 1, 0, 0, 0, 87, 1, 1, 1, 1, 1, 0
140, 798, 454, 19350429, 9, 87, 35, 58, 120, 260, 1, 1, 0.955158, 1, 0.359643, 87, 1, 1, 0, 0, 1, 0
35, 788, 398, 19354747, 10, 87, 10000000, 10000000, 10000000, 10000000, 1, 0, 0, 0, 0, 87, 1, 1, 1, 1, 1, 0
260, 722, 401, 19358746, 10, 87, 35, 76, 58, 114, 1, 1, 0.965925, 0.858336, 1, 87, 1, 1, 0, 1, 0, 0
114, 754, 398, 19358746, 10, 87, 35, 58, 76, 10000000, 1, 1, 1, 0.947983, 0, 87, 1, 1, 0, 0, 1, 0
35, 788, 398, 19358746, 10, 87, 10000000, 10000000, 10000000, 10000000, 1, 0, 0, 0, 0, 87, 1, 1, 1, 1, 1, 0
