source_x,source_y,recv_x,recv_y,time,recv_priority,hopcount,recv_id,source_id,destination_id,destination_x,destination_y,pri_1,pri_2,pri_3,pri_4,pri_5
8, -1, 1, 41, 10300200, 4, 1, 161, 347, 451, 587, 801, 11, 8, 38, 161, 151
8, -1, 79, -1, 10300200, 2, 1, 8, 347, 451, 587, 801, 11, 8, 38, 161, 151
8, -1, 1, 81, 10300200, 1, 1, 11, 347, 451, 587, 801, 11, 8, 38, 161, 151
8, -1, 108, 1, 10300200, 3, 1, 38, 347, 451, 587, 801, 11, 8, 38, 161, 151
8, -1, 157, 1, 10300200, 5, 1, 151, 347, 451, 587, 801, 11, 8, 38, 161, 151
1, 81, 1, 212, 10300805, 5, 2, 489, 11, 451, 587, 801, 364, 436, 405, 448, 489
79, -1, 181, 1, 10304805, 5, 2, 274, 8, 451, 587, 801, 448, 425, 436, 364, 274
79, -1, 187, 1, 10304805, 4, 2, 364, 8, 451, 587, 801, 448, 425, 436, 364, 274
79, -1, 187, 1, 10304805, 3, 2, 436, 8, 451, 587, 801, 448, 425, 436, 364, 274
79, -1, 201, 12, 10304805, 2, 2, 425, 8, 451, 587, 801, 448, 425, 436, 364, 274
79, -1, 212, -1, 10304805, 1, 2, 448, 8, 451, 587, 801, 448, 425, 436, 364, 274
212, -1, 201, 49, 10305410, 3, 3, 124, 448, 451, 587, 801, 62, 98, 124, 7, 150
212, -1, 280, -1, 10305410, 4, 3, 7, 448, 451, 587, 801, 62, 98, 124, 7, 150
212, -1, 318, 1, 10305411, 1, 3, 62, 448, 451, 587, 801, 62, 98, 124, 7, 150
212, -1, 353, 1, 10305411, 5, 3, 150, 448, 451, 587, 801, 62, 98, 124, 7, 150
318, 1, 401, 12, 10306016, 4, 4, 341, 62, 451, 587, 801, 292, 466, 413, 341, 258
318, 1, 401, 12, 10306016, 3, 4, 413, 62, 451, 587, 801, 292, 466, 413, 341, 258
318, 1, 401, 12, 10306016, 2, 4, 466, 62, 451, 587, 801, 292, 466, 413, 341, 258
318, 1, 401, 19, 10306016, 5, 4, 258, 62, 451, 587, 801, 292, 466, 413, 341, 258
401, 12, 401, 41, 10310621, 4, 5, 159, 466, 451, 587, 801, 418, 264, 100, 159, 48
401, 12, 401, 79, 10310621, 5, 5, 48, 466, 451, 587, 801, 418, 264, 100, 159, 48
401, 12, 398, 115, 10310621, 3, 5, 100, 466, 451, 587, 801, 418, 264, 100, 159, 48
401, 12, 398, 178, 10310621, 2, 5, 264, 466, 451, 587, 801, 418, 264, 100, 159, 48
401, 12, 398, 187, 10310621, 1, 5, 418, 466, 451, 587, 801, 418, 264, 100, 159, 48
398, 187, 450, 198, 10311227, 4, 6, 117, 418, 451, 587, 801, 438, 41, 118, 117, 116
398, 187, 401, 245, 10311227, 3, 6, 118, 418, 451, 587, 801, 438, 41, 118, 117, 116
398, 187, 401, 288, 10311227, 2, 6, 41, 418, 451, 587, 801, 438, 41, 118, 117, 116
398, 187, 398, 348, 10311227, 5, 6, 116, 418, 451, 587, 801, 438, 41, 118, 117, 116
201, 49, 201, 76, 10314015, 1, 4, 98, 124, 451, 587, 801, 98, 253, 365, 60, 133
201, 49, 198, 105, 10314016, 4, 4, 60, 124, 451, 587, 801, 98, 253, 365, 60, 133
201, 49, 198, 187, 10314016, 3, 4, 365, 124, 451, 587, 801, 98, 253, 365, 60, 133
201, 76, 198, 153, 10314621, 5, 5, 200, 98, 451, 587, 801, 23, 253, 365, 267, 200
201, 76, 198, 179, 10314621, 4, 5, 267, 98, 451, 587, 801, 23, 253, 365, 267, 200
201, 76, 198, 187, 10314621, 3, 5, 365, 98, 451, 587, 801, 23, 253, 365, 267, 200
201, 76, 201, 218, 10314621, 2, 5, 253, 98, 451, 587, 801, 23, 253, 365, 267, 200
401, 288, 398, 373, 10315832, 1, 7, 228, 41, 451, 587, 801, 228, 388, 324, 438, 317
401, 288, 398, 387, 10315832, 3, 7, 324, 41, 451, 587, 801, 228, 388, 324, 438, 317
401, 288, 401, 412, 10315832, 2, 7, 388, 41, 451, 587, 801, 228, 388, 324, 438, 317
401, 288, 401, 416, 10315832, 5, 7, 317, 41, 451, 587, 801, 228, 388, 324, 438, 317
398, 373, 401, 412, 10316437, 5, 8, 470, 228, 451, 587, 801, 104, 218, 317, 480, 470
398, 373, 401, 412, 10316437, 4, 8, 480, 228, 451, 587, 801, 104, 218, 317, 480, 470
398, 373, 401, 416, 10316437, 3, 8, 317, 228, 451, 587, 801, 104, 218, 317, 480, 470
398, 373, 401, 431, 10316437, 2, 8, 218, 228, 451, 587, 801, 104, 218, 317, 480, 470
398, 373, 401, 467, 10316437, 1, 8, 104, 228, 451, 587, 801, 104, 218, 317, 480, 470
401, 467, 398, 533, 10317043, 2, 9, 115, 104, 451, 587, 801, 224, 115, 155, 79, 10000000
401, 467, 398, 567, 10317043, 1, 9, 224, 104, 451, 587, 801, 224, 115, 155, 79, 10000000
401, 467, 401, 637, 10317043, 3, 9, 155, 104, 451, 587, 801, 224, 115, 155, 79, 10000000
1, 212, 1, 247, 10317410, 3, 3, 177, 489, 451, 587, 801, 32, 56, 177, 217, 369
1, 212, 45, 198, 10317410, 4, 3, 217, 489, 451, 587, 801, 32, 56, 177, 217, 369
1, 212, 1, 281, 10317410, 1, 3, 32, 489, 451, 587, 801, 32, 56, 177, 217, 369
1, 212, -1, 387, 10317411, 5, 3, 369, 489, 451, 587, 801, 32, 56, 177, 217, 369
398, 567, 401, 638, 10317648, 2, 10, 155, 224, 451, 587, 801, 79, 155, 312, 163, 96
1, 281, -1, 319, 10318016, 4, 4, 64, 32, 451, 587, 801, 369, 286, 175, 64, 192
1, 281, -1, 355, 10318016, 3, 4, 175, 32, 451, 587, 801, 369, 286, 175, 64, 192
1, 281, -1, 380, 10318016, 2, 4, 286, 32, 451, 587, 801, 369, 286, 175, 64, 192
1, 281, -1, 387, 10318016, 1, 4, 369, 32, 451, 587, 801, 369, 286, 175, 64, 192
-1, 387, 1, 446, 10318621, 5, 5, 192, 369, 451, 587, 801, 476, 110, 43, 50, 192
-1, 387, 60, 398, 10318621, 2, 5, 110, 369, 451, 587, 801, 476, 110, 43, 50, 192
-1, 387, 1, 474, 10318621, 3, 5, 43, 369, 451, 587, 801, 476, 110, 43, 50, 192
-1, 387, -1, 519, 10318621, 4, 5, 50, 369, 451, 587, 801, 476, 110, 43, 50, 192
201, 218, 201, 245, 10319226, 4, 6, 133, 253, 451, 587, 801, 472, 23, 234, 133, 194
201, 218, 201, 285, 10319226, 2, 6, 23, 253, 451, 587, 801, 472, 23, 234, 133, 194
201, 218, 198, 351, 10319226, 5, 6, 194, 253, 451, 587, 801, 472, 23, 234, 133, 194
201, 218, 198, 379, 10319226, 3, 6, 234, 253, 451, 587, 801, 472, 23, 234, 133, 194
201, 218, 201, 412, 10319227, 1, 6, 472, 253, 451, 587, 801, 472, 23, 234, 133, 194
201, 412, 201, 446, 10319832, 2, 7, 206, 472, 451, 587, 801, 65, 206, 45, 189, 113
201, 412, 248, 398, 10319832, 4, 7, 189, 472, 451, 587, 801, 65, 206, 45, 189, 113
201, 412, 201, 486, 10319832, 1, 7, 65, 472, 451, 587, 801, 65, 206, 45, 189, 113
201, 412, 198, 531, 10319832, 5, 7, 113, 472, 451, 587, 801, 65, 206, 45, 189, 113
201, 486, 198, 531, 10320437, 4, 8, 113, 65, 451, 587, 801, 319, 280, 223, 113, 67
201, 486, 198, 564, 10320437, 3, 8, 223, 65, 451, 587, 801, 319, 280, 223, 113, 67
201, 486, 198, 584, 10320437, 1, 8, 319, 65, 451, 587, 801, 319, 280, 223, 113, 67
201, 486, 201, 618, 10320437, 2, 8, 280, 65, 451, 587, 801, 319, 280, 223, 113, 67
198, 584, 201, 618, 10321042, 2, 9, 280, 319, 451, 587, 801, 107, 280, 10, 67, 299
198, 584, 201, 691, 10321042, 4, 9, 67, 319, 451, 587, 801, 107, 280, 10, 67, 299
401, 638, 401, 680, 10322253, 2, 11, 79, 155, 451, 587, 801, 108, 79, 178, 225, 96
401, 638, 398, 728, 10322253, 1, 11, 108, 155, 451, 587, 801, 108, 79, 178, 225, 96
401, 638, 398, 765, 10322253, 4, 11, 225, 155, 451, 587, 801, 108, 79, 178, 225, 96
398, 728, 401, 820, 10322859, 4, 12, 296, 108, 451, 587, 801, 393, 326, 232, 296, 308
60, 398, 121, 401, 10323226, 1, 6, 83, 110, 451, 587, 801, 83, 266, 467, 481, 421
60, 398, 179, 401, 10323226, 2, 6, 266, 110, 451, 587, 801, 83, 266, 467, 481, 421
60, 398, 187, 401, 10323226, 3, 6, 467, 110, 451, 587, 801, 83, 266, 467, 481, 421
60, 398, 201, 412, 10323226, 4, 6, 481, 110, 451, 587, 801, 83, 266, 467, 481, 421
121, 401, 201, 419, 10323831, 3, 7, 316, 83, 451, 587, 801, 45, 189, 316, 494, 486
121, 401, 248, 398, 10323832, 2, 7, 189, 83, 451, 587, 801, 45, 189, 316, 494, 486
450, 198, 587, 201, 10323832, 4, 7, 334, 117, 451, 587, 801, 291, 244, 420, 334, 114
450, 198, 587, 201, 10323832, 3, 7, 420, 117, 451, 587, 801, 291, 244, 420, 334, 114
201, 618, 198, 787, 10325648, 2, 10, 433, 280, 451, 587, 801, 376, 433, 299, 250, 107
201, 618, 201, 820, 10325648, 4, 10, 250, 280, 451, 587, 801, 376, 433, 299, 250, 107
1, 474, -1, 587, 10327226, 2, 6, 410, 43, 451, 587, 801, 461, 410, 446, 476, 488
1, 474, -1, 587, 10327226, 1, 6, 461, 43, 451, 587, 801, 461, 410, 446, 476, 488
1, 474, -1, 587, 10327226, 4, 6, 476, 43, 451, 587, 801, 461, 410, 446, 476, 488
1, 474, 1, 612, 10327227, 3, 6, 446, 43, 451, 587, 801, 461, 410, 446, 476, 488
1, 474, 1, 612, 10327227, 5, 6, 488, 43, 451, 587, 801, 461, 410, 446, 476, 488
-1, 587, 19, 598, 10327832, 4, 7, 263, 461, 451, 587, 801, 34, 135, 28, 263, 164
-1, 587, 44, 598, 10327832, 2, 7, 135, 461, 451, 587, 801, 34, 135, 28, 263, 164
-1, 587, 1, 644, 10327832, 5, 7, 164, 461, 451, 587, 801, 34, 135, 28, 263, 164
-1, 587, 1, 684, 10327832, 3, 7, 28, 461, 451, 587, 801, 34, 135, 28, 263, 164
248, 398, 387, 401, 10328437, 3, 8, 356, 189, 451, 587, 801, 443, 360, 356, 412, 283
248, 398, 412, 398, 10328437, 2, 8, 360, 189, 451, 587, 801, 443, 360, 356, 412, 283
248, 398, 412, 398, 10328437, 4, 8, 412, 189, 451, 587, 801, 443, 360, 356, 412, 283
45, 198, 112, 201, 10330016, 3, 4, 17, 217, 451, 587, 801, 408, 243, 17, 313, 160
45, 198, 181, 201, 10330016, 2, 4, 243, 217, 451, 587, 801, 408, 243, 17, 313, 160
45, 198, 201, 212, 10330016, 1, 4, 408, 217, 451, 587, 801, 408, 243, 17, 313, 160
45, 198, 218, 198, 10330016, 4, 4, 313, 217, 451, 587, 801, 408, 243, 17, 313, 160
45, 198, 243, 198, 10330016, 5, 4, 160, 217, 451, 587, 801, 408, 243, 17, 313, 160
198, 787, 220, 798, 10330253, 3, 11, 275, 433, 451, 587, 801, 3, 137, 275, 345, 250
198, 787, 201, 812, 10330253, 4, 11, 345, 433, 451, 587, 801, 3, 137, 275, 345, 250
198, 787, 201, 820, 10330253, 5, 11, 250, 433, 451, 587, 801, 3, 137, 275, 345, 250
198, 787, 247, 798, 10330253, 2, 11, 137, 433, 451, 587, 801, 3, 137, 275, 345, 250
201, 212, 201, 245, 10330621, 2, 5, 133, 408, 451, 587, 801, 23, 133, 27, 13, 234
201, 212, 201, 285, 10330621, 1, 5, 23, 408, 451, 587, 801, 23, 133, 27, 13, 234
201, 212, 198, 314, 10330621, 4, 5, 13, 408, 451, 587, 801, 23, 133, 27, 13, 234
201, 285, 198, 379, 10331226, 1, 6, 234, 23, 451, 587, 801, 234, 472, 458, 494, 316
201, 285, 198, 387, 10331226, 3, 6, 458, 23, 451, 587, 801, 234, 472, 458, 494, 316
201, 285, 198, 387, 10331226, 4, 6, 494, 23, 451, 587, 801, 234, 472, 458, 494, 316
201, 285, 201, 412, 10331227, 2, 6, 472, 23, 451, 587, 801, 234, 472, 458, 494, 316
198, 379, 187, 401, 10331832, 4, 7, 357, 234, 451, 587, 801, 65, 113, 421, 357, 467
198, 379, 187, 401, 10331832, 3, 7, 421, 234, 451, 587, 801, 65, 113, 421, 357, 467
198, 379, 187, 401, 10331832, 5, 7, 467, 234, 451, 587, 801, 65, 113, 421, 357, 467
198, 379, 201, 486, 10331832, 1, 7, 65, 234, 451, 587, 801, 65, 113, 421, 357, 467
44, 598, 79, 598, 10332437, 1, 8, 34, 135, 451, 587, 801, 34, 103, 190, 280, 10000000
44, 598, 110, 601, 10332437, 2, 8, 103, 135, 451, 587, 801, 34, 103, 190, 280, 10000000
201, 486, 198, 531, 10332437, 4, 8, 113, 65, 451, 587, 801, 319, 280, 223, 113, 67
44, 598, 157, 601, 10332437, 3, 8, 190, 135, 451, 587, 801, 34, 103, 190, 280, 10000000
201, 486, 198, 564, 10332437, 3, 8, 223, 65, 451, 587, 801, 319, 280, 223, 113, 67
201, 486, 198, 584, 10332437, 1, 8, 319, 65, 451, 587, 801, 319, 280, 223, 113, 67
587, 201, 601, 262, 10332437, 3, 8, 114, 420, 451, 587, 801, 379, 294, 114, 47, 207
587, 201, 598, 315, 10332437, 4, 8, 47, 420, 451, 587, 801, 379, 294, 114, 47, 207
587, 201, 598, 378, 10332438, 2, 8, 294, 420, 451, 587, 801, 379, 294, 114, 47, 207
79, 598, 110, 601, 10333042, 3, 9, 103, 34, 451, 587, 801, 280, 190, 103, 67, 107
79, 598, 157, 601, 10333042, 2, 9, 190, 34, 451, 587, 801, 280, 190, 103, 67, 107
198, 584, 201, 618, 10333042, 2, 9, 280, 319, 451, 587, 801, 107, 280, 10, 67, 299
412, 398, 401, 431, 10333042, 5, 9, 218, 360, 451, 587, 801, 104, 368, 145, 24, 218
412, 398, 401, 467, 10333042, 1, 9, 104, 360, 451, 587, 801, 104, 368, 145, 24, 218
412, 398, 486, 398, 10333042, 4, 9, 24, 360, 451, 587, 801, 104, 368, 145, 24, 218
198, 584, 201, 691, 10333042, 4, 9, 67, 319, 451, 587, 801, 107, 280, 10, 67, 299
198, 584, 198, 712, 10333043, 3, 9, 10, 319, 451, 587, 801, 107, 280, 10, 67, 299
412, 398, 601, 412, 10333043, 2, 9, 368, 360, 451, 587, 801, 104, 368, 145, 24, 218
401, 467, 398, 533, 10333648, 2, 10, 115, 104, 451, 587, 801, 224, 115, 155, 79, 10000000
401, 467, 398, 567, 10333648, 1, 10, 224, 104, 451, 587, 801, 224, 115, 155, 79, 10000000
201, 691, 198, 780, 10333648, 2, 10, 299, 67, 451, 587, 801, 433, 299, 250, 376, 345
201, 691, 198, 787, 10333648, 4, 10, 376, 67, 451, 587, 801, 433, 299, 250, 376, 345
201, 691, 198, 787, 10333648, 1, 10, 433, 67, 451, 587, 801, 433, 299, 250, 376, 345
201, 691, 201, 812, 10333648, 5, 10, 345, 67, 451, 587, 801, 433, 299, 250, 376, 345
201, 691, 201, 820, 10333648, 3, 10, 250, 67, 451, 587, 801, 433, 299, 250, 376, 345
198, 787, 220, 798, 10334253, 3, 11, 275, 433, 451, 587, 801, 3, 137, 275, 345, 250
198, 787, 201, 812, 10334253, 4, 11, 345, 433, 451, 587, 801, 3, 137, 275, 345, 250
198, 787, 201, 820, 10334253, 5, 11, 250, 433, 451, 587, 801, 3, 137, 275, 345, 250
198, 787, 247, 798, 10334253, 2, 11, 137, 433, 451, 587, 801, 3, 137, 275, 345, 250
398, 567, 401, 638, 10334253, 2, 11, 155, 224, 451, 587, 801, 79, 155, 312, 163, 96
398, 567, 401, 680, 10334253, 1, 11, 79, 224, 451, 587, 801, 79, 155, 312, 163, 96
247, 798, 276, 798, 10334858, 3, 12, 3, 137, 451, 587, 801, 95, 326, 3, 216, 232
247, 798, 318, 801, 10334858, 1, 12, 95, 137, 451, 587, 801, 95, 326, 3, 216, 232
401, 680, 398, 727, 10334858, 2, 12, 108, 79, 451, 587, 801, 296, 108, 225, 31, 178
247, 798, 354, 801, 10334858, 4, 12, 216, 137, 451, 587, 801, 95, 326, 3, 216, 232
401, 680, 398, 765, 10334858, 3, 12, 225, 79, 451, 587, 801, 296, 108, 225, 31, 178
247, 798, 381, 801, 10334858, 5, 12, 232, 137, 451, 587, 801, 95, 326, 3, 216, 232
247, 798, 387, 801, 10334858, 2, 12, 326, 137, 451, 587, 801, 95, 326, 3, 216, 232
401, 680, 401, 821, 10334859, 1, 12, 296, 79, 451, 587, 801, 296, 108, 225, 31, 178
401, 680, 401, 843, 10334859, 5, 12, 178, 79, 451, 587, 801, 296, 108, 225, 31, 178
318, 801, 445, 798, 10335464, 2, 13, 182, 95, 451, 587, 801, 82, 182, 308, 296, 393
318, 801, 484, 798, 10335464, 1, 13, 82, 95, 451, 587, 801, 82, 182, 308, 296, 393
484, 798, 551, 801, 10336069, 3, 14, 142, 82, 451, 587, 801, 338, 398, 142, 478, 261
484, 798, 578, 801, 10336069, 5, 14, 261, 82, 451, 587, 801, 338, 398, 142, 478, 261
484, 798, 587, 801, 10336069, 1, 14, 338, 82, 451, 587, 801, 338, 398, 142, 478, 261
484, 798, 587, 801, 10336069, 2, 14, 398, 82, 451, 587, 801, 338, 398, 142, 478, 261
484, 798, 587, 801, 10336069, 451, 14, 451, 82, 451, 587, 801, 338, 398, 142, 478, 261
8, -1, 54, -1, 11300200, 5, 1, 154, 484, 37, 798, 711, 448, 11, 8, 449, 154
8, -1, 91, -1, 11300200, 3, 1, 8, 484, 37, 798, 711, 448, 11, 8, 449, 154
8, -1, 1, 95, 11300200, 2, 1, 11, 484, 37, 798, 711, 448, 11, 8, 449, 154
1, 95, -1, 138, 11304805, 4, 2, 166, 11, 37, 798, 711, 177, 32, 489, 166, 311
1, 95, -1, 174, 11304805, 5, 2, 311, 11, 37, 798, 711, 177, 32, 489, 166, 311
1, 95, 1, 212, 11304805, 3, 2, 489, 11, 37, 798, 711, 177, 32, 489, 166, 311
91, -1, 186, 1, 11308805, 5, 2, 364, 8, 37, 798, 711, 448, 449, 425, 436, 364
91, -1, 187, 1, 11308805, 4, 2, 436, 8, 37, 798, 711, 448, 449, 425, 436, 364
91, -1, 201, 12, 11308805, 3, 2, 425, 8, 37, 798, 711, 448, 449, 425, 436, 364
91, -1, 201, 12, 11308805, 2, 2, 449, 8, 37, 798, 711, 448, 449, 425, 436, 364
91, -1, 212, -1, 11308805, 1, 2, 448, 8, 37, 798, 711, 448, 449, 425, 436, 364
212, -1, 293, -1, 11309410, 3, 3, 7, 448, 37, 798, 711, 150, 62, 7, 124, 98
212, -1, 304, 1, 11309410, 2, 3, 62, 448, 37, 798, 711, 150, 62, 7, 124, 98
212, -1, 340, 1, 11309411, 1, 3, 150, 448, 37, 798, 711, 150, 62, 7, 124, 98
340, 1, 401, 26, 11310016, 5, 4, 258, 150, 37, 798, 711, 61, 5, 159, 157, 258
340, 1, 502, 1, 11310016, 1, 4, 61, 150, 37, 798, 711, 61, 5, 159, 157, 258
502, 1, 587, 1, 11310621, 5, 5, 423, 61, 37, 798, 711, 295, 321, 432, 374, 423
502, 1, 601, 12, 11310621, 4, 5, 374, 61, 37, 798, 711, 295, 321, 432, 374, 423
502, 1, 601, 12, 11310621, 3, 5, 432, 61, 37, 798, 711, 295, 321, 432, 374, 423
502, 1, 618, -1, 11310622, 2, 5, 321, 61, 37, 798, 711, 295, 321, 432, 374, 423
1, 212, 1, 260, 11313410, 5, 3, 177, 489, 37, 798, 711, 286, 56, 32, 217, 177
1, 212, 57, 198, 11313410, 4, 3, 217, 489, 37, 798, 711, 286, 56, 32, 217, 177
1, 212, 1, 297, 11313410, 3, 3, 32, 489, 37, 798, 711, 286, 56, 32, 217, 177
1, 212, -1, 375, 11313411, 1, 3, 286, 489, 37, 798, 711, 286, 56, 32, 217, 177
-1, 375, -1, 386, 11314016, 2, 4, 369, 286, 37, 798, 711, 361, 369, 476, 414, 164
618, -1, 787, 1, 11315227, 3, 6, 336, 321, 37, 798, 711, 91, 352, 336, 482, 463
618, -1, 787, 1, 11315227, 5, 6, 463, 321, 37, 798, 711, 91, 352, 336, 482, 463
618, -1, 787, 1, 11315227, 4, 6, 482, 321, 37, 798, 711, 91, 352, 336, 482, 463
-1, 386, 38, 398, 11318621, 3, 5, 222, 369, 37, 798, 711, 110, 202, 222, 43, 50
-1, 386, 1, 488, 11318621, 4, 5, 43, 369, 37, 798, 711, 110, 202, 222, 43, 50
-1, 386, -1, 508, 11318621, 5, 5, 50, 369, 37, 798, 711, 110, 202, 222, 43, 50
-1, 386, -1, 543, 11318621, 2, 5, 202, 369, 37, 798, 711, 110, 202, 222, 43, 50
-1, 543, -1, 587, 11323226, 5, 6, 476, 202, 37, 798, 711, 488, 446, 414, 349, 476
-1, 543, 1, 612, 11323227, 3, 6, 414, 202, 37, 798, 711, 488, 446, 414, 349, 476
-1, 543, 1, 612, 11323227, 2, 6, 446, 202, 37, 798, 711, 488, 446, 414, 349, 476
-1, 543, 1, 612, 11323227, 1, 6, 488, 202, 37, 798, 711, 488, 446, 414, 349, 476
-1, 543, 1, 612, 11323227, 4, 6, 349, 202, 37, 798, 711, 488, 446, 414, 349, 476
1, 612, 25, 598, 11323832, 3, 7, 263, 488, 37, 798, 711, 34, 135, 263, 28, 164
1, 612, 1, 655, 11323832, 5, 7, 164, 488, 37, 798, 711, 34, 135, 263, 28, 164
1, 612, 55, 598, 11323832, 2, 7, 135, 488, 37, 798, 711, 34, 135, 263, 28, 164
1, 612, 1, 699, 11323832, 4, 7, 28, 488, 37, 798, 711, 34, 135, 263, 28, 164
787, 1, 798, 103, 11323832, 3, 7, 75, 336, 37, 798, 711, 429, 210, 75, 254, 237
787, 1, 801, 212, 11323833, 1, 7, 429, 336, 37, 798, 711, 429, 210, 75, 254, 237
801, 212, 801, 226, 11324438, 4, 8, 254, 429, 37, 798, 711, 58, 127, 40, 254, 111
801, 212, 801, 259, 11324438, 2, 8, 127, 429, 37, 798, 711, 58, 127, 40, 254, 111
801, 212, 801, 304, 11324438, 1, 8, 58, 429, 37, 798, 711, 58, 127, 40, 254, 111
801, 304, 798, 310, 11325043, 3, 9, 40, 58, 37, 798, 711, 87, 188, 40, 111, 10000000
801, 304, 798, 349, 11325043, 2, 9, 188, 58, 37, 798, 711, 87, 188, 40, 111, 10000000
801, 304, 801, 481, 11325044, 4, 9, 111, 58, 37, 798, 711, 87, 188, 40, 111, 10000000
57, 198, 97, 198, 11326016, 2, 4, 56, 217, 37, 798, 711, 408, 56, 243, 17, 335
57, 198, 98, 201, 11326016, 4, 4, 17, 217, 37, 798, 711, 408, 56, 243, 17, 335
57, 198, 201, 213, 11326016, 5, 4, 335, 217, 37, 798, 711, 408, 56, 243, 17, 335
401, 26, 401, 53, 11326621, 5, 5, 159, 258, 37, 798, 711, 465, 48, 100, 139, 159
401, 26, 401, 92, 11326621, 2, 5, 48, 258, 37, 798, 711, 465, 48, 100, 139, 159
401, 26, 398, 100, 11326621, 3, 5, 100, 258, 37, 798, 711, 465, 48, 100, 139, 159
38, 398, 72, 398, 11327226, 4, 6, 110, 222, 37, 798, 711, 472, 158, 83, 110, 467
38, 398, 109, 401, 11327226, 3, 6, 83, 222, 37, 798, 711, 472, 158, 83, 110, 467
38, 398, 144, 401, 11327226, 2, 6, 158, 222, 37, 798, 711, 472, 158, 83, 110, 467
38, 398, 201, 412, 11327226, 1, 6, 472, 222, 37, 798, 711, 472, 158, 83, 110, 467
201, 412, 201, 459, 11327832, 5, 7, 206, 472, 37, 798, 711, 223, 189, 45, 65, 206
201, 412, 261, 398, 11327832, 2, 7, 189, 472, 37, 798, 711, 223, 189, 45, 65, 206
201, 412, 201, 499, 11327832, 4, 7, 65, 472, 37, 798, 711, 223, 189, 45, 65, 206
201, 412, 198, 554, 11327832, 1, 7, 223, 472, 37, 798, 711, 223, 189, 45, 65, 206
55, 598, 91, 598, 11328437, 2, 8, 34, 135, 37, 798, 711, 280, 34, 103, 190, 10000000
55, 598, 95, 601, 11328437, 3, 8, 103, 135, 37, 798, 711, 280, 34, 103, 190, 10000000
55, 598, 146, 601, 11328437, 4, 8, 190, 135, 37, 798, 711, 280, 34, 103, 190, 10000000
198, 554, 201, 706, 11328437, 5, 8, 67, 223, 37, 798, 711, 185, 299, 433, 107, 67
798, 349, 812, 398, 11329648, 5, 10, 387, 188, 37, 798, 711, 111, 469, 407, 328, 387
798, 349, 787, 401, 11329648, 3, 10, 407, 188, 37, 798, 711, 111, 469, 407, 328, 387
798, 349, 787, 401, 11329648, 2, 10, 469, 188, 37, 798, 711, 111, 469, 407, 328, 387
798, 349, 787, 401, 11329648, 4, 10, 328, 188, 37, 798, 711, 111, 469, 407, 328, 387
97, 198, 175, 201, 11330621, 3, 5, 243, 56, 37, 798, 711, 160, 313, 243, 335, 408
97, 198, 201, 212, 11330621, 5, 5, 408, 56, 37, 798, 711, 160, 313, 243, 335, 408
97, 198, 201, 213, 11330621, 4, 5, 335, 56, 37, 798, 711, 160, 313, 243, 335, 408
97, 198, 223, 198, 11330621, 2, 5, 313, 56, 37, 798, 711, 160, 313, 243, 335, 408
401, 92, 398, 143, 11331226, 4, 6, 139, 48, 37, 798, 711, 264, 346, 465, 139, 418
401, 92, 398, 171, 11331226, 1, 6, 264, 48, 37, 798, 711, 264, 346, 465, 139, 418
401, 92, 398, 187, 11331226, 2, 6, 346, 48, 37, 798, 711, 264, 346, 465, 139, 418
401, 92, 398, 187, 11331226, 5, 6, 418, 48, 37, 798, 711, 264, 346, 465, 139, 418
398, 171, 401, 257, 11331832, 2, 7, 118, 264, 37, 798, 711, 41, 118, 228, 117, 88
261, 398, 296, 398, 11332437, 3, 8, 45, 189, 37, 798, 711, 283, 438, 45, 18, 169
261, 398, 299, 401, 11332437, 4, 8, 18, 189, 37, 798, 711, 283, 438, 45, 18, 169
261, 398, 344, 401, 11332437, 5, 8, 169, 189, 37, 798, 711, 283, 438, 45, 18, 169
261, 398, 401, 412, 11332437, 2, 8, 438, 189, 37, 798, 711, 283, 438, 45, 18, 169
91, 598, 95, 601, 11333042, 4, 9, 103, 34, 37, 798, 711, 190, 107, 280, 103, 67
91, 598, 146, 601, 11333042, 1, 9, 190, 34, 37, 798, 711, 190, 107, 280, 103, 67
146, 601, 201, 624, 11333647, 3, 10, 280, 190, 37, 798, 711, 107, 183, 280, 211, 67
146, 601, 286, 598, 11333648, 1, 10, 107, 190, 37, 798, 711, 107, 183, 280, 211, 67
286, 598, 300, 601, 11334253, 5, 11, 20, 107, 37, 798, 711, 96, 312, 183, 163, 20
286, 598, 344, 601, 11334253, 3, 11, 183, 107, 37, 798, 711, 96, 312, 183, 163, 20
286, 598, 425, 598, 11334253, 2, 11, 312, 107, 37, 798, 711, 96, 312, 183, 163, 20
787, 401, 801, 481, 11334254, 3, 11, 111, 469, 37, 798, 711, 411, 87, 111, 147, 284
787, 401, 798, 573, 11334254, 5, 11, 284, 469, 37, 798, 711, 411, 87, 111, 147, 284
223, 198, 255, 198, 11335226, 4, 6, 160, 313, 37, 798, 711, 428, 27, 23, 160, 454
223, 198, 293, 198, 11335226, 2, 6, 27, 313, 37, 798, 711, 428, 27, 23, 160, 454
223, 198, 387, 201, 11335227, 1, 6, 428, 313, 37, 798, 711, 428, 27, 23, 160, 454
223, 198, 387, 201, 11335227, 5, 6, 454, 313, 37, 798, 711, 428, 27, 23, 160, 454
387, 201, 401, 300, 11335832, 3, 7, 41, 428, 37, 798, 711, 480, 438, 41, 123, 88
387, 201, 510, 198, 11335832, 5, 7, 88, 428, 37, 798, 711, 480, 438, 41, 123, 88
387, 201, 540, 201, 11335832, 4, 7, 123, 428, 37, 798, 711, 480, 438, 41, 123, 88
401, 412, 457, 398, 11337042, 3, 9, 167, 438, 37, 798, 711, 24, 104, 167, 115, 224
401, 412, 401, 479, 11337042, 2, 9, 104, 438, 37, 798, 711, 24, 104, 167, 115, 224
401, 412, 398, 521, 11337043, 4, 9, 115, 438, 37, 798, 711, 24, 104, 167, 115, 224
401, 412, 398, 557, 11337043, 5, 9, 224, 438, 37, 798, 711, 24, 104, 167, 115, 224
425, 598, 462, 598, 11338858, 4, 12, 163, 312, 37, 798, 711, 381, 310, 96, 163, 174
425, 598, 497, 598, 11338858, 3, 12, 96, 312, 37, 798, 711, 381, 310, 96, 163, 174
425, 598, 541, 601, 11338858, 5, 12, 174, 312, 37, 798, 711, 381, 310, 96, 163, 174
425, 598, 613, 598, 11338859, 1, 12, 381, 312, 37, 798, 711, 381, 310, 96, 163, 174
613, 598, 654, 598, 11339464, 3, 13, 129, 381, 37, 798, 711, 417, 84, 129, 255, 445
613, 598, 787, 601, 11339464, 5, 13, 445, 381, 37, 798, 711, 417, 84, 129, 255, 445
401, 479, 398, 521, 11341648, 1, 10, 115, 104, 37, 798, 711, 115, 224, 24, 155, 79
401, 479, 398, 557, 11341648, 2, 10, 224, 104, 37, 798, 711, 115, 224, 24, 155, 79
401, 479, 401, 648, 11341648, 4, 10, 155, 104, 37, 798, 711, 115, 224, 24, 155, 79
201, 624, 201, 658, 11342252, 3, 11, 211, 280, 37, 798, 711, 107, 67, 211, 10, 179
201, 624, 198, 697, 11342252, 4, 11, 10, 280, 37, 798, 711, 107, 67, 211, 10, 179
201, 624, 201, 706, 11342253, 2, 11, 67, 280, 37, 798, 711, 107, 67, 211, 10, 179
398, 521, 398, 557, 11342253, 5, 11, 224, 115, 37, 798, 711, 312, 108, 155, 79, 224
201, 624, 198, 745, 11342253, 5, 11, 179, 280, 37, 798, 711, 107, 67, 211, 10, 179
398, 521, 401, 648, 11342253, 3, 11, 155, 115, 37, 798, 711, 312, 108, 155, 79, 224
398, 521, 398, 714, 11342253, 2, 11, 108, 115, 37, 798, 711, 312, 108, 155, 79, 224
801, 481, 798, 505, 11342859, 3, 12, 87, 111, 37, 798, 711, 265, 284, 87, 411, 147
801, 481, 798, 541, 11342859, 5, 12, 147, 111, 37, 798, 711, 265, 284, 87, 411, 147
801, 481, 798, 573, 11342859, 2, 12, 284, 111, 37, 798, 711, 265, 284, 87, 411, 147
801, 481, 801, 612, 11342859, 4, 12, 411, 111, 37, 798, 711, 265, 284, 87, 411, 147
801, 481, 801, 629, 11342859, 1, 12, 265, 111, 37, 798, 711, 265, 284, 87, 411, 147
801, 629, 801, 651, 11343464, 3, 13, 132, 265, 37, 798, 711, 94, 172, 132, 37, 301
801, 629, 801, 696, 11343464, 1, 13, 94, 265, 37, 798, 711, 94, 172, 132, 37, 301
801, 629, 798, 707, 11343464, 37, 13, 37, 265, 37, 798, 711, 94, 172, 132, 37, 301
1, 214, 1, 313, 12300200, 3, 1, 32, 367, 265, 801, 635, 56, 217, 32, 175, 286
1, 214, -1, 330, 12300200, 4, 1, 175, 367, 265, 801, 635, 56, 217, 32, 175, 286
1, 214, -1, 367, 12300200, 5, 1, 286, 367, 265, 801, 635, 56, 217, 32, 175, 286
1, 313, -1, 330, 12308805, 3, 2, 175, 32, 265, 801, 635, 369, 286, 175, 192, 43
1, 313, -1, 367, 12308805, 2, 2, 286, 32, 265, 801, 635, 369, 286, 175, 192, 43
1, 313, -1, 383, 12308805, 1, 2, 369, 32, 265, 801, 635, 369, 286, 175, 192, 43
-1, 383, 1, 503, 12309410, 5, 3, 43, 369, 265, 801, 635, 110, 222, 488, 202, 43
-1, 383, -1, 529, 12309411, 4, 3, 202, 369, 265, 801, 635, 110, 222, 488, 202, 43
-1, 529, -1, 584, 12322016, 4, 4, 361, 202, 265, 801, 635, 476, 461, 410, 361, 349
-1, 529, -1, 587, 12322016, 3, 4, 410, 202, 265, 801, 635, 476, 461, 410, 361, 349
-1, 529, -1, 587, 12322016, 2, 4, 461, 202, 265, 801, 635, 476, 461, 410, 361, 349
-1, 529, -1, 587, 12322016, 1, 4, 476, 202, 265, 801, 635, 476, 461, 410, 361, 349
-1, 529, 1, 615, 12322016, 5, 4, 349, 202, 265, 801, 635, 476, 461, 410, 361, 349
-1, 587, 34, 598, 12322621, 4, 5, 263, 476, 265, 801, 635, 34, 103, 135, 263, 271
-1, 587, 1, 632, 12322621, 5, 5, 271, 476, 265, 801, 635, 34, 103, 135, 263, 271
-1, 587, 69, 598, 12322621, 3, 5, 135, 476, 265, 801, 635, 34, 103, 135, 263, 271
-1, 587, 80, 601, 12322621, 2, 5, 103, 476, 265, 801, 635, 34, 103, 135, 263, 271
80, 601, 135, 601, 12327226, 3, 6, 190, 103, 265, 801, 635, 107, 280, 190, 211, 319
135, 601, 287, 601, 12335832, 4, 7, 20, 190, 265, 801, 635, 107, 280, 211, 20, 183
135, 601, 300, 598, 12335832, 1, 7, 107, 190, 265, 801, 635, 107, 280, 211, 20, 183
135, 601, 332, 601, 12335832, 5, 7, 183, 190, 265, 801, 635, 107, 280, 211, 20, 183
300, 598, 332, 601, 12336437, 3, 8, 183, 107, 265, 801, 635, 312, 96, 183, 163, 155
300, 598, 433, 598, 12336437, 1, 8, 312, 107, 265, 801, 635, 312, 96, 183, 163, 155
300, 598, 477, 598, 12336437, 4, 8, 163, 107, 265, 801, 635, 312, 96, 183, 163, 155
433, 598, 477, 598, 12337042, 4, 9, 163, 312, 265, 801, 635, 381, 96, 310, 163, 174
433, 598, 511, 598, 12337042, 2, 9, 96, 312, 265, 801, 635, 381, 96, 310, 163, 174
433, 598, 529, 601, 12337043, 5, 9, 174, 312, 265, 801, 635, 381, 96, 310, 163, 174
433, 598, 616, 598, 12337043, 1, 9, 381, 312, 265, 801, 635, 381, 96, 310, 163, 174
616, 598, 666, 598, 12337648, 3, 10, 129, 381, 265, 801, 635, 417, 84, 129, 144, 445
616, 598, 710, 598, 12337648, 2, 10, 84, 381, 265, 801, 635, 417, 84, 129, 144, 445
616, 598, 731, 601, 12337648, 4, 10, 144, 381, 265, 801, 635, 417, 84, 129, 144, 445
710, 598, 766, 601, 12342253, 5, 11, 255, 84, 265, 801, 635, 411, 445, 471, 417, 255
710, 598, 787, 601, 12342253, 4, 11, 417, 84, 265, 801, 635, 411, 445, 471, 417, 255
710, 598, 787, 601, 12342253, 2, 11, 445, 84, 265, 801, 635, 411, 445, 471, 417, 255
710, 598, 787, 601, 12342253, 3, 11, 471, 84, 265, 801, 635, 411, 445, 471, 417, 255
787, 601, 801, 612, 12346858, 3, 12, 411, 445, 265, 801, 635, 265, 355, 411, 132, 10000000
787, 601, 801, 615, 12346858, 2, 12, 355, 445, 265, 801, 635, 265, 355, 411, 132, 10000000
787, 601, 801, 639, 12346859, 265, 12, 265, 445, 265, 801, 635, 265, 355, 411, 132, 10000000
212, -1, 287, -1, 13300200, 2, 1, 171, 405, 87, 798, 484, 7, 171, 124, 466, 150
212, -1, 318, -1, 13300200, 1, 1, 7, 405, 87, 798, 484, 7, 171, 124, 466, 150
318, -1, 357, 1, 13300805, 4, 2, 303, 7, 87, 798, 484, 466, 413, 292, 303, 380
318, -1, 378, 1, 13300805, 5, 2, 380, 7, 87, 798, 484, 466, 413, 292, 303, 380
318, -1, 401, 12, 13300805, 2, 2, 413, 7, 87, 798, 484, 466, 413, 292, 303, 380
318, -1, 401, 12, 13300805, 1, 2, 466, 7, 87, 798, 484, 466, 413, 292, 303, 380
401, 12, 398, 72, 13301410, 5, 3, 100, 466, 87, 798, 484, 465, 48, 159, 264, 100
401, 12, 401, 81, 13301410, 3, 3, 159, 466, 87, 798, 484, 465, 48, 159, 264, 100
401, 12, 401, 118, 13301410, 2, 3, 48, 466, 87, 798, 484, 465, 48, 159, 264, 100
401, 12, 398, 149, 13301411, 4, 3, 264, 466, 87, 798, 484, 465, 48, 159, 264, 100
401, 118, 398, 187, 13306016, 4, 4, 418, 48, 87, 798, 484, 454, 428, 465, 418, 118
401, 118, 398, 187, 13306016, 3, 4, 465, 48, 87, 798, 484, 454, 428, 465, 418, 118
401, 118, 387, 201, 13306016, 2, 4, 428, 48, 87, 798, 484, 454, 428, 465, 418, 118
401, 118, 387, 201, 13306016, 1, 4, 454, 48, 87, 798, 484, 454, 428, 465, 418, 118
401, 118, 401, 284, 13306016, 5, 4, 118, 48, 87, 798, 484, 454, 428, 465, 418, 118
387, 201, 492, 198, 13306621, 2, 5, 117, 454, 87, 798, 484, 88, 117, 391, 438, 41
387, 201, 401, 326, 13306621, 5, 5, 41, 454, 87, 798, 484, 88, 117, 391, 438, 41
387, 201, 538, 198, 13306621, 1, 5, 88, 454, 87, 798, 484, 88, 117, 391, 438, 41
538, 198, 650, 198, 13307227, 4, 6, 291, 88, 87, 798, 484, 214, 138, 86, 291, 102
538, 198, 683, 198, 13307227, 2, 6, 138, 88, 87, 798, 484, 214, 138, 86, 291, 102
683, 198, 787, 201, 13311832, 1, 7, 474, 138, 87, 798, 484, 474, 399, 491, 337, 493
683, 198, 812, 198, 13311832, 2, 7, 399, 138, 87, 798, 484, 474, 399, 491, 337, 493
683, 198, 812, 198, 13311832, 5, 7, 493, 138, 87, 798, 484, 474, 399, 491, 337, 493
683, 198, 821, 198, 13311832, 4, 7, 337, 138, 87, 798, 484, 474, 399, 491, 337, 493
787, 201, 801, 244, 13312437, 4, 8, 254, 474, 87, 798, 484, 58, 127, 40, 254, 188
787, 201, 798, 286, 13312437, 3, 8, 40, 474, 87, 798, 484, 58, 127, 40, 254, 188
787, 201, 801, 288, 13312437, 2, 8, 127, 474, 87, 798, 484, 58, 127, 40, 254, 188
787, 201, 798, 321, 13312438, 5, 8, 188, 474, 87, 798, 484, 58, 127, 40, 254, 188
787, 201, 801, 334, 13312438, 1, 8, 58, 474, 87, 798, 484, 58, 127, 40, 254, 188
801, 334, 787, 401, 13313043, 2, 9, 407, 58, 87, 798, 484, 469, 407, 111, 87, 10000000
801, 334, 787, 401, 13313043, 1, 9, 469, 58, 87, 798, 484, 469, 407, 111, 87, 10000000
801, 334, 801, 506, 13313043, 3, 9, 111, 58, 87, 798, 484, 469, 407, 111, 87, 10000000
787, 401, 798, 480, 13313648, 87, 10, 87, 469, 87, 798, 484, 87, 111, 147, 284, 10000000
198, 175, 201, 256, 14300200, 4, 1, 253, 365, 16, 458, 601, 234, 133, 194, 253, 27
198, 175, 201, 300, 14300200, 2, 1, 133, 365, 16, 458, 601, 234, 133, 194, 253, 27
198, 175, 198, 338, 14300200, 1, 1, 234, 365, 16, 458, 601, 234, 133, 194, 253, 27
198, 338, 187, 401, 14300805, 4, 2, 467, 234, 16, 458, 601, 206, 65, 316, 467, 421
198, 338, 201, 456, 14300805, 3, 2, 316, 234, 16, 458, 601, 206, 65, 316, 467, 421
198, 338, 201, 539, 14300806, 2, 2, 65, 234, 16, 458, 601, 206, 65, 316, 467, 421
201, 539, 201, 650, 14305411, 1, 3, 280, 65, 16, 458, 601, 280, 189, 10000000, 10000000, 10000000
187, 401, 305, 398, 14313411, 2, 3, 189, 467, 16, 458, 601, 45, 189, 282, 319, 65
187, 401, 201, 539, 14313411, 5, 3, 65, 467, 16, 458, 601, 45, 189, 282, 319, 65
187, 401, 336, 398, 14313411, 1, 3, 45, 467, 16, 458, 601, 45, 189, 282, 319, 65
187, 401, 198, 556, 14313411, 4, 3, 319, 467, 16, 458, 601, 45, 189, 282, 319, 65
336, 398, 401, 412, 14314016, 3, 4, 438, 45, 16, 458, 601, 388, 470, 438, 145, 360
336, 398, 401, 412, 14314016, 2, 4, 470, 45, 16, 458, 601, 388, 470, 438, 145, 360
336, 398, 401, 421, 14314016, 1, 4, 388, 45, 16, 458, 601, 388, 470, 438, 145, 360
336, 398, 428, 398, 14314016, 5, 4, 360, 45, 16, 458, 601, 388, 470, 438, 145, 360
336, 398, 503, 401, 14314016, 4, 4, 145, 45, 16, 458, 601, 388, 470, 438, 145, 360
401, 421, 401, 446, 14314621, 4, 5, 317, 388, 16, 458, 601, 104, 115, 218, 317, 224
401, 421, 401, 475, 14314621, 3, 5, 218, 388, 16, 458, 601, 104, 115, 218, 317, 224
401, 421, 398, 489, 14314621, 2, 5, 115, 388, 16, 458, 601, 104, 115, 218, 317, 224
401, 421, 398, 520, 14314621, 5, 5, 224, 388, 16, 458, 601, 104, 115, 218, 317, 224
398, 489, 401, 513, 14319226, 3, 6, 104, 115, 16, 458, 601, 224, 155, 104, 312, 108
398, 489, 398, 520, 14319226, 1, 6, 224, 115, 16, 458, 601, 224, 155, 104, 312, 108
398, 489, 398, 674, 14319227, 5, 6, 108, 115, 16, 458, 601, 224, 155, 104, 312, 108
398, 520, 398, 674, 14319832, 3, 7, 108, 224, 16, 458, 601, 312, 163, 108, 10000000, 10000000
503, 401, 467, 401, 14326621, 2, 5, 53, 145, 16, 458, 601, 180, 53, 21, 283, 464
503, 401, 455, 398, 14326621, 4, 5, 283, 145, 16, 458, 601, 180, 53, 21, 283, 464
342, -1, 401, 12, 15300200, 4, 1, 466, 7, 84, 731, 598, 201, 157, 61, 466, 292
342, -1, 449, 1, 15300200, 3, 1, 61, 7, 84, 731, 598, 201, 157, 61, 466, 292
342, -1, 470, -1, 15300200, 5, 1, 292, 7, 84, 731, 598, 201, 157, 61, 466, 292
342, -1, 501, 1, 15300200, 1, 1, 201, 7, 84, 731, 598, 201, 157, 61, 466, 292
501, 1, 584, 1, 15300805, 2, 2, 423, 201, 84, 731, 598, 432, 423, 295, 221, 321
501, 1, 601, 15, 15300805, 1, 2, 432, 201, 84, 731, 598, 432, 423, 295, 221, 321
601, 15, 601, 69, 15301411, 4, 3, 295, 432, 84, 731, 598, 91, 156, 184, 295, 289
601, 15, 598, 80, 15301411, 3, 3, 184, 432, 84, 731, 598, 91, 156, 184, 295, 289
601, 15, 601, 114, 15301411, 2, 3, 156, 432, 84, 731, 598, 91, 156, 184, 295, 289
601, 15, 598, 130, 15301411, 5, 3, 289, 432, 84, 731, 598, 91, 156, 184, 295, 289
601, 114, 598, 130, 15306016, 5, 4, 289, 156, 84, 731, 598, 207, 47, 384, 91, 289
601, 114, 601, 150, 15306016, 4, 4, 91, 156, 84, 731, 598, 207, 47, 384, 91, 289
601, 114, 598, 166, 15306016, 3, 4, 384, 156, 84, 731, 598, 207, 47, 384, 91, 289
601, 114, 598, 248, 15306016, 2, 4, 47, 156, 84, 731, 598, 207, 47, 384, 91, 289
601, 114, 598, 293, 15306016, 1, 4, 207, 156, 84, 731, 598, 207, 47, 384, 91, 289
598, 293, 598, 387, 15306622, 5, 5, 450, 207, 84, 731, 598, 180, 290, 85, 368, 450
598, 293, 598, 453, 15306622, 3, 5, 85, 207, 84, 731, 598, 180, 290, 85, 368, 450
598, 293, 601, 510, 15306622, 1, 5, 180, 207, 84, 731, 598, 180, 290, 85, 368, 450
601, 510, 598, 535, 15307227, 5, 6, 248, 180, 84, 731, 598, 21, 19, 353, 464, 248
601, 510, 601, 556, 15307227, 1, 6, 21, 180, 84, 731, 598, 21, 19, 353, 464, 248
601, 510, 598, 562, 15307227, 3, 6, 353, 180, 84, 731, 598, 21, 19, 353, 464, 248
601, 510, 598, 587, 15307227, 4, 6, 464, 180, 84, 731, 598, 21, 19, 353, 464, 248
601, 510, 598, 636, 15307227, 2, 6, 19, 180, 84, 731, 598, 21, 19, 353, 464, 248
601, 556, 598, 584, 15307832, 2, 7, 430, 21, 84, 731, 598, 464, 430, 10000000, 10000000, 10000000
601, 556, 598, 587, 15307832, 1, 7, 464, 21, 84, 731, 598, 464, 430, 10000000, 10000000, 10000000
598, 587, 637, 598, 15308437, 3, 8, 381, 464, 84, 731, 598, 277, 90, 381, 129, 84
598, 587, 643, 601, 15308437, 2, 8, 90, 464, 84, 731, 598, 277, 90, 381, 129, 84
401, 12, 401, 72, 15312805, 4, 2, 258, 466, 84, 731, 598, 465, 159, 139, 258, 418
401, 12, 398, 88, 15312805, 3, 2, 139, 466, 84, 731, 598, 465, 159, 139, 258, 418
401, 12, 401, 114, 15312805, 2, 2, 159, 466, 84, 731, 598, 465, 159, 139, 258, 418
401, 12, 398, 183, 15312805, 5, 2, 418, 466, 84, 731, 598, 465, 159, 139, 258, 418
643, 601, 699, 601, 15313043, 3, 9, 144, 90, 84, 731, 598, 255, 84, 144, 129, 339
643, 601, 702, 598, 15313043, 4, 9, 129, 90, 84, 731, 598, 255, 84, 144, 129, 339
643, 601, 732, 601, 15313043, 1, 9, 255, 90, 84, 731, 598, 255, 84, 144, 129, 339
643, 601, 766, 601, 15313043, 5, 9, 339, 90, 84, 731, 598, 255, 84, 144, 129, 339
401, 114, 398, 122, 15317410, 5, 3, 264, 159, 84, 731, 598, 346, 465, 48, 418, 264
401, 114, 401, 144, 15317410, 3, 3, 48, 159, 84, 731, 598, 346, 465, 48, 418, 264
401, 114, 398, 166, 15317410, 1, 3, 346, 159, 84, 731, 598, 346, 465, 48, 418, 264
401, 114, 398, 183, 15317410, 4, 3, 418, 159, 84, 731, 598, 346, 465, 48, 418, 264
401, 114, 398, 187, 15317410, 2, 3, 465, 159, 84, 731, 598, 346, 465, 48, 418, 264
398, 166, 412, 198, 15318015, 5, 4, 485, 346, 84, 731, 598, 118, 322, 226, 389, 485
699, 601, 703, 598, 15321648, 3, 10, 129, 144, 84, 731, 598, 255, 84, 129, 10000000, 10000000
699, 601, 732, 601, 15321648, 1, 10, 255, 144, 84, 731, 598, 255, 84, 129, 10000000, 10000000
699, 601, 749, 598, 15321648, 84, 10, 84, 144, 84, 731, 598, 255, 84, 129, 10000000, 10000000
79, 1, 212, -1, 16300200, 4, 1, 448, 151, 381, 634, 598, 171, 270, 405, 448, 351
79, 1, 221, -1, 16300200, 3, 1, 405, 151, 381, 634, 598, 171, 270, 405, 448, 351
221, -1, 279, -1, 16308805, 5, 2, 270, 405, 381, 634, 598, 7, 171, 240, 380, 270
221, -1, 326, -1, 16308805, 2, 2, 171, 405, 381, 634, 598, 7, 171, 240, 380, 270
221, -1, 349, 1, 16308805, 4, 2, 380, 405, 381, 634, 598, 7, 171, 240, 380, 270
221, -1, 354, -1, 16308805, 1, 2, 7, 405, 381, 634, 598, 7, 171, 240, 380, 270
354, -1, 401, 12, 16309411, 5, 3, 466, 7, 381, 634, 598, 201, 100, 157, 61, 466
354, -1, 398, 30, 16309411, 2, 3, 100, 7, 381, 634, 598, 201, 100, 157, 61, 466
354, -1, 435, 1, 16309411, 4, 3, 61, 7, 381, 634, 598, 201, 100, 157, 61, 466
354, -1, 488, 1, 16309411, 1, 3, 201, 7, 381, 634, 598, 201, 100, 157, 61, 466
488, 1, 579, 1, 16310016, 5, 4, 423, 201, 381, 634, 598, 432, 295, 374, 208, 423
488, 1, 678, 1, 16310016, 4, 4, 208, 201, 381, 634, 598, 432, 295, 374, 208, 423
398, 30, 401, 128, 16314016, 5, 4, 159, 100, 381, 634, 598, 465, 418, 346, 48, 159
398, 30, 398, 156, 16314016, 3, 4, 346, 100, 381, 634, 598, 465, 418, 346, 48, 159
398, 30, 401, 157, 16314016, 4, 4, 48, 100, 381, 634, 598, 465, 418, 346, 48, 159
398, 30, 398, 178, 16314016, 2, 4, 418, 100, 381, 634, 598, 465, 418, 346, 48, 159
398, 178, 401, 323, 16318622, 3, 5, 118, 418, 381, 634, 598, 480, 443, 118, 41, 226
398, 178, 412, 398, 16318622, 2, 5, 443, 418, 381, 634, 598, 480, 443, 118, 41, 226
678, 1, 635, 1, 16322622, 1, 5, 46, 208, 381, 634, 598, 46, 10000000, 10000000, 10000000, 10000000
412, 398, 484, 398, 16323227, 2, 6, 283, 443, 381, 634, 598, 167, 283, 24, 218, 378
412, 398, 555, 401, 16323227, 5, 6, 378, 443, 381, 634, 598, 167, 283, 24, 218, 378
412, 398, 569, 398, 16323227, 3, 6, 24, 443, 381, 634, 598, 167, 283, 24, 218, 378
401, 323, 401, 412, 16327227, 5, 6, 480, 118, 381, 634, 598, 104, 224, 115, 388, 480
401, 323, 398, 467, 16327227, 3, 6, 115, 118, 381, 634, 598, 104, 224, 115, 388, 480
401, 323, 398, 494, 16327227, 2, 6, 224, 118, 381, 634, 598, 104, 224, 115, 388, 480
484, 398, 555, 401, 16327832, 4, 7, 378, 283, 381, 634, 598, 81, 455, 24, 378, 431
484, 398, 569, 398, 16327832, 3, 7, 24, 283, 381, 634, 598, 81, 455, 24, 378, 431
484, 398, 578, 401, 16327832, 5, 7, 431, 283, 381, 634, 598, 81, 455, 24, 378, 431
484, 398, 587, 401, 16327832, 2, 7, 455, 283, 381, 634, 598, 81, 455, 24, 378, 431
398, 494, 401, 501, 16331832, 4, 7, 218, 224, 381, 634, 598, 104, 108, 312, 218, 225
398, 494, 401, 536, 16331832, 1, 7, 104, 224, 381, 634, 598, 104, 108, 312, 218, 225
398, 494, 398, 647, 16331833, 2, 7, 108, 224, 381, 634, 598, 104, 108, 312, 218, 225
587, 401, 598, 475, 16332438, 5, 8, 131, 455, 381, 634, 598, 430, 21, 180, 290, 131
587, 401, 601, 488, 16332438, 4, 8, 290, 455, 381, 634, 598, 430, 21, 180, 290, 131
587, 401, 601, 570, 16332438, 2, 8, 21, 455, 381, 634, 598, 430, 21, 180, 290, 131
587, 401, 598, 580, 16332438, 1, 8, 430, 455, 381, 634, 598, 430, 21, 180, 290, 131
598, 580, 598, 587, 16333043, 1, 9, 464, 430, 381, 634, 598, 464, 381, 90, 10000000, 10000000
598, 587, 630, 601, 16333648, 1, 10, 90, 464, 381, 634, 598, 90, 381, 10000000, 10000000, 10000000
598, 587, 649, 598, 16333648, 381, 10, 381, 464, 381, 634, 598, 90, 381, 10000000, 10000000, 10000000
201, 260, 201, 378, 17300200, 5, 1, 23, 335, 301, 798, 705, 486, 494, 472, 481, 23
201, 260, 198, 387, 17300200, 1, 1, 486, 335, 301, 798, 705, 486, 494, 472, 481, 23
201, 260, 198, 387, 17300200, 2, 1, 494, 335, 301, 798, 705, 486, 494, 472, 481, 23
201, 260, 201, 412, 17300200, 3, 1, 472, 335, 301, 798, 705, 486, 494, 472, 481, 23
201, 260, 201, 412, 17300200, 4, 1, 481, 335, 301, 798, 705, 486, 494, 472, 481, 23
198, 387, 201, 412, 17300805, 5, 2, 481, 486, 301, 798, 705, 65, 206, 278, 316, 481
198, 387, 201, 497, 17300805, 4, 2, 316, 486, 301, 798, 705, 65, 206, 278, 316, 481
198, 387, 201, 541, 17300805, 2, 2, 206, 486, 301, 798, 705, 65, 206, 278, 316, 481
201, 541, 201, 581, 17305411, 4, 3, 65, 206, 301, 798, 705, 299, 179, 10, 65, 280
201, 541, 198, 610, 17305411, 3, 3, 10, 206, 301, 798, 705, 299, 179, 10, 65, 280
201, 541, 198, 669, 17305411, 2, 3, 179, 206, 301, 798, 705, 299, 179, 10, 65, 280
201, 541, 201, 686, 17305411, 5, 3, 280, 206, 301, 798, 705, 299, 179, 10, 65, 280
198, 669, 201, 686, 17310016, 1, 4, 280, 179, 301, 798, 705, 280, 211, 299, 275, 10000000
198, 669, 198, 705, 17310016, 3, 4, 299, 179, 301, 798, 705, 280, 211, 299, 275, 10000000
198, 669, 201, 738, 17310016, 2, 4, 211, 179, 301, 798, 705, 280, 211, 299, 275, 10000000
90, 201, 188, 198, 18300200, 3, 1, 56, 243, 478, 587, 801, 313, 408, 56, 71, 160
90, 201, 230, 201, 18300200, 4, 1, 71, 243, 478, 587, 801, 313, 408, 56, 71, 160
188, 198, 201, 273, 18308805, 5, 2, 335, 56, 478, 587, 801, 454, 428, 234, 332, 335
188, 198, 198, 287, 18308805, 3, 2, 234, 56, 478, 587, 801, 454, 428, 234, 332, 335
188, 198, 331, 201, 18308805, 4, 2, 332, 56, 478, 587, 801, 454, 428, 234, 332, 335
198, 287, 201, 412, 18317411, 5, 3, 472, 234, 478, 587, 801, 223, 333, 403, 481, 472
198, 287, 201, 412, 18317411, 4, 3, 481, 234, 478, 587, 801, 223, 333, 403, 481, 472
198, 287, 198, 457, 18317411, 1, 3, 223, 234, 478, 587, 801, 223, 333, 403, 481, 472
198, 457, 201, 511, 18318016, 5, 4, 316, 223, 478, 587, 801, 65, 206, 10, 280, 316
198, 457, 201, 554, 18318016, 2, 4, 206, 223, 478, 587, 801, 65, 206, 10, 280, 316
198, 457, 201, 595, 18318016, 1, 4, 65, 223, 478, 587, 801, 65, 206, 10, 280, 316
198, 457, 198, 596, 18318016, 3, 4, 10, 223, 478, 587, 801, 65, 206, 10, 280, 316
201, 595, 198, 656, 18318621, 5, 5, 179, 65, 478, 587, 801, 107, 211, 280, 299, 179
201, 595, 198, 693, 18318621, 4, 5, 299, 65, 478, 587, 801, 107, 211, 280, 299, 179
201, 595, 201, 698, 18318621, 3, 5, 280, 65, 478, 587, 801, 107, 211, 280, 299, 179
331, 201, 389, 198, 18321410, 5, 3, 27, 332, 478, 587, 801, 465, 439, 49, 485, 27
331, 201, 412, 198, 18321411, 4, 3, 485, 332, 478, 587, 801, 465, 439, 49, 485, 27
331, 201, 419, 201, 18321411, 3, 3, 49, 332, 478, 587, 801, 465, 439, 49, 485, 27
331, 201, 420, 198, 18321411, 2, 3, 439, 332, 478, 587, 801, 465, 439, 49, 485, 27
420, 198, 517, 198, 18326016, 5, 4, 226, 439, 478, 587, 801, 47, 88, 118, 117, 226
420, 198, 562, 198, 18326016, 4, 4, 117, 439, 478, 587, 801, 47, 88, 118, 117, 226
420, 198, 592, 198, 18326016, 2, 4, 88, 439, 478, 587, 801, 47, 88, 118, 117, 226
201, 698, 201, 752, 18327227, 2, 6, 211, 280, 478, 587, 801, 67, 211, 433, 59, 77
201, 698, 198, 767, 18327227, 3, 6, 433, 280, 478, 587, 801, 67, 211, 433, 59, 77
201, 698, 191, 798, 18327227, 5, 6, 77, 280, 478, 587, 801, 67, 211, 433, 59, 77
201, 698, 198, 814, 18327227, 4, 6, 59, 280, 478, 587, 801, 67, 211, 433, 59, 77
592, 198, 598, 211, 18330621, 4, 5, 47, 88, 478, 587, 801, 379, 294, 207, 47, 114
592, 198, 598, 253, 18330621, 3, 5, 207, 88, 478, 587, 801, 379, 294, 207, 47, 114
592, 198, 598, 288, 18330621, 2, 5, 294, 88, 478, 587, 801, 379, 294, 207, 47, 114
592, 198, 598, 331, 18330622, 1, 5, 379, 88, 478, 587, 801, 379, 294, 207, 47, 114
598, 331, 598, 449, 18331227, 5, 6, 131, 379, 478, 587, 801, 180, 290, 248, 368, 131
598, 331, 601, 471, 18331227, 4, 6, 368, 379, 478, 587, 801, 180, 290, 248, 368, 131
201, 752, 201, 792, 18331832, 1, 7, 67, 211, 478, 587, 801, 67, 10000000, 10000000, 10000000, 10000000
201, 792, 240, 801, 18332437, 5, 8, 216, 67, 478, 587, 801, 137, 326, 275, 232, 216
201, 792, 292, 801, 18332437, 4, 8, 232, 67, 478, 587, 801, 137, 326, 275, 232, 216
201, 792, 318, 798, 18332437, 3, 8, 275, 67, 478, 587, 801, 137, 326, 275, 232, 216
201, 792, 330, 801, 18332437, 2, 8, 326, 67, 478, 587, 801, 137, 326, 275, 232, 216
201, 792, 344, 798, 18332437, 1, 8, 137, 67, 478, 587, 801, 137, 326, 275, 232, 216
344, 798, 383, 798, 18333042, 5, 9, 3, 137, 478, 587, 801, 261, 142, 33, 52, 3
344, 798, 398, 823, 18333042, 4, 9, 52, 137, 478, 587, 801, 261, 142, 33, 52, 3
344, 798, 428, 801, 18333043, 3, 9, 33, 137, 478, 587, 801, 261, 142, 33, 52, 3
344, 798, 450, 801, 18333043, 2, 9, 142, 137, 478, 587, 801, 261, 142, 33, 52, 3
450, 801, 565, 801, 18337648, 5, 10, 398, 142, 478, 587, 801, 478, 459, 451, 82, 398
450, 801, 587, 801, 18337648, 3, 10, 451, 142, 478, 587, 801, 478, 459, 451, 82, 398
450, 801, 587, 801, 18337648, 2, 10, 459, 142, 478, 587, 801, 478, 459, 451, 82, 398
450, 801, 588, 798, 18337648, 4, 10, 82, 142, 478, 587, 801, 478, 459, 451, 82, 398
587, 801, 587, 801, 18342253, 2, 11, 451, 459, 478, 587, 801, 478, 451, 10000000, 10000000, 10000000
587, 801, 587, 801, 18342253, 478, 11, 478, 459, 478, 587, 801, 478, 451, 10000000, 10000000, 10000000
-1, 68, 1, 199, 19300200, 5, 1, 11, 311, 281, 920, 598, 367, 419, 17, 489, 11
-1, 68, 8, 201, 19300200, 3, 1, 17, 311, 281, 920, 598, 367, 419, 17, 489, 11
-1, 68, 1, 240, 19300200, 2, 1, 419, 311, 281, 920, 598, 367, 419, 17, 489, 11
-1, 68, 1, 278, 19300200, 1, 1, 367, 311, 281, 920, 598, 367, 419, 17, 489, 11
1, 278, -1, 311, 19300805, 5, 2, 369, 367, 281, 920, 598, 50, 32, 177, 288, 369
1, 278, 1, 316, 19300805, 4, 2, 288, 367, 281, 920, 598, 50, 32, 177, 288, 369
1, 278, 6, 398, 19300806, 2, 2, 32, 367, 281, 920, 598, 50, 32, 177, 288, 369
1, 278, -1, 421, 19300806, 1, 2, 50, 367, 281, 920, 598, 50, 32, 177, 288, 369
-1, 421, -1, 524, 19301411, 5, 3, 361, 50, 281, 920, 598, 43, 192, 410, 476, 361
-1, 421, -1, 557, 19301411, 3, 3, 410, 50, 281, 920, 598, 43, 192, 410, 476, 361
-1, 421, 1, 569, 19301411, 2, 3, 192, 50, 281, 920, 598, 43, 192, 410, 476, 361
1, 569, 6, 600, 19306016, 1, 4, 103, 192, 281, 920, 598, 103, 10000000, 10000000, 10000000, 10000000
6, 600, 123, 598, 19306622, 4, 5, 263, 103, 281, 920, 598, 20, 34, 135, 263, 10
-1, 311, 1, 377, 19317411, 3, 3, 177, 369, 281, 920, 598, 50, 32, 177, 192, 202
-1, 311, 6, 398, 19317411, 2, 3, 32, 369, 281, 920, 598, 50, 32, 177, 192, 202
-1, 311, -1, 421, 19317411, 1, 3, 50, 369, 281, 920, 598, 50, 32, 177, 192, 202
-1, 311, -1, 442, 19317411, 5, 3, 202, 369, 281, 920, 598, 50, 32, 177, 192, 202
-1, 421, -1, 524, 19318016, 5, 4, 361, 50, 281, 920, 598, 43, 192, 410, 476, 361
-1, 421, -1, 557, 19318016, 3, 4, 410, 50, 281, 920, 598, 43, 192, 410, 476, 361
-1, 421, 1, 569, 19318016, 2, 4, 192, 50, 281, 920, 598, 43, 192, 410, 476, 361
123, 598, 182, 598, 19319227, 4, 6, 34, 263, 281, 920, 598, 183, 20, 65, 34, 10
123, 598, 201, 608, 19319227, 3, 6, 65, 263, 281, 920, 598, 183, 20, 65, 34, 10
123, 598, 208, 601, 19319227, 2, 6, 20, 263, 281, 920, 598, 183, 20, 65, 34, 10
1, 569, 6, 599, 19322621, 1, 5, 103, 192, 281, 920, 598, 103, 10000000, 10000000, 10000000, 10000000
6, 599, 123, 598, 19323227, 4, 6, 263, 103, 281, 920, 598, 20, 34, 135, 263, 10
6, 599, 161, 598, 19323227, 3, 6, 135, 103, 281, 920, 598, 20, 34, 135, 263, 10
6, 599, 182, 598, 19323227, 2, 6, 34, 103, 281, 920, 598, 20, 34, 135, 263, 10
208, 601, 243, 601, 19323832, 3, 7, 183, 20, 281, 920, 598, 107, 16, 183, 312, 163
208, 601, 388, 598, 19323833, 1, 7, 107, 20, 281, 920, 598, 107, 16, 183, 312, 163
388, 598, 407, 600, 19324438, 5, 8, 16, 107, 281, 920, 598, 19, 310, 174, 312, 16
388, 598, 448, 601, 19324438, 3, 8, 174, 107, 281, 920, 598, 19, 310, 174, 312, 16
388, 598, 476, 601, 19324438, 2, 8, 310, 107, 281, 920, 598, 19, 310, 174, 312, 16
388, 598, 518, 598, 19324438, 4, 8, 312, 107, 281, 920, 598, 19, 310, 174, 312, 16
476, 601, 576, 598, 19329043, 4, 9, 163, 310, 281, 920, 598, 381, 19, 96, 163, 277
476, 601, 592, 598, 19329043, 3, 9, 96, 310, 281, 920, 598, 381, 19, 96, 163, 277
476, 601, 599, 602, 19329043, 2, 9, 19, 310, 281, 920, 598, 381, 19, 96, 163, 277
599, 602, 654, 601, 19333648, 5, 10, 144, 19, 281, 920, 598, 417, 255, 445, 129, 144
599, 602, 677, 601, 19333649, 2, 10, 255, 19, 281, 920, 598, 417, 255, 445, 129, 144
599, 602, 754, 601, 19333649, 1, 10, 417, 19, 281, 920, 598, 417, 255, 445, 129, 144
599, 602, 780, 601, 19333649, 3, 10, 445, 19, 281, 920, 598, 417, 255, 445, 129, 144
754, 601, 813, 601, 19334254, 4, 11, 70, 417, 281, 920, 598, 281, 375, 260, 70, 362
754, 601, 882, 601, 19334254, 3, 11, 260, 417, 281, 920, 598, 281, 375, 260, 70, 362
754, 601, 912, 601, 19334254, 5, 11, 362, 417, 281, 920, 598, 281, 375, 260, 70, 362
882, 601, 887, 598, 19342859, 3, 12, 375, 260, 281, 920, 598, 281, 362, 375, 10000000, 10000000
882, 601, 912, 601, 19342859, 2, 12, 362, 260, 281, 920, 598, 281, 362, 375, 10000000, 10000000
882, 601, 925, 598, 19342859, 281, 12, 281, 260, 281, 920, 598, 281, 362, 375, 10000000, 10000000
