source_x,source_y,recv_x,recv_y,time,recv_priority,hopcount,recv_id,source_id,destination_id,destination_x,destination_y,pri_1,pri_2,pri_3,pri_4,pri_5
781, 601, 754, 601, 10300200, 5, 1, 137, 228, 247, 185, 1, 84, 90, 140, 250, 137
781, 601, 713, 601, 10300200, 2, 1, 90, 228, 247, 185, 1, 84, 90, 140, 250, 137
781, 601, 685, 598, 10300200, 1, 1, 84, 228, 247, 185, 1, 84, 90, 140, 250, 137
781, 601, 620, 598, 10300200, 4, 1, 250, 228, 247, 185, 1, 84, 90, 140, 250, 137
685, 598, 642, 598, 10300868, 5, 2, 122, 84, 247, 185, 1, 167, 250, 287, 220, 122
685, 598, 620, 598, 10300868, 2, 2, 250, 84, 247, 185, 1, 167, 250, 287, 220, 122
685, 598, 550, 601, 10300868, 1, 2, 167, 84, 247, 185, 1, 167, 250, 287, 220, 122
550, 601, 510, 601, 10301536, 2, 3, 16, 167, 247, 185, 1, 96, 16, 156, 85, 20
550, 601, 484, 598, 10301536, 1, 3, 96, 167, 247, 185, 1, 96, 16, 156, 85, 20
550, 601, 447, 598, 10301537, 3, 3, 156, 167, 247, 185, 1, 96, 16, 156, 85, 20
484, 598, 447, 598, 10302205, 2, 4, 156, 96, 247, 185, 1, 20, 156, 148, 256, 10000000
484, 598, 315, 601, 10302205, 1, 4, 20, 96, 247, 185, 1, 20, 156, 148, 256, 10000000
315, 601, 271, 598, 10302873, 1, 5, 107, 20, 247, 185, 1, 107, 201, 103, 10000000, 10000000
798, 744, 798, 708, 11300200, 2, 1, 37, 165, 267, 201, 212, 125, 37, 94, 238, 273
798, 744, 801, 692, 11300200, 3, 1, 94, 165, 267, 201, 212, 125, 37, 94, 238, 273
798, 744, 801, 660, 11300200, 1, 1, 125, 165, 267, 201, 212, 125, 37, 94, 238, 273
798, 744, 801, 625, 11300200, 4, 1, 238, 165, 267, 201, 212, 125, 37, 94, 238, 273
798, 744, 787, 601, 11300200, 5, 1, 273, 165, 267, 201, 212, 125, 37, 94, 238, 273
801, 660, 787, 601, 11300868, 5, 2, 273, 125, 267, 201, 212, 87, 137, 140, 228, 273
801, 660, 775, 601, 11300868, 4, 2, 228, 125, 267, 201, 212, 87, 137, 140, 228, 273
801, 660, 798, 541, 11300868, 3, 2, 140, 125, 267, 201, 212, 87, 137, 140, 228, 273
801, 660, 798, 505, 11300868, 1, 2, 87, 125, 267, 201, 212, 87, 137, 140, 228, 273
798, 505, 787, 401, 11301537, 1, 3, 260, 87, 267, 201, 212, 260, 211, 40, 118, 16
798, 505, 798, 310, 11301537, 3, 3, 40, 87, 267, 201, 212, 260, 211, 40, 118, 16
787, 401, 773, 401, 11302205, 5, 4, 211, 260, 267, 201, 212, 81, 114, 118, 35, 211
787, 401, 746, 401, 11302205, 3, 4, 118, 260, 267, 201, 212, 81, 114, 118, 35, 211
787, 401, 706, 401, 11302205, 1, 4, 81, 260, 267, 201, 212, 81, 114, 118, 35, 211
787, 401, 695, 398, 11302205, 4, 4, 35, 260, 267, 201, 212, 81, 114, 118, 35, 211
787, 401, 655, 398, 11302205, 2, 4, 114, 260, 267, 201, 212, 81, 114, 118, 35, 211
706, 401, 695, 398, 11302873, 2, 5, 35, 81, 267, 201, 212, 138, 35, 114, 53, 10000000
706, 401, 655, 398, 11302873, 3, 5, 114, 81, 267, 201, 212, 138, 35, 114, 53, 10000000
695, 398, 655, 398, 11307541, 3, 6, 114, 35, 267, 201, 212, 53, 138, 114, 187, 160
798, 310, 801, 226, 11310205, 4, 4, 227, 40, 267, 201, 212, 209, 190, 274, 227, 249
798, 310, 801, 212, 11310205, 3, 4, 274, 40, 267, 201, 212, 209, 190, 274, 227, 249
798, 310, 798, 175, 11310205, 1, 4, 209, 40, 267, 201, 212, 209, 190, 274, 227, 249
798, 310, 798, 143, 11310206, 2, 4, 190, 40, 267, 201, 212, 209, 190, 274, 227, 249
798, 175, 772, 201, 11310874, 3, 5, 249, 209, 267, 201, 212, 86, 194, 249, 216, 49
775, 601, 743, 601, 11313536, 4, 3, 137, 228, 267, 201, 212, 90, 84, 250, 137, 167
775, 601, 699, 601, 11313536, 1, 3, 90, 228, 267, 201, 212, 90, 84, 250, 137, 167
775, 601, 697, 598, 11313536, 2, 3, 84, 228, 267, 201, 212, 90, 84, 250, 137, 167
699, 601, 697, 598, 11314204, 3, 4, 84, 90, 267, 201, 212, 96, 122, 84, 16, 167
699, 601, 654, 598, 11314204, 2, 4, 122, 90, 267, 201, 212, 96, 122, 84, 16, 167
699, 601, 539, 601, 11314205, 5, 4, 167, 90, 267, 201, 212, 96, 122, 84, 16, 167
655, 398, 543, 401, 11316209, 3, 7, 138, 114, 267, 201, 212, 160, 53, 138, 187, 47
655, 398, 456, 398, 11316210, 1, 7, 160, 114, 267, 201, 212, 160, 53, 138, 187, 47
456, 398, 344, 401, 11316878, 2, 8, 162, 160, 267, 201, 212, 18, 162, 45, 256, 201
456, 398, 298, 401, 11316878, 1, 8, 18, 160, 267, 201, 212, 18, 162, 45, 256, 201
298, 401, 296, 398, 11317546, 3, 9, 45, 18, 267, 201, 212, 251, 172, 45, 239, 151
298, 401, 260, 398, 11317546, 2, 9, 172, 18, 267, 201, 212, 251, 172, 45, 239, 151
298, 401, 226, 398, 11317547, 1, 9, 251, 18, 267, 201, 212, 251, 172, 45, 239, 151
298, 401, 173, 401, 11317547, 4, 9, 239, 18, 267, 201, 212, 251, 172, 45, 239, 151
226, 398, 198, 387, 11318215, 4, 10, 259, 251, 267, 201, 212, 174, 206, 13, 259, 180
654, 598, 598, 587, 11318873, 4, 5, 287, 122, 267, 201, 212, 167, 16, 220, 287, 124
654, 598, 539, 601, 11318873, 1, 5, 167, 122, 267, 201, 212, 167, 16, 220, 287, 124
654, 598, 495, 601, 11318873, 2, 5, 16, 122, 267, 201, 212, 167, 16, 220, 287, 124
539, 601, 497, 598, 11319541, 2, 6, 96, 167, 267, 201, 212, 156, 96, 16, 20, 10000000
539, 601, 495, 601, 11319541, 3, 6, 16, 167, 267, 201, 212, 156, 96, 16, 20, 10000000
539, 601, 460, 598, 11319541, 1, 6, 156, 167, 267, 201, 212, 156, 96, 16, 20, 10000000
772, 201, 743, 201, 11319542, 4, 6, 194, 249, 267, 201, 212, 86, 102, 131, 194, 216
772, 201, 702, 201, 11319542, 1, 6, 86, 249, 267, 201, 212, 86, 102, 131, 194, 216
772, 201, 691, 198, 11319542, 2, 6, 102, 249, 267, 201, 212, 86, 102, 131, 194, 216
772, 201, 660, 198, 11319542, 3, 6, 131, 249, 267, 201, 212, 86, 102, 131, 194, 216
460, 598, 302, 601, 11320210, 1, 7, 20, 156, 267, 201, 212, 20, 107, 256, 10000000, 10000000
702, 201, 691, 198, 11320210, 5, 7, 102, 86, 267, 201, 212, 266, 116, 216, 131, 102
702, 201, 660, 198, 11320210, 4, 7, 131, 86, 267, 201, 212, 266, 116, 216, 131, 102
702, 201, 587, 201, 11320210, 1, 7, 266, 86, 267, 201, 212, 266, 116, 216, 131, 102
702, 201, 575, 201, 11320210, 3, 7, 216, 86, 267, 201, 212, 266, 116, 216, 131, 102
302, 601, 285, 598, 11320878, 1, 8, 107, 20, 267, 201, 212, 107, 201, 10000000, 10000000, 10000000
587, 201, 541, 201, 11320878, 3, 8, 116, 266, 267, 201, 212, 221, 49, 116, 112, 88
587, 201, 510, 198, 11320878, 5, 8, 88, 266, 267, 201, 212, 221, 49, 116, 112, 88
587, 201, 501, 201, 11320878, 2, 8, 49, 266, 267, 201, 212, 221, 49, 116, 112, 88
587, 201, 462, 198, 11320879, 4, 8, 112, 266, 267, 201, 212, 221, 49, 116, 112, 88
587, 201, 424, 198, 11320879, 1, 8, 221, 266, 267, 201, 212, 221, 49, 116, 112, 88
424, 198, 387, 201, 11321547, 5, 9, 264, 221, 267, 201, 212, 71, 178, 218, 153, 264
424, 198, 374, 201, 11321547, 3, 9, 218, 221, 267, 201, 212, 71, 178, 218, 153, 264
424, 198, 344, 201, 11321547, 2, 9, 178, 221, 267, 201, 212, 71, 178, 218, 153, 264
424, 198, 253, 198, 11321547, 4, 9, 153, 221, 267, 201, 212, 71, 178, 218, 153, 264
344, 201, 312, 201, 11326215, 2, 10, 71, 178, 267, 201, 212, 27, 71, 153, 215, 123
344, 201, 294, 198, 11326215, 1, 10, 27, 178, 267, 201, 212, 27, 71, 153, 215, 123
344, 201, 253, 198, 11326215, 3, 10, 153, 178, 267, 201, 212, 27, 71, 153, 215, 123
294, 198, 253, 198, 11326883, 5, 11, 153, 27, 267, 201, 212, 267, 226, 215, 240, 153
294, 198, 175, 201, 11326884, 3, 11, 215, 27, 267, 201, 212, 267, 226, 215, 240, 153
198, 387, 198, 337, 11330883, 5, 11, 174, 259, 267, 201, 212, 126, 226, 13, 267, 174
198, 387, 198, 301, 11330883, 3, 11, 13, 259, 267, 201, 212, 126, 226, 13, 267, 174
198, 387, 201, 258, 11330883, 1, 11, 126, 259, 267, 201, 212, 126, 226, 13, 267, 174
198, 387, 201, 225, 11330883, 2, 11, 226, 259, 267, 201, 212, 126, 226, 13, 267, 174
201, 258, 201, 225, 11331551, 2, 12, 226, 126, 267, 201, 212, 267, 226, 215, 153, 240
201, 258, 201, 213, 11331551, 267, 12, 267, 126, 267, 201, 212, 267, 226, 215, 153, 240
201, 225, 201, 213, 11336219, 267, 13, 267, 226, 267, 201, 212, 267, 10000000, 10000000, 10000000, 10000000
253, 198, 201, 213, 11343551, 267, 12, 267, 153, 267, 201, 212, 267, 226, 215, 240, 126
175, 201, 201, 213, 11352220, 267, 13, 267, 215, 267, 201, 212, 267, 226, 10000000, 10000000, 10000000
201, 225, 201, 213, 11356888, 267, 14, 267, 226, 267, 201, 212, 267, 10000000, 10000000, 10000000, 10000000
784, 601, 732, 601, 12300200, 3, 1, 137, 273, 240, 198, 167, 90, 122, 137, 140, 87
784, 601, 798, 530, 12300200, 4, 1, 140, 273, 240, 198, 167, 90, 122, 137, 140, 87
784, 601, 686, 601, 12300200, 1, 1, 90, 273, 240, 198, 167, 90, 122, 137, 140, 87
686, 601, 665, 598, 12300868, 4, 2, 122, 90, 240, 198, 167, 96, 167, 16, 122, 250
686, 601, 635, 598, 12300868, 5, 2, 250, 90, 240, 198, 167, 96, 167, 16, 122, 250
686, 601, 528, 601, 12300868, 2, 2, 167, 90, 240, 198, 167, 96, 167, 16, 122, 250
528, 601, 510, 598, 12305536, 3, 3, 96, 167, 240, 198, 167, 156, 16, 96, 10000000, 10000000
528, 601, 482, 601, 12305537, 2, 3, 16, 167, 240, 198, 167, 156, 16, 96, 10000000, 10000000
528, 601, 475, 598, 12305537, 1, 3, 156, 167, 240, 198, 167, 156, 16, 96, 10000000, 10000000
475, 598, 298, 598, 12306205, 2, 4, 107, 156, 240, 198, 167, 20, 107, 10000000, 10000000, 10000000
798, 530, 798, 491, 12312868, 1, 2, 87, 140, 240, 198, 167, 87, 260, 211, 40, 10000000
798, 491, 784, 401, 12313536, 1, 3, 260, 87, 240, 198, 167, 260, 211, 40, 118, 10000000
784, 401, 765, 401, 12314204, 5, 4, 211, 260, 240, 198, 167, 114, 81, 35, 118, 211
784, 401, 733, 401, 12314204, 4, 4, 118, 260, 240, 198, 167, 114, 81, 35, 118, 211
784, 401, 707, 398, 12314204, 3, 4, 35, 260, 240, 198, 167, 114, 81, 35, 118, 211
784, 401, 693, 401, 12314204, 2, 4, 81, 260, 240, 198, 167, 114, 81, 35, 118, 211
784, 401, 667, 398, 12314205, 1, 4, 114, 260, 240, 198, 167, 114, 81, 35, 118, 211
667, 398, 530, 401, 12314873, 2, 5, 138, 114, 240, 198, 167, 53, 138, 160, 24, 187
530, 401, 512, 398, 12319541, 4, 6, 24, 138, 240, 198, 167, 162, 160, 53, 24, 18
530, 401, 492, 401, 12319541, 3, 6, 53, 138, 240, 198, 167, 162, 160, 53, 24, 18
530, 401, 467, 398, 12319541, 2, 6, 160, 138, 240, 198, 167, 162, 160, 53, 24, 18
467, 398, 335, 401, 12324210, 1, 7, 162, 160, 240, 198, 167, 162, 256, 18, 201, 255
335, 401, 309, 398, 12324878, 4, 8, 45, 162, 240, 198, 167, 172, 18, 251, 45, 111
335, 401, 284, 401, 12324878, 2, 8, 18, 162, 240, 198, 167, 172, 18, 251, 45, 111
335, 401, 274, 398, 12324878, 1, 8, 172, 162, 240, 198, 167, 172, 18, 251, 45, 111
335, 401, 235, 398, 12324878, 3, 8, 251, 162, 240, 198, 167, 172, 18, 251, 45, 111
274, 398, 235, 398, 12325546, 4, 9, 251, 172, 240, 198, 167, 259, 206, 174, 251, 13
235, 398, 198, 384, 12338214, 3, 10, 259, 251, 240, 198, 167, 174, 206, 259, 13, 180
198, 384, 198, 323, 12346882, 4, 11, 174, 259, 240, 198, 167, 126, 226, 13, 174, 267
198, 384, 198, 286, 12346882, 3, 11, 13, 259, 240, 198, 167, 126, 226, 13, 174, 267
198, 384, 201, 272, 12346883, 1, 11, 126, 259, 240, 198, 167, 126, 226, 13, 174, 267
198, 384, 201, 216, 12346883, 5, 11, 267, 259, 240, 198, 167, 126, 226, 13, 174, 267
201, 272, 201, 216, 12347551, 4, 12, 267, 126, 240, 198, 167, 240, 180, 215, 267, 123
201, 272, 198, 164, 12347551, 240, 12, 240, 126, 240, 198, 167, 240, 180, 215, 267, 123
198, 126, 198, 164, 12352219, 240, 13, 240, 180, 240, 198, 167, 240, 215, 153, 10000000, 10000000
801, 720, 801, 643, 13300200, 4, 1, 238, 94, 17, 75, 201, 273, 87, 140, 238, 228
801, 643, 780, 601, 13312868, 5, 2, 273, 238, 17, 75, 201, 87, 137, 140, 228, 273
801, 643, 758, 601, 13312868, 4, 2, 228, 238, 17, 75, 201, 87, 137, 140, 228, 273
801, 643, 798, 478, 13312868, 1, 2, 87, 238, 17, 75, 201, 87, 137, 140, 228, 273
798, 478, 781, 401, 13313537, 2, 3, 260, 87, 17, 75, 201, 58, 260, 40, 211, 118
798, 478, 801, 335, 13313537, 1, 3, 58, 87, 17, 75, 201, 58, 260, 40, 211, 118
801, 335, 798, 287, 13314205, 5, 4, 40, 58, 17, 75, 201, 249, 209, 274, 227, 40
801, 335, 801, 245, 13314205, 4, 4, 227, 58, 17, 75, 201, 249, 209, 274, 227, 40
801, 335, 801, 218, 13314205, 3, 4, 274, 58, 17, 75, 201, 249, 209, 274, 227, 40
801, 335, 798, 156, 13314205, 2, 4, 209, 58, 17, 75, 201, 249, 209, 274, 227, 40
781, 401, 755, 401, 13318205, 5, 4, 211, 260, 17, 75, 201, 81, 114, 118, 35, 211
781, 401, 720, 398, 13318205, 4, 4, 35, 260, 17, 75, 201, 81, 114, 118, 35, 211
781, 401, 720, 401, 13318205, 3, 4, 118, 260, 17, 75, 201, 81, 114, 118, 35, 211
781, 401, 681, 401, 13318205, 1, 4, 81, 260, 17, 75, 201, 81, 114, 118, 35, 211
781, 401, 680, 398, 13318205, 2, 4, 114, 260, 17, 75, 201, 81, 114, 118, 35, 211
681, 401, 680, 398, 13318873, 2, 5, 114, 81, 17, 75, 201, 138, 114, 53, 10000000, 10000000
681, 401, 516, 401, 13318873, 1, 5, 138, 81, 17, 75, 201, 138, 114, 53, 10000000, 10000000
516, 401, 479, 401, 13319542, 3, 6, 53, 138, 17, 75, 201, 162, 160, 53, 18, 10000000
516, 401, 479, 398, 13319542, 2, 6, 160, 138, 17, 75, 201, 162, 160, 53, 18, 10000000
758, 601, 724, 598, 13325536, 3, 3, 84, 228, 17, 75, 201, 90, 250, 84, 137, 167
758, 601, 721, 601, 13325536, 4, 3, 137, 228, 17, 75, 201, 90, 250, 84, 137, 167
758, 601, 672, 601, 13325536, 1, 3, 90, 228, 17, 75, 201, 90, 250, 84, 137, 167
758, 601, 644, 598, 13325536, 2, 3, 250, 228, 17, 75, 201, 90, 250, 84, 137, 167
672, 601, 678, 598, 13326204, 5, 4, 122, 90, 17, 75, 201, 96, 167, 250, 16, 122
672, 601, 644, 598, 13326204, 3, 4, 250, 90, 17, 75, 201, 96, 167, 250, 16, 122
672, 601, 524, 598, 13326205, 1, 4, 96, 90, 17, 75, 201, 96, 167, 250, 16, 122
672, 601, 516, 601, 13326205, 2, 4, 167, 90, 17, 75, 201, 96, 167, 250, 16, 122
524, 598, 491, 598, 13326873, 4, 5, 156, 96, 17, 75, 201, 107, 20, 16, 156, 148
524, 598, 468, 601, 13326873, 3, 5, 16, 96, 17, 75, 201, 107, 20, 16, 156, 148
678, 598, 598, 579, 13342873, 3, 5, 287, 122, 17, 75, 201, 167, 96, 287, 220, 16
598, 579, 598, 554, 13351541, 5, 6, 220, 287, 17, 75, 201, 85, 124, 16, 167, 220
598, 579, 598, 514, 13351541, 2, 6, 124, 287, 17, 75, 201, 85, 124, 16, 167, 220
598, 514, 598, 477, 13356209, 1, 7, 85, 124, 17, 75, 201, 85, 187, 10000000, 10000000, 10000000
598, 477, 598, 319, 13356877, 1, 8, 187, 85, 17, 75, 201, 187, 47, 138, 10000000, 10000000
598, 319, 598, 276, 13357546, 1, 9, 47, 187, 17, 75, 201, 47, 53, 266, 138, 216
598, 276, 578, 201, 13358214, 1, 10, 266, 47, 17, 75, 201, 266, 216, 116, 12, 10000000
578, 201, 511, 201, 13358882, 3, 11, 116, 266, 17, 75, 201, 221, 49, 116, 264, 112
578, 201, 491, 198, 13358882, 5, 11, 112, 266, 17, 75, 201, 221, 49, 116, 264, 112
578, 201, 477, 201, 13358882, 2, 11, 49, 266, 17, 75, 201, 221, 49, 116, 264, 112
578, 201, 443, 198, 13358882, 1, 11, 221, 266, 17, 75, 201, 221, 49, 116, 264, 112
443, 198, 380, 201, 13359550, 4, 12, 264, 221, 17, 75, 201, 71, 178, 218, 264, 280
443, 198, 356, 201, 13359551, 3, 12, 218, 221, 17, 75, 201, 71, 178, 218, 264, 280
443, 198, 317, 201, 13359551, 2, 12, 178, 221, 17, 75, 201, 71, 178, 218, 264, 280
317, 201, 287, 201, 13364219, 3, 13, 71, 178, 17, 75, 201, 123, 153, 71, 215, 10000000
317, 201, 280, 198, 13364219, 2, 13, 153, 178, 17, 75, 201, 123, 153, 71, 215, 10000000
317, 201, 156, 201, 13364219, 4, 13, 215, 178, 17, 75, 201, 123, 153, 71, 215, 10000000
156, 201, 128, 198, 13376887, 3, 14, 56, 215, 17, 75, 201, 17, 197, 56, 123, 207
156, 201, 121, 201, 13376887, 4, 14, 123, 215, 17, 75, 201, 17, 197, 56, 123, 207
156, 201, 82, 198, 13376887, 2, 14, 197, 215, 17, 75, 201, 17, 197, 56, 123, 207
156, 201, 70, 201, 13376887, 17, 14, 17, 215, 17, 75, 201, 17, 197, 56, 123, 207
82, 198, 70, 201, 13381555, 17, 15, 17, 197, 17, 75, 201, 17, 10000000, 10000000, 10000000, 10000000
903, 798, 875, 801, 14300200, 5, 1, 51, 192, 278, 201, 17, 272, 200, 6, 225, 51
903, 798, 857, 798, 14300200, 2, 1, 200, 192, 278, 201, 17, 272, 200, 6, 225, 51
903, 798, 823, 798, 14300200, 1, 1, 272, 192, 278, 201, 17, 272, 200, 6, 225, 51
823, 798, 740, 798, 14300868, 3, 2, 6, 272, 278, 201, 17, 217, 175, 6, 165, 37
823, 798, 703, 798, 14300868, 2, 2, 175, 272, 278, 201, 17, 217, 175, 6, 165, 37
703, 798, 574, 801, 14305537, 4, 3, 271, 175, 278, 201, 17, 234, 135, 296, 271, 294
703, 798, 541, 801, 14305537, 1, 3, 234, 175, 278, 201, 17, 234, 135, 296, 271, 294
703, 798, 497, 801, 14305537, 2, 3, 135, 175, 278, 201, 17, 234, 135, 296, 271, 294
541, 801, 538, 798, 14306205, 4, 4, 82, 234, 278, 201, 17, 204, 33, 135, 82, 185
541, 801, 497, 801, 14306205, 3, 4, 135, 234, 278, 201, 17, 204, 33, 135, 82, 185
541, 801, 473, 801, 14306205, 2, 4, 33, 234, 278, 201, 17, 204, 33, 135, 82, 185
541, 801, 347, 801, 14306205, 1, 4, 204, 234, 278, 201, 17, 204, 33, 135, 82, 185
347, 801, 298, 801, 14306874, 4, 5, 196, 204, 278, 201, 17, 248, 130, 95, 196, 108
347, 801, 297, 798, 14306874, 2, 5, 130, 204, 278, 201, 17, 248, 130, 95, 196, 108
347, 801, 262, 801, 14306874, 3, 5, 95, 204, 278, 201, 17, 248, 130, 95, 196, 108
347, 801, 261, 798, 14306874, 1, 5, 248, 204, 278, 201, 17, 248, 130, 95, 196, 108
261, 798, 146, 798, 14307542, 2, 6, 77, 248, 278, 201, 17, 10, 77, 10000000, 10000000, 10000000
146, 798, 261, 798, 14312210, 1, 7, 248, 77, 278, 201, 17, 248, 130, 10000000, 10000000, 10000000
538, 798, 473, 801, 14318873, 5, 5, 33, 82, 278, 201, 17, 204, 258, 288, 196, 33
538, 798, 386, 801, 14318873, 3, 5, 288, 82, 278, 201, 17, 204, 258, 288, 196, 33
538, 798, 372, 801, 14318873, 2, 5, 258, 82, 278, 201, 17, 204, 258, 288, 196, 33
372, 801, 298, 801, 14323542, 4, 6, 196, 258, 278, 201, 17, 108, 130, 95, 196, 248
372, 801, 297, 798, 14323542, 2, 6, 130, 258, 278, 201, 17, 108, 130, 95, 196, 248
372, 801, 261, 801, 14323542, 3, 6, 95, 258, 278, 201, 17, 108, 130, 95, 196, 248
372, 801, 261, 798, 14323542, 5, 6, 248, 258, 278, 201, 17, 108, 130, 95, 196, 248
297, 798, 262, 798, 14328210, 1, 7, 248, 130, 278, 201, 17, 248, 77, 95, 10, 10000000
297, 798, 261, 801, 14328210, 3, 7, 95, 130, 278, 201, 17, 248, 77, 95, 10, 10000000
297, 798, 146, 798, 14328210, 2, 7, 77, 130, 278, 201, 17, 248, 77, 95, 10, 10000000
262, 798, 146, 798, 14328878, 2, 8, 77, 248, 278, 201, 17, 10, 77, 10000000, 10000000, 10000000
146, 798, 262, 798, 14333546, 1, 9, 248, 77, 278, 201, 17, 248, 130, 10000000, 10000000, 10000000
146, 798, 297, 798, 14333547, 2, 9, 130, 77, 278, 201, 17, 248, 130, 10000000, 10000000, 10000000
262, 798, 147, 798, 14334215, 2, 10, 77, 248, 278, 201, 17, 10, 77, 10000000, 10000000, 10000000
147, 798, 262, 798, 14338883, 1, 11, 248, 77, 278, 201, 17, 248, 130, 10000000, 10000000, 10000000
147, 798, 297, 798, 14338883, 2, 11, 130, 77, 278, 201, 17, 248, 130, 10000000, 10000000, 10000000
262, 798, 147, 798, 14339552, 2, 12, 77, 248, 278, 201, 17, 10, 77, 10000000, 10000000, 10000000
147, 798, 262, 798, 14344220, 1, 13, 248, 77, 278, 201, 17, 248, 130, 10000000, 10000000, 10000000
147, 798, 297, 798, 14344220, 2, 13, 130, 77, 278, 201, 17, 248, 130, 10000000, 10000000, 10000000
262, 798, 147, 798, 14344888, 2, 14, 77, 248, 278, 201, 17, 10, 77, 10000000, 10000000, 10000000
798, 453, 768, 401, 15300200, 2, 1, 260, 87, 180, 198, 104, 120, 260, 58, 40, 211
798, 453, 801, 365, 15300200, 3, 1, 58, 87, 180, 198, 104, 120, 260, 58, 40, 211
798, 453, 801, 317, 15300200, 1, 1, 120, 87, 180, 198, 104, 120, 260, 58, 40, 211
801, 317, 801, 232, 15300868, 3, 2, 274, 120, 180, 198, 104, 190, 209, 274, 75, 249
768, 401, 744, 398, 15304868, 5, 2, 35, 260, 180, 198, 104, 81, 118, 114, 211, 35
768, 401, 736, 401, 15304868, 4, 2, 211, 260, 180, 198, 104, 81, 118, 114, 211, 35
768, 401, 704, 398, 15304868, 3, 2, 114, 260, 180, 198, 104, 81, 118, 114, 211, 35
768, 401, 693, 401, 15304868, 2, 2, 118, 260, 180, 198, 104, 81, 118, 114, 211, 35
768, 401, 658, 401, 15304868, 1, 2, 81, 260, 180, 198, 104, 81, 118, 114, 211, 35
658, 401, 551, 398, 15305536, 3, 3, 24, 81, 180, 198, 104, 160, 138, 24, 53, 10000000
658, 401, 503, 398, 15305537, 1, 3, 160, 81, 180, 198, 104, 160, 138, 24, 53, 10000000
658, 401, 489, 401, 15305537, 2, 3, 138, 81, 180, 198, 104, 160, 138, 24, 53, 10000000
503, 398, 455, 401, 15306205, 2, 4, 53, 160, 180, 198, 104, 162, 53, 256, 255, 45
801, 232, 752, 198, 15309536, 4, 3, 102, 274, 180, 198, 104, 194, 249, 86, 102, 298
455, 401, 348, 398, 15310873, 2, 5, 45, 53, 180, 198, 104, 251, 45, 172, 162, 18
455, 401, 319, 398, 15310873, 3, 5, 172, 53, 180, 198, 104, 251, 45, 172, 162, 18
455, 401, 308, 401, 15310873, 4, 5, 162, 53, 180, 198, 104, 251, 45, 172, 162, 18
348, 398, 319, 398, 15315541, 4, 6, 172, 45, 180, 198, 104, 251, 18, 239, 172, 162
348, 398, 308, 401, 15315541, 5, 6, 162, 45, 180, 198, 104, 251, 18, 239, 172, 162
348, 398, 275, 398, 15315541, 1, 6, 251, 45, 180, 198, 104, 251, 18, 239, 172, 162
348, 398, 245, 401, 15315541, 2, 6, 18, 45, 180, 198, 104, 251, 18, 239, 172, 162
275, 398, 245, 401, 15316209, 5, 7, 18, 251, 180, 198, 104, 259, 206, 174, 239, 18
275, 398, 128, 401, 15316210, 4, 7, 239, 251, 180, 198, 104, 259, 206, 174, 239, 18
752, 198, 700, 201, 15322205, 5, 4, 194, 102, 180, 198, 104, 216, 266, 116, 86, 194
752, 198, 645, 201, 15322205, 4, 4, 86, 102, 180, 198, 104, 216, 266, 116, 86, 194
752, 198, 562, 201, 15322205, 2, 4, 266, 102, 180, 198, 104, 216, 266, 116, 86, 194
562, 201, 482, 201, 15326873, 4, 5, 116, 266, 180, 198, 104, 268, 49, 221, 116, 292
562, 201, 467, 198, 15326873, 3, 5, 221, 266, 180, 198, 104, 268, 49, 221, 116, 292
562, 201, 454, 201, 15326873, 2, 5, 49, 266, 180, 198, 104, 268, 49, 221, 116, 292
562, 201, 438, 198, 15326873, 1, 5, 268, 266, 180, 198, 104, 268, 49, 221, 116, 292
562, 201, 416, 198, 15326874, 5, 5, 292, 266, 180, 198, 104, 268, 49, 221, 116, 292
438, 198, 366, 201, 15327542, 5, 6, 264, 268, 180, 198, 104, 71, 178, 218, 27, 264
438, 198, 357, 198, 15327542, 4, 6, 27, 268, 180, 198, 104, 71, 178, 218, 27, 264
438, 198, 331, 201, 15327542, 3, 6, 218, 268, 180, 198, 104, 71, 178, 218, 27, 264
128, 401, 244, 401, 15328878, 4, 8, 18, 239, 180, 198, 104, 259, 206, 174, 18, 251
331, 201, 307, 198, 15336210, 5, 7, 153, 218, 180, 198, 104, 56, 71, 178, 215, 153
331, 201, 290, 201, 15336210, 3, 7, 178, 218, 180, 198, 104, 56, 71, 178, 215, 153
331, 201, 264, 201, 15336210, 2, 7, 71, 218, 180, 198, 104, 56, 71, 178, 215, 153
264, 201, 157, 198, 15340878, 2, 8, 56, 71, 180, 198, 104, 215, 56, 17, 10000000, 10000000
264, 201, 131, 201, 15340879, 1, 8, 215, 71, 180, 198, 104, 215, 56, 17, 10000000, 10000000
131, 201, 157, 198, 15341547, 2, 9, 56, 215, 180, 198, 104, 240, 56, 180, 60, 10000000
244, 401, 127, 401, 15341547, 1, 9, 239, 18, 180, 198, 104, 239, 10000000, 10000000, 10000000, 10000000
127, 401, 244, 401, 15342215, 4, 10, 18, 239, 180, 198, 104, 259, 206, 174, 18, 251
244, 401, 127, 401, 15354883, 1, 11, 239, 18, 180, 198, 104, 239, 10000000, 10000000, 10000000, 10000000
127, 401, 244, 401, 15355552, 4, 12, 18, 239, 180, 198, 104, 259, 206, 174, 18, 251
127, 401, 275, 398, 15355552, 5, 12, 251, 239, 180, 198, 104, 259, 206, 174, 18, 251
244, 401, 127, 401, 15368220, 1, 13, 239, 18, 180, 198, 104, 239, 10000000, 10000000, 10000000, 10000000
127, 401, 244, 401, 15368889, 4, 14, 18, 239, 180, 198, 104, 259, 206, 174, 18, 251
244, 401, 127, 401, 15381557, 1, 15, 239, 18, 180, 198, 104, 239, 10000000, 10000000, 10000000, 10000000
127, 401, 244, 401, 15382225, 4, 16, 18, 239, 180, 198, 104, 259, 206, 174, 18, 251
244, 401, 127, 401, 15394894, 1, 17, 239, 18, 180, 198, 104, 239, 10000000, 10000000, 10000000, 10000000
127, 401, 244, 401, 15395562, 4, 18, 18, 239, 180, 198, 104, 259, 206, 174, 18, 251
127, 401, 276, 398, 15395562, 5, 18, 251, 239, 180, 198, 104, 259, 206, 174, 18, 251
244, 401, 127, 401, 15408230, 1, 19, 239, 18, 180, 198, 104, 239, 10000000, 10000000, 10000000, 10000000
127, 401, 243, 401, 15408899, 4, 20, 18, 239, 180, 198, 104, 259, 206, 174, 18, 251
127, 401, 276, 398, 15408899, 5, 20, 251, 239, 180, 198, 104, 259, 206, 174, 18, 251
243, 401, 126, 401, 15421567, 1, 21, 239, 18, 180, 198, 104, 239, 10000000, 10000000, 10000000, 10000000
962, 598, 871, 601, 16300200, 4, 1, 183, 9, 7, 351, -1, 70, 228, 273, 183, 137
962, 598, 841, 601, 16300200, 1, 1, 70, 9, 7, 351, -1, 70, 228, 273, 183, 137
841, 601, 755, 601, 16300868, 5, 2, 273, 70, 7, 351, -1, 250, 137, 122, 228, 273
841, 601, 719, 601, 16300868, 4, 2, 228, 70, 7, 351, -1, 250, 137, 122, 228, 273
841, 601, 715, 598, 16300868, 3, 2, 122, 70, 7, 351, -1, 250, 137, 122, 228, 273
715, 598, 681, 598, 16309536, 4, 3, 250, 122, 7, 351, -1, 96, 167, 90, 250, 287
715, 598, 632, 601, 16309537, 3, 3, 90, 122, 7, 351, -1, 96, 167, 90, 250, 287
632, 601, 565, 598, 16318205, 1, 4, 96, 90, 7, 351, -1, 96, 167, 156, 16, 10000000
632, 601, 536, 598, 16318205, 3, 4, 156, 90, 7, 351, -1, 96, 167, 156, 16, 10000000
632, 601, 482, 601, 16318205, 2, 4, 167, 90, 7, 351, -1, 96, 167, 156, 16, 10000000
565, 598, 536, 598, 16318873, 3, 5, 156, 96, 7, 351, -1, 16, 167, 156, 21, 20
565, 598, 482, 601, 16318873, 2, 5, 167, 96, 7, 351, -1, 16, 167, 156, 21, 20
565, 598, 427, 601, 16318873, 1, 5, 16, 96, 7, 351, -1, 16, 167, 156, 21, 20
427, 601, 353, 598, 16319542, 1, 6, 107, 16, 7, 351, -1, 107, 10000000, 10000000, 10000000, 10000000
620, 601, 598, 611, 17300200, 5, 1, 19, 90, 126, 201, 325, 167, 156, 96, 21, 19
620, 601, 601, 581, 17300200, 4, 1, 21, 90, 126, 201, 325, 167, 156, 96, 21, 19
620, 601, 576, 598, 17300200, 3, 1, 96, 90, 126, 201, 325, 167, 156, 96, 21, 19
620, 601, 551, 598, 17300200, 2, 1, 156, 90, 126, 201, 325, 167, 156, 96, 21, 19
620, 601, 471, 601, 17300200, 1, 1, 167, 90, 126, 201, 325, 167, 156, 96, 21, 19
471, 601, 416, 601, 17300868, 2, 2, 16, 167, 126, 201, 325, 107, 16, 10000000, 10000000, 10000000
471, 601, 367, 598, 17300868, 1, 2, 107, 167, 126, 201, 325, 107, 16, 10000000, 10000000, 10000000
367, 598, 226, 601, 17301537, 1, 3, 20, 107, 126, 201, 325, 20, 34, 103, 128, 10000000
226, 601, 201, 581, 17302205, 1, 4, 65, 20, 126, 201, 325, 65, 34, 10000000, 10000000, 10000000
226, 601, 160, 598, 17302205, 2, 4, 34, 20, 126, 201, 325, 65, 34, 10000000, 10000000, 10000000
201, 581, 201, 541, 17302873, 5, 5, 186, 65, 126, 201, 325, 265, 259, 254, 206, 186
201, 581, 201, 496, 17302873, 3, 5, 254, 65, 126, 201, 325, 265, 259, 254, 206, 186
201, 581, 201, 452, 17302873, 1, 5, 265, 65, 126, 201, 325, 265, 259, 254, 206, 186
201, 452, 201, 377, 17303542, 4, 6, 23, 265, 126, 201, 325, 126, 206, 259, 23, 174
201, 452, 198, 349, 17303542, 3, 6, 259, 265, 126, 201, 325, 126, 206, 259, 23, 174
201, 452, 201, 344, 17303542, 126, 6, 126, 265, 126, 201, 325, 126, 206, 259, 23, 174
198, 349, 201, 344, 17312210, 126, 7, 126, 259, 126, 201, 325, 126, 206, 10000000, 10000000, 10000000
198, 300, 201, 344, 17316878, 126, 8, 126, 206, 126, 201, 325, 126, 10000000, 10000000, 10000000, 10000000
201, 378, 201, 344, 17320878, 126, 8, 126, 23, 126, 201, 325, 126, 206, 259, 226, 10000000
198, 300, 201, 344, 17325546, 126, 9, 126, 206, 126, 201, 325, 126, 10000000, 10000000, 10000000, 10000000
798, 625, 784, 598, 18300200, 3, 1, 84, 37, 243, 288, -1, 140, 122, 84, 87, 273
798, 625, 740, 598, 18300200, 2, 1, 122, 37, 243, 288, -1, 140, 122, 84, 87, 273
798, 625, 798, 465, 18300200, 1, 1, 140, 37, 243, 288, -1, 140, 122, 84, 87, 273
798, 465, 798, 416, 18300868, 4, 2, 87, 140, 243, 288, -1, 120, 58, 227, 87, 260
798, 465, 801, 411, 18300868, 2, 2, 58, 140, 243, 288, -1, 120, 58, 227, 87, 260
798, 465, 801, 362, 18300868, 1, 2, 120, 140, 243, 288, -1, 120, 58, 227, 87, 260
801, 362, 801, 314, 18301537, 5, 3, 227, 120, 243, 288, -1, 40, 274, 190, 209, 227
801, 362, 801, 268, 18301537, 2, 3, 274, 120, 243, 288, -1, 40, 274, 190, 209, 227
801, 362, 798, 225, 18301537, 1, 3, 40, 120, 243, 288, -1, 40, 274, 190, 209, 227
798, 225, 787, 198, 18302205, 3, 4, 102, 40, 243, 288, -1, 131, 209, 102, 190, 75
798, 225, 742, 198, 18302205, 1, 4, 131, 40, 243, 288, -1, 131, 209, 102, 190, 75
798, 225, 798, 90, 18302205, 2, 4, 209, 40, 243, 288, -1, 131, 209, 102, 190, 75
742, 198, 668, 201, 18302873, 4, 5, 194, 131, 243, 288, -1, 88, 86, 266, 194, 216
742, 198, 611, 201, 18302873, 2, 5, 86, 131, 243, 288, -1, 88, 86, 266, 194, 216
742, 198, 592, 198, 18302874, 1, 5, 88, 131, 243, 288, -1, 88, 86, 266, 194, 216
592, 198, 505, 198, 18303542, 5, 6, 221, 88, 243, 288, -1, 49, 292, 116, 268, 221
592, 198, 473, 198, 18303542, 4, 6, 268, 88, 243, 288, -1, 49, 292, 116, 268, 221
592, 198, 443, 201, 18303542, 3, 6, 116, 88, 243, 288, -1, 49, 292, 116, 268, 221
592, 198, 436, 198, 18303542, 2, 6, 292, 88, 243, 288, -1, 49, 292, 116, 268, 221
592, 198, 420, 201, 18303542, 1, 6, 49, 88, 243, 288, -1, 49, 292, 116, 268, 221
420, 201, 401, 182, 18304210, 2, 7, 48, 49, 243, 288, -1, 218, 48, 264, 153, 27
420, 201, 389, 198, 18304210, 5, 7, 27, 49, 243, 288, -1, 218, 48, 264, 153, 27
420, 201, 349, 198, 18304210, 4, 7, 153, 49, 243, 288, -1, 218, 48, 264, 153, 27
420, 201, 331, 201, 18304210, 3, 7, 264, 49, 243, 288, -1, 218, 48, 264, 153, 27
740, 598, 692, 601, 18304868, 5, 2, 228, 122, 243, 288, -1, 96, 19, 90, 137, 228
740, 598, 666, 601, 18304868, 4, 2, 137, 122, 243, 288, -1, 96, 19, 90, 137, 228
740, 598, 612, 601, 18304868, 3, 2, 90, 122, 243, 288, -1, 96, 19, 90, 137, 228
740, 598, 585, 598, 18304868, 1, 2, 96, 122, 243, 288, -1, 96, 19, 90, 137, 228
585, 598, 601, 589, 18305536, 4, 3, 21, 96, 243, 288, -1, 167, 16, 156, 21, 107
585, 598, 564, 598, 18305536, 3, 3, 156, 96, 243, 288, -1, 167, 16, 156, 21, 107
585, 598, 460, 601, 18305537, 1, 3, 167, 96, 243, 288, -1, 167, 16, 156, 21, 107
460, 601, 410, 601, 18306205, 2, 4, 16, 167, 243, 288, -1, 107, 16, 10000000, 10000000, 10000000
460, 601, 379, 598, 18306205, 1, 4, 107, 167, 243, 288, -1, 107, 16, 10000000, 10000000, 10000000
798, 90, 798, 50, 18306873, 3, 5, 190, 209, 243, 288, -1, 298, 75, 190, 293, 194
798, 90, 798, 15, 18306874, 2, 5, 75, 209, 243, 288, -1, 298, 75, 190, 293, 194
798, 90, 784, 1, 18306874, 1, 5, 298, 209, 243, 288, -1, 298, 75, 190, 293, 194
784, 1, 765, 1, 18307542, 5, 6, 293, 298, 243, 288, -1, 188, 202, 46, 269, 293
784, 1, 734, 1, 18307542, 4, 6, 269, 298, 243, 288, -1, 188, 202, 46, 269, 293
784, 1, 691, 1, 18307542, 2, 6, 202, 298, 243, 288, -1, 188, 202, 46, 269, 293
784, 1, 653, 1, 18307542, 1, 6, 188, 298, 243, 288, -1, 188, 202, 46, 269, 293
784, 1, 612, 1, 18307542, 3, 6, 46, 298, 243, 288, -1, 188, 202, 46, 269, 293
653, 1, 612, 1, 18308210, 5, 7, 46, 188, 243, 288, -1, 150, 5, 12, 253, 46
653, 1, 598, 12, 18308210, 3, 7, 12, 188, 243, 288, -1, 150, 5, 12, 253, 46
653, 1, 588, -1, 18308210, 2, 7, 5, 188, 243, 288, -1, 150, 5, 12, 253, 46
401, 182, 401, 116, 18308878, 5, 8, 231, 48, 243, 288, -1, 132, 100, 275, 237, 231
401, 182, 398, 88, 18308879, 4, 8, 237, 48, 243, 288, -1, 132, 100, 275, 237, 231
401, 182, 401, 66, 18308879, 3, 8, 275, 48, 243, 288, -1, 132, 100, 275, 237, 231
401, 182, 398, 46, 18308879, 1, 8, 132, 48, 243, 288, -1, 132, 100, 275, 237, 231
401, 182, 398, 11, 18308879, 2, 8, 100, 48, 243, 288, -1, 132, 100, 275, 237, 231
398, 46, 398, 11, 18309547, 1, 9, 100, 132, 243, 288, -1, 100, 7, 10000000, 10000000, 10000000
398, 46, 379, -1, 18309547, 2, 9, 7, 132, 243, 288, -1, 100, 7, 10000000, 10000000, 10000000
398, 11, 379, -1, 18310215, 5, 10, 7, 100, 243, 288, -1, 243, 285, 143, 164, 7
398, 11, 350, -1, 18310215, 4, 10, 164, 100, 243, 288, -1, 243, 285, 143, 164, 7
398, 11, 306, -1, 18310215, 243, 10, 243, 100, 243, 288, -1, 243, 285, 143, 164, 7
413, 1, 306, -1, 18313547, 243, 9, 243, 61, 243, 288, -1, 285, 143, 164, 243, 7
253, 1, 306, -1, 18318216, 243, 10, 243, 143, 243, 288, -1, 243, 285, 10000000, 10000000, 10000000
270, -1, 306, -1, 18322884, 243, 11, 243, 285, 243, 288, -1, 243, 10000000, 10000000, 10000000, 10000000
801, 921, 798, 800, 19300200, 1, 1, 74, 225, 123, 46, 201, 74, 94, 125, 165, 37
801, 921, 801, 759, 19300200, 3, 1, 125, 225, 123, 46, 201, 74, 94, 125, 165, 37
798, 800, 771, 798, 19300868, 5, 2, 175, 74, 123, 46, 201, 37, 217, 238, 165, 175
798, 800, 716, 798, 19300868, 2, 2, 217, 74, 123, 46, 201, 37, 217, 238, 165, 175
798, 800, 801, 716, 19300868, 3, 2, 238, 74, 123, 46, 201, 37, 217, 238, 165, 175
801, 716, 798, 653, 19309536, 4, 3, 165, 238, 123, 46, 201, 84, 140, 37, 165, 273
801, 716, 798, 614, 19309537, 3, 3, 37, 238, 123, 46, 201, 84, 140, 37, 165, 273
798, 614, 791, 598, 19318205, 4, 4, 84, 37, 123, 46, 201, 250, 122, 140, 84, 273
798, 614, 753, 598, 19318205, 2, 4, 122, 37, 123, 46, 201, 250, 122, 140, 84, 273
798, 614, 719, 598, 19318205, 1, 4, 250, 37, 123, 46, 201, 250, 122, 140, 84, 273
798, 614, 718, 601, 19318205, 5, 4, 273, 37, 123, 46, 201, 250, 122, 140, 84, 273
719, 598, 678, 601, 19318873, 5, 5, 228, 250, 123, 46, 201, 96, 90, 137, 156, 228
719, 598, 655, 601, 19318873, 3, 5, 137, 250, 123, 46, 201, 96, 90, 137, 156, 228
719, 598, 592, 597, 19318873, 1, 5, 96, 250, 123, 46, 201, 96, 90, 137, 156, 228
592, 597, 575, 598, 19319541, 5, 6, 156, 96, 123, 46, 201, 167, 16, 220, 287, 156
592, 597, 598, 516, 19319541, 4, 6, 287, 96, 123, 46, 201, 167, 16, 220, 287, 156
592, 597, 448, 601, 19319542, 1, 6, 167, 96, 123, 46, 201, 167, 16, 220, 287, 156
592, 597, 406, 600, 19319542, 2, 6, 16, 96, 123, 46, 201, 167, 16, 220, 287, 156
448, 601, 406, 600, 19320210, 2, 7, 16, 167, 123, 46, 201, 107, 16, 108, 10000000, 10000000
448, 601, 398, 608, 19320210, 3, 7, 108, 167, 123, 46, 201, 107, 16, 108, 10000000, 10000000
448, 601, 387, 598, 19320210, 1, 7, 107, 167, 123, 46, 201, 107, 16, 108, 10000000, 10000000
387, 598, 401, 573, 19320878, 3, 8, 104, 107, 123, 46, 201, 20, 198, 104, 34, 128
387, 598, 401, 542, 19320878, 2, 8, 198, 107, 123, 46, 201, 20, 198, 104, 34, 128
387, 598, 210, 601, 19320878, 1, 8, 20, 107, 123, 46, 201, 20, 198, 104, 34, 128
387, 598, 183, 598, 19320879, 4, 8, 34, 107, 123, 46, 201, 20, 198, 104, 34, 128
210, 601, 201, 568, 19321547, 3, 9, 186, 20, 123, 46, 201, 265, 254, 186, 236, 128
210, 601, 163, 598, 19321547, 5, 9, 128, 20, 123, 46, 201, 265, 254, 186, 236, 128
210, 601, 201, 523, 19321547, 2, 9, 254, 20, 123, 46, 201, 265, 254, 186, 236, 128
210, 601, 122, 598, 19321547, 4, 9, 236, 20, 123, 46, 201, 265, 254, 186, 236, 128
210, 601, 201, 479, 19321547, 1, 9, 265, 20, 123, 46, 201, 265, 254, 186, 236, 128
201, 479, 208, 401, 19322215, 5, 10, 18, 265, 123, 46, 201, 259, 126, 23, 206, 18
201, 479, 201, 392, 19322215, 3, 10, 23, 265, 123, 46, 201, 259, 126, 23, 206, 18
201, 479, 201, 371, 19322215, 2, 10, 126, 265, 123, 46, 201, 259, 126, 23, 206, 18
201, 479, 198, 322, 19322215, 1, 10, 259, 265, 123, 46, 201, 259, 126, 23, 206, 18
198, 322, 198, 276, 19322884, 5, 11, 206, 259, 123, 46, 201, 56, 174, 98, 13, 206
198, 322, 198, 228, 19322884, 2, 11, 174, 259, 123, 46, 201, 56, 174, 98, 13, 206
198, 322, 199, 204, 19322884, 4, 11, 13, 259, 123, 46, 201, 56, 174, 98, 13, 206
198, 322, 192, 198, 19322884, 1, 11, 56, 259, 123, 46, 201, 56, 174, 98, 13, 206
192, 198, 153, 198, 19323552, 5, 12, 197, 56, 123, 46, 201, 123, 17, 215, 207, 197
192, 198, 123, 198, 19323552, 4, 12, 207, 56, 123, 46, 201, 123, 17, 215, 207, 197
192, 198, 75, 201, 19323552, 3, 12, 215, 56, 123, 46, 201, 123, 17, 215, 207, 197
192, 198, 8, 201, 19323552, 2, 12, 17, 56, 123, 46, 201, 123, 17, 215, 207, 197
401, 542, 401, 514, 19325546, 4, 9, 255, 198, 123, 46, 201, 45, 41, 256, 255, 201
401, 542, 401, 403, 19325547, 2, 9, 41, 198, 123, 46, 201, 45, 41, 256, 255, 201
401, 542, 391, 398, 19325547, 1, 9, 45, 198, 123, 46, 201, 45, 41, 256, 255, 201
391, 398, 335, 398, 19326215, 3, 10, 251, 45, 123, 46, 201, 23, 162, 251, 27, 18
391, 398, 272, 401, 19326215, 2, 10, 162, 45, 123, 46, 201, 23, 162, 251, 27, 18
8, 201, 42, 201, 19328221, 123, 13, 123, 17, 123, 46, 201, 123, 215, 10000000, 10000000, 10000000
192, 198, 42, 201, 19332220, 123, 13, 123, 56, 123, 46, 201, 123, 17, 215, 207, 197
75, 201, 42, 201, 19332889, 123, 14, 123, 215, 123, 46, 201, 123, 10000000, 10000000, 10000000, 10000000
-1, 194, 42, 201, 19348889, 123, 14, 123, 64, 123, 46, 201, 123, 215, 17, 11, 10000000
75, 201, 42, 201, 19353557, 123, 15, 123, 215, 123, 46, 201, 123, 10000000, 10000000, 10000000, 10000000
192, 198, 42, 201, 19359552, 123, 12, 123, 56, 123, 46, 201, 123, 17, 215, 207, 197
74, 201, 42, 201, 19368220, 123, 13, 123, 215, 123, 46, 201, 123, 10000000, 10000000, 10000000, 10000000
