source_x,source_y,recv_x,recv_y,time,recv_priority,hopcount,recv_id,source_id,destination_id,destination_x,destination_y,pri_1,pri_2,pri_3,pri_4,pri_5,pri_recover
280, -1, 354, 1, 10300200, 5, 1, 143, 7, 57, 869, 798, 152, 275, 5, 231, 143, 0
280, -1, 401, 12, 10300200, 2, 1, 275, 7, 57, 869, 798, 152, 275, 5, 231, 143, 0
401, 12, 401, 41, 10304900, 4, 2, 152, 275, 57, 869, 798, 100, 48, 5, 152, 280, 0
401, 12, 401, 79, 10304900, 2, 2, 48, 275, 57, 869, 798, 100, 48, 5, 152, 280, 0
401, 12, 398, 114, 10304900, 1, 2, 100, 275, 57, 869, 798, 100, 48, 5, 152, 280, 0
401, 12, 398, 187, 10304900, 5, 2, 280, 275, 57, 869, 798, 100, 48, 5, 152, 280, 0
398, 114, 398, 187, 10305600, 4, 3, 280, 100, 57, 869, 798, 41, 292, 268, 280, 218, 0
398, 114, 412, 198, 10305601, 3, 3, 268, 100, 57, 869, 798, 41, 292, 268, 280, 218, 0
412, 198, 449, 198, 10314301, 5, 4, 112, 268, 57, 869, 798, 41, 88, 216, 49, 112, 0
412, 198, 495, 198, 10314301, 2, 4, 88, 268, 57, 869, 798, 41, 88, 216, 49, 112, 0
412, 198, 401, 287, 10314301, 1, 4, 41, 268, 57, 869, 798, 41, 88, 216, 49, 112, 0
412, 198, 513, 201, 10314301, 4, 4, 49, 268, 57, 869, 798, 41, 88, 216, 49, 112, 0
412, 198, 581, 201, 10314301, 3, 4, 216, 268, 57, 869, 798, 41, 88, 216, 49, 112, 0
401, 287, 398, 347, 10315001, 4, 5, 111, 41, 57, 869, 798, 198, 255, 201, 111, 256, 0
401, 287, 398, 375, 10315001, 3, 5, 201, 41, 57, 869, 798, 198, 255, 201, 111, 256, 0
401, 287, 398, 387, 10315001, 5, 5, 256, 41, 57, 869, 798, 198, 255, 201, 111, 256, 0
401, 287, 401, 416, 10315001, 2, 5, 255, 41, 57, 869, 798, 198, 255, 201, 111, 256, 0
495, 198, 553, 201, 10319001, 5, 5, 116, 88, 57, 869, 798, 266, 102, 216, 131, 116, 0
495, 198, 581, 201, 10319001, 3, 5, 216, 88, 57, 869, 798, 266, 102, 216, 131, 116, 0
495, 198, 587, 201, 10319001, 1, 5, 266, 88, 57, 869, 798, 266, 102, 216, 131, 116, 0
495, 198, 648, 198, 10319001, 4, 5, 131, 88, 57, 869, 798, 266, 102, 216, 131, 116, 0
401, 416, 401, 467, 10319701, 2, 6, 104, 255, 57, 869, 798, 24, 104, 79, 148, 160, 0
587, 201, 598, 316, 10319701, 1, 6, 47, 266, 57, 869, 798, 47, 209, 295, 249, 194, 0
587, 201, 754, 201, 10319702, 5, 6, 194, 266, 57, 869, 798, 47, 209, 295, 249, 194, 0
598, 316, 598, 359, 10320402, 3, 7, 187, 47, 57, 869, 798, 21, 85, 187, 138, 35, 0
598, 359, 601, 487, 10329102, 1, 8, 21, 187, 57, 869, 798, 21, 114, 124, 35, 138, 0
601, 487, 598, 515, 10329802, 4, 9, 85, 21, 57, 869, 798, 220, 124, 287, 85, 10000000, 0
601, 487, 598, 552, 10329802, 2, 9, 124, 21, 57, 869, 798, 220, 124, 287, 85, 10000000, 0
601, 487, 598, 580, 10329802, 1, 9, 220, 21, 57, 869, 798, 220, 124, 287, 85, 10000000, 0
601, 487, 598, 587, 10329802, 3, 9, 287, 21, 57, 869, 798, 220, 124, 287, 85, 10000000, 0
598, 580, 598, 587, 10330502, 4, 10, 287, 220, 57, 869, 798, 4, 84, 122, 287, 213, 0
598, 580, 601, 690, 10330503, 1, 10, 4, 220, 57, 869, 798, 4, 84, 122, 287, 213, 0
601, 690, 598, 710, 10331203, 5, 11, 19, 4, 57, 869, 798, 296, 263, 213, 185, 19, 0
601, 690, 598, 751, 10331203, 4, 11, 185, 4, 57, 869, 798, 296, 263, 213, 185, 19, 0
601, 690, 598, 778, 10331203, 3, 11, 213, 4, 57, 869, 798, 296, 263, 213, 185, 19, 0
601, 690, 598, 787, 10331203, 2, 11, 263, 4, 57, 869, 798, 296, 263, 213, 185, 19, 0
601, 690, 598, 787, 10331203, 1, 11, 296, 4, 57, 869, 798, 296, 263, 213, 185, 19, 0
598, 787, 619, 798, 10331903, 3, 12, 217, 296, 57, 869, 798, 6, 175, 217, 225, 10000000, 0
598, 787, 648, 798, 10331903, 2, 12, 175, 296, 57, 869, 798, 6, 175, 217, 225, 10000000, 0
598, 787, 685, 798, 10331903, 1, 12, 6, 296, 57, 869, 798, 6, 175, 217, 225, 10000000, 0
685, 798, 821, 798, 10332604, 2, 13, 200, 6, 57, 869, 798, 272, 200, 225, 57, 192, 0
754, 201, 801, 212, 10336402, 4, 7, 274, 194, 57, 869, 798, 120, 58, 227, 274, 113, 0
754, 201, 801, 219, 10336402, 3, 7, 227, 194, 57, 869, 798, 120, 58, 227, 274, 113, 0
754, 201, 801, 246, 10336402, 1, 7, 120, 194, 57, 869, 798, 120, 58, 227, 274, 113, 0
754, 201, 847, 198, 10336402, 5, 7, 113, 194, 57, 869, 798, 120, 58, 227, 274, 113, 0
801, 246, 801, 289, 10337102, 1, 8, 58, 120, 57, 869, 798, 58, 40, 10000000, 10000000, 10000000, 0
801, 246, 798, 322, 10337102, 2, 8, 40, 120, 57, 869, 798, 58, 40, 10000000, 10000000, 10000000, 0
821, 798, 850, 798, 10337304, 1, 14, 192, 200, 57, 869, 798, 192, 57, 10000000, 10000000, 10000000, 0
821, 798, 889, 798, 10337304, 57, 14, 57, 200, 57, 869, 798, 192, 57, 10000000, 10000000, 10000000, 0
1, 61, -1, 102, 11300200, 5, 1, 29, 154, 37, 798, 711, 144, 247, 243, 32, 29, 0
-1, 102, -1, 138, 11316900, 5, 2, 159, 29, 37, 798, 711, 32, 170, 207, 197, 159, 0
-1, 102, 1, 261, 11316900, 2, 2, 170, 29, 37, 798, 711, 32, 170, 207, 197, 159, 0
1, 261, 1, 297, 11321600, 2, 3, 32, 170, 37, 798, 711, 168, 32, 56, 197, 64, 0
1, 261, -1, 303, 11321600, 5, 3, 64, 170, 37, 798, 711, 168, 32, 56, 197, 64, 0
1, 261, -1, 347, 11321600, 1, 3, 168, 170, 37, 798, 711, 168, 32, 56, 197, 64, 0
-1, 347, 1, 491, 11322301, 2, 4, 43, 168, 37, 798, 711, 245, 43, 110, 50, 10000000, 0
-1, 347, -1, 508, 11322301, 4, 4, 50, 168, 37, 798, 711, 245, 43, 110, 50, 10000000, 0
1, 491, -1, 543, 11327001, 3, 5, 182, 43, 37, 798, 711, 283, 245, 182, 157, 244, 0
1, 491, -1, 573, 11327001, 2, 5, 245, 43, 37, 798, 711, 283, 245, 182, 157, 244, 0
1, 491, 1, 613, 11327001, 1, 5, 283, 43, 37, 798, 711, 283, 245, 182, 157, 244, 0
1, 491, 1, 624, 11327001, 5, 5, 244, 43, 37, 798, 711, 283, 245, 182, 157, 244, 0
1, 491, 1, 662, 11327002, 4, 5, 157, 43, 37, 798, 711, 283, 245, 182, 157, 244, 0
1, 613, 25, 598, 11327701, 3, 6, 236, 283, 37, 798, 711, 34, 128, 236, 28, 2, 0
1, 613, 56, 598, 11327702, 2, 6, 128, 283, 37, 798, 711, 34, 128, 236, 28, 2, 0
1, 613, 1, 697, 11327702, 4, 6, 28, 283, 37, 798, 711, 34, 128, 236, 28, 2, 0
1, 613, -1, 703, 11327702, 5, 6, 2, 283, 37, 798, 711, 34, 128, 236, 28, 2, 0
56, 598, 91, 598, 11332402, 1, 7, 34, 128, 37, 798, 711, 34, 103, 67, 107, 10000000, 0
56, 598, 97, 601, 11332402, 2, 7, 103, 128, 37, 798, 711, 34, 103, 67, 107, 10000000, 0
91, 598, 97, 601, 11333102, 1, 8, 103, 34, 37, 798, 711, 103, 107, 67, 10000000, 10000000, 0
85, 201, 166, 201, 12300200, 4, 1, 215, 17, 225, 801, 826, 27, 153, 267, 215, 226, 0
166, 201, 266, 198, 12312900, 5, 2, 153, 215, 225, 801, 826, 27, 71, 23, 178, 153, 0
166, 201, 309, 198, 12312900, 1, 2, 27, 215, 225, 801, 826, 27, 71, 23, 178, 153, 0
309, 198, 332, 201, 12313600, 5, 3, 178, 27, 225, 801, 826, 221, 112, 264, 292, 178, 0
309, 198, 384, 201, 12313600, 3, 3, 264, 27, 225, 801, 826, 221, 112, 264, 292, 178, 0
309, 198, 412, 198, 12313601, 4, 3, 292, 27, 225, 801, 826, 221, 112, 264, 292, 178, 0
309, 198, 432, 198, 12313601, 1, 3, 221, 27, 225, 801, 826, 221, 112, 264, 292, 178, 0
432, 198, 476, 198, 12314301, 5, 4, 112, 221, 225, 801, 826, 266, 216, 88, 41, 112, 0
432, 198, 524, 198, 12314301, 3, 4, 88, 221, 225, 801, 826, 266, 216, 88, 41, 112, 0
432, 198, 568, 201, 12314301, 2, 4, 216, 221, 225, 801, 826, 266, 216, 88, 41, 112, 0
432, 198, 584, 201, 12314301, 1, 4, 266, 221, 225, 801, 826, 266, 216, 88, 41, 112, 0
584, 201, 598, 290, 12315001, 1, 5, 47, 266, 225, 801, 826, 47, 209, 295, 227, 102, 0
584, 201, 707, 198, 12315002, 5, 5, 102, 266, 225, 801, 826, 47, 209, 295, 227, 102, 0
598, 290, 598, 333, 12315702, 2, 6, 187, 47, 225, 801, 826, 21, 187, 138, 35, 114, 0
707, 198, 801, 215, 12331702, 5, 6, 274, 102, 225, 801, 826, 295, 270, 227, 120, 274, 0
707, 198, 812, 198, 12331702, 1, 6, 295, 102, 225, 801, 826, 295, 270, 227, 120, 274, 0
707, 198, 815, 198, 12331702, 2, 6, 270, 102, 225, 801, 826, 295, 270, 227, 120, 274, 0
812, 198, 801, 215, 12332402, 4, 7, 274, 295, 225, 801, 826, 120, 58, 227, 274, 249, 0
812, 198, 801, 235, 12332402, 3, 7, 227, 295, 225, 801, 826, 120, 58, 227, 274, 249, 0
812, 198, 763, 201, 12332402, 5, 7, 249, 295, 225, 801, 826, 120, 58, 227, 274, 249, 0
812, 198, 801, 273, 12332402, 1, 7, 120, 295, 225, 801, 826, 120, 58, 227, 274, 249, 0
801, 273, 798, 298, 12333102, 2, 8, 40, 120, 225, 801, 826, 58, 40, 10000000, 10000000, 10000000, 0
801, 273, 801, 320, 12333102, 1, 8, 58, 120, 225, 801, 826, 58, 40, 10000000, 10000000, 10000000, 0
763, 201, 801, 215, 12349102, 5, 8, 274, 249, 225, 801, 826, 58, 120, 227, 40, 274, 0
763, 201, 801, 235, 12349102, 3, 8, 227, 249, 225, 801, 826, 58, 120, 227, 40, 274, 0
801, 235, 801, 273, 12357802, 3, 9, 120, 227, 225, 801, 826, 58, 40, 120, 10000000, 10000000, 0
801, 235, 798, 298, 12357802, 2, 9, 40, 227, 225, 801, 826, 58, 40, 120, 10000000, 10000000, 0
801, 235, 801, 320, 12357803, 1, 9, 58, 227, 225, 801, 826, 58, 40, 120, 10000000, 10000000, 0
241, -1, 287, -1, 13300200, 4, 1, 164, 243, 234, 558, 801, 7, 212, 98, 164, 117, 0
241, -1, 318, -1, 13300200, 1, 1, 7, 243, 234, 558, 801, 7, 212, 98, 164, 117, 0
318, -1, 401, 19, 13300900, 1, 2, 275, 7, 234, 558, 801, 275, 61, 5, 231, 117, 0
401, 19, 398, 72, 13301600, 3, 3, 100, 275, 234, 558, 801, 48, 152, 100, 280, 132, 0
401, 19, 401, 81, 13301600, 2, 3, 152, 275, 234, 558, 801, 48, 152, 100, 280, 132, 0
401, 19, 398, 115, 13301600, 5, 3, 132, 275, 234, 558, 801, 48, 152, 100, 280, 132, 0
401, 19, 401, 118, 13301600, 1, 3, 48, 275, 234, 558, 801, 48, 152, 100, 280, 132, 0
401, 19, 398, 178, 13301601, 4, 3, 280, 275, 234, 558, 801, 48, 152, 100, 280, 132, 0
401, 118, 398, 155, 13302300, 2, 4, 237, 48, 234, 558, 801, 280, 237, 41, 10000000, 10000000, 0
401, 118, 398, 178, 13302301, 1, 4, 280, 48, 234, 558, 801, 280, 237, 41, 10000000, 10000000, 0
398, 178, 401, 326, 13303001, 1, 5, 41, 280, 234, 558, 801, 41, 111, 112, 221, 201, 0
401, 326, 398, 346, 13303701, 4, 6, 201, 41, 234, 558, 801, 198, 255, 256, 201, 104, 0
401, 326, 398, 373, 13303701, 3, 6, 256, 41, 234, 558, 801, 198, 255, 256, 201, 104, 0
401, 326, 401, 434, 13303701, 2, 6, 255, 41, 234, 558, 801, 198, 255, 256, 201, 104, 0
401, 326, 401, 464, 13303702, 1, 6, 198, 41, 234, 558, 801, 198, 255, 256, 201, 104, 0
401, 326, 401, 502, 13303702, 5, 6, 104, 41, 234, 558, 801, 198, 255, 256, 201, 104, 0
401, 464, 401, 502, 13304402, 1, 7, 104, 198, 234, 558, 801, 104, 148, 10000000, 10000000, 10000000, 0
401, 502, 401, 673, 13305102, 2, 8, 148, 104, 234, 558, 801, 79, 148, 10000000, 10000000, 10000000, 0
401, 673, 398, 688, 13309802, 2, 9, 108, 148, 234, 558, 801, 79, 108, 31, 10000000, 10000000, 0
401, 673, 401, 720, 13309802, 1, 9, 79, 148, 234, 558, 801, 79, 108, 31, 10000000, 10000000, 0
401, 720, 387, 801, 13310503, 1, 10, 288, 79, 234, 558, 801, 288, 10000000, 10000000, 10000000, 10000000, 0
387, 801, 485, 801, 13311203, 4, 11, 33, 288, 234, 558, 801, 234, 135, 82, 33, 294, 0
387, 801, 511, 801, 13311203, 2, 11, 135, 288, 234, 558, 801, 234, 135, 82, 33, 294, 0
387, 801, 525, 798, 13311203, 3, 11, 82, 288, 234, 558, 801, 234, 135, 82, 33, 294, 0
387, 801, 554, 801, 13311203, 234, 11, 234, 288, 234, 558, 801, 234, 135, 82, 33, 294, 0
1, 344, -1, 476, 14300200, 2, 1, 50, 32, 263, 598, 782, 245, 50, 43, 10000000, 10000000, 0
-1, 476, -1, 543, 14304900, 5, 2, 245, 50, 263, 598, 782, 236, 244, 283, 157, 245, 0
-1, 476, 1, 625, 14304900, 3, 2, 283, 50, 263, 598, 782, 236, 244, 283, 157, 245, 0
1, 625, -1, 709, 14313601, 5, 3, 195, 283, 263, 598, 782, 236, 128, 34, 28, 195, 0
1, 625, 1, 743, 14313601, 4, 3, 28, 283, 263, 598, 782, 236, 128, 34, 28, 195, 0
1, 743, 12, 798, 14326301, 2, 4, 289, 28, 263, 598, 782, 299, 289, 128, 34, 10000000, 0
1, 743, 12, 798, 14326301, 1, 4, 299, 28, 263, 598, 782, 299, 289, 128, 34, 10000000, 0
12, 798, 27, 798, 14327001, 5, 5, 262, 299, 263, 598, 782, 77, 189, 210, 68, 262, 0
12, 798, 51, 801, 14327001, 4, 5, 68, 299, 263, 598, 782, 77, 189, 210, 68, 262, 0
12, 798, 55, 798, 14327001, 3, 5, 210, 299, 263, 598, 782, 77, 189, 210, 68, 262, 0
12, 798, 89, 798, 14327001, 2, 5, 189, 299, 263, 598, 782, 77, 189, 210, 68, 262, 0
89, 798, 147, 798, 14331701, 1, 6, 77, 189, 263, 598, 782, 77, 130, 248, 279, 3, 0
89, 798, 262, 798, 14331702, 3, 6, 248, 189, 263, 598, 782, 77, 130, 248, 279, 3, 0
147, 798, 201, 825, 14332402, 5, 7, 279, 77, 263, 598, 782, 3, 196, 248, 95, 279, 0
147, 798, 261, 801, 14332402, 4, 7, 95, 77, 263, 598, 782, 3, 196, 248, 95, 279, 0
147, 798, 262, 798, 14332402, 3, 7, 248, 77, 263, 598, 782, 3, 196, 248, 95, 279, 0
262, 798, 297, 798, 14341102, 5, 8, 130, 248, 263, 598, 782, 258, 204, 3, 196, 130, 0
262, 798, 298, 801, 14341102, 4, 8, 196, 248, 263, 598, 782, 258, 204, 3, 196, 130, 0
262, 798, 332, 798, 14341102, 3, 8, 3, 248, 263, 598, 782, 258, 204, 3, 196, 130, 0
262, 798, 371, 801, 14341102, 1, 8, 258, 248, 263, 598, 782, 258, 204, 3, 196, 130, 0
371, 801, 386, 801, 14341802, 5, 9, 288, 258, 263, 598, 782, 82, 234, 33, 135, 288, 0
371, 801, 473, 801, 14341803, 3, 9, 33, 258, 263, 598, 782, 82, 234, 33, 135, 288, 0
371, 801, 541, 801, 14341803, 2, 9, 234, 258, 263, 598, 782, 82, 234, 33, 135, 288, 0
541, 801, 574, 801, 14346503, 4, 10, 271, 234, 263, 598, 782, 296, 263, 294, 271, 213, 0
541, 801, 586, 801, 14346503, 3, 10, 294, 234, 263, 598, 782, 296, 263, 294, 271, 213, 0
201, 825, 201, 749, 14349102, 4, 8, 67, 279, 263, 598, 782, 130, 248, 3, 67, 10000000, 0
586, 801, 598, 786, 14355203, 1, 11, 296, 294, 263, 598, 782, 296, 263, 10000000, 10000000, 10000000, 0
586, 801, 598, 773, 14355203, 263, 11, 263, 294, 263, 598, 782, 296, 263, 10000000, 10000000, 10000000, 0
201, 32, 201, 65, 15300200, 3, 1, 212, 278, 122, 699, 598, 98, 117, 212, 240, 180, 0
201, 32, 198, 86, 15300200, 5, 1, 180, 278, 122, 699, 598, 98, 117, 212, 240, 180, 0
201, 32, 201, 111, 15300200, 2, 1, 117, 278, 122, 699, 598, 98, 117, 212, 240, 180, 0
201, 32, 201, 132, 15300200, 1, 1, 98, 278, 122, 699, 598, 98, 117, 212, 240, 180, 0
201, 32, 198, 136, 15300200, 4, 1, 240, 278, 122, 699, 598, 98, 117, 212, 240, 180, 0
201, 132, 201, 239, 15300900, 3, 2, 267, 98, 122, 699, 598, 206, 13, 267, 226, 126, 0
201, 132, 198, 245, 15300900, 2, 2, 13, 98, 122, 699, 598, 206, 13, 267, 226, 126, 0
198, 245, 198, 326, 15305600, 5, 3, 206, 13, 122, 699, 598, 265, 259, 23, 254, 206, 0
198, 245, 201, 352, 15305601, 3, 3, 23, 13, 122, 699, 598, 265, 259, 23, 254, 206, 0
198, 245, 198, 368, 15305601, 2, 3, 259, 13, 122, 699, 598, 265, 259, 23, 254, 206, 0
198, 368, 201, 470, 15310301, 3, 4, 254, 259, 122, 699, 598, 186, 251, 254, 172, 65, 0
198, 368, 201, 513, 15310301, 1, 4, 186, 259, 122, 699, 598, 186, 251, 254, 172, 65, 0
198, 368, 201, 553, 15310301, 5, 4, 65, 259, 122, 699, 598, 186, 251, 254, 172, 65, 0
201, 513, 201, 553, 15311001, 1, 5, 65, 186, 122, 699, 598, 65, 45, 172, 10, 10000000, 0
201, 513, 198, 639, 15311002, 4, 5, 10, 186, 122, 699, 598, 65, 45, 172, 10, 10000000, 0
120, -1, 146, -1, 16300200, 5, 1, 8, 147, 213, 598, 725, 180, 62, 60, 143, 8, 0
120, -1, 198, 16, 16300200, 3, 1, 60, 147, 213, 598, 725, 180, 62, 60, 143, 8, 0
120, -1, 279, 1, 16300200, 4, 1, 143, 147, 213, 598, 725, 180, 62, 60, 143, 8, 0
198, 16, 201, 122, 16308900, 4, 2, 117, 60, 213, 598, 725, 98, 267, 240, 117, 226, 0
198, 16, 198, 126, 16308900, 3, 2, 240, 60, 213, 598, 725, 98, 267, 240, 117, 226, 0
279, 1, 325, -1, 16312900, 4, 2, 164, 143, 213, 598, 725, 275, 7, 231, 164, 61, 0
279, 1, 355, -1, 16312900, 2, 2, 7, 143, 213, 598, 725, 275, 7, 231, 164, 61, 0
279, 1, 436, 1, 16312901, 5, 2, 61, 143, 213, 598, 725, 275, 7, 231, 164, 61, 0
355, -1, 398, 31, 16317600, 2, 3, 100, 7, 213, 598, 725, 275, 100, 61, 5, 231, 0
355, -1, 401, 42, 16317600, 1, 3, 275, 7, 213, 598, 725, 275, 100, 61, 5, 231, 0
355, -1, 436, 1, 16317601, 3, 3, 61, 7, 213, 598, 725, 275, 100, 61, 5, 231, 0
198, 126, 198, 267, 16317601, 5, 3, 174, 240, 213, 598, 725, 126, 226, 206, 267, 174, 0
198, 126, 201, 279, 16317601, 2, 3, 226, 240, 213, 598, 725, 126, 226, 206, 267, 174, 0
401, 42, 401, 86, 16318301, 4, 4, 231, 275, 213, 598, 725, 48, 152, 280, 231, 237, 0
401, 42, 398, 115, 16318301, 5, 4, 237, 275, 213, 598, 725, 48, 152, 280, 231, 237, 0
401, 42, 401, 129, 16318301, 2, 4, 152, 275, 213, 598, 725, 48, 152, 280, 231, 237, 0
401, 42, 398, 149, 16318301, 3, 4, 280, 275, 213, 598, 725, 48, 152, 280, 231, 237, 0
401, 42, 401, 157, 16318301, 1, 4, 48, 275, 213, 598, 725, 48, 152, 280, 231, 237, 0
401, 157, 398, 260, 16319001, 1, 5, 111, 48, 213, 598, 725, 111, 201, 41, 10000000, 10000000, 0
401, 157, 398, 306, 16319001, 2, 5, 201, 48, 213, 598, 725, 111, 201, 41, 10000000, 10000000, 0
401, 157, 401, 364, 16319002, 3, 5, 41, 48, 213, 598, 725, 111, 201, 41, 10000000, 10000000, 0
398, 260, 398, 306, 16319701, 5, 6, 201, 111, 213, 598, 725, 255, 198, 41, 256, 201, 0
398, 260, 398, 341, 16319701, 4, 6, 256, 111, 213, 598, 725, 255, 198, 41, 256, 201, 0
398, 260, 401, 364, 16319702, 3, 6, 41, 111, 213, 598, 725, 255, 198, 41, 256, 201, 0
201, 279, 198, 312, 16322301, 5, 4, 206, 226, 213, 598, 725, 23, 265, 254, 126, 206, 0
201, 279, 201, 329, 16322301, 4, 4, 126, 226, 213, 598, 725, 23, 265, 254, 126, 206, 0
201, 279, 201, 365, 16322301, 1, 4, 23, 226, 213, 598, 725, 23, 265, 254, 126, 206, 0
201, 365, 201, 441, 16323001, 3, 5, 265, 23, 213, 598, 725, 254, 186, 265, 65, 10000000, 0
201, 365, 201, 483, 16323001, 1, 5, 254, 23, 213, 598, 725, 254, 186, 265, 65, 10000000, 0
201, 365, 201, 527, 16323001, 2, 5, 186, 23, 213, 598, 725, 254, 186, 265, 65, 10000000, 0
201, 365, 201, 567, 16323002, 4, 5, 65, 23, 213, 598, 725, 254, 186, 265, 65, 10000000, 0
201, 483, 201, 527, 16323701, 2, 6, 186, 254, 213, 598, 725, 65, 186, 172, 251, 45, 0
201, 483, 201, 567, 16323702, 1, 6, 65, 254, 213, 598, 725, 65, 186, 172, 251, 45, 0
201, 567, 198, 624, 16324402, 3, 7, 10, 65, 213, 598, 725, 20, 191, 10, 10000000, 10000000, 0
201, 567, 201, 728, 16324402, 2, 7, 191, 65, 213, 598, 725, 20, 191, 10, 10000000, 10000000, 0
436, 1, 489, 1, 16326301, 4, 4, 181, 61, 213, 598, 725, 5, 253, 150, 181, 91, 0
436, 1, 517, 1, 16326301, 2, 4, 253, 61, 213, 598, 725, 5, 253, 150, 181, 91, 0
436, 1, 531, -1, 16326301, 3, 4, 150, 61, 213, 598, 725, 5, 253, 150, 181, 91, 0
436, 1, 569, -1, 16326301, 1, 4, 5, 61, 213, 598, 725, 5, 253, 150, 181, 91, 0
569, -1, 598, 30, 16327001, 1, 5, 12, 5, 213, 598, 725, 12, 46, 152, 10000000, 10000000, 0
569, -1, 634, 1, 16327001, 2, 5, 46, 5, 213, 598, 725, 12, 46, 152, 10000000, 10000000, 0
598, 30, 601, 127, 16327701, 2, 6, 149, 12, 213, 598, 725, 91, 149, 266, 216, 116, 0
598, 30, 601, 162, 16327702, 1, 6, 91, 12, 213, 598, 725, 91, 149, 266, 216, 116, 0
601, 162, 580, 198, 16328402, 3, 7, 88, 91, 213, 598, 725, 47, 187, 88, 10000000, 10000000, 0
601, 162, 598, 236, 16328402, 1, 7, 47, 91, 213, 598, 725, 47, 187, 88, 10000000, 10000000, 0
401, 364, 401, 470, 16328402, 3, 7, 255, 41, 213, 598, 725, 104, 198, 255, 10000000, 10000000, 0
601, 162, 598, 280, 16328402, 2, 7, 187, 91, 213, 598, 725, 47, 187, 88, 10000000, 10000000, 0
401, 364, 401, 503, 16328402, 2, 7, 198, 41, 213, 598, 725, 104, 198, 255, 10000000, 10000000, 0
401, 364, 401, 538, 16328402, 1, 7, 104, 41, 213, 598, 725, 104, 198, 255, 10000000, 10000000, 0
598, 236, 598, 280, 16329102, 1, 8, 187, 47, 213, 598, 725, 187, 85, 21, 53, 138, 0
401, 538, 398, 647, 16329103, 1, 8, 108, 104, 213, 598, 725, 108, 148, 79, 10000000, 10000000, 0
401, 538, 401, 711, 16329103, 2, 8, 148, 104, 213, 598, 725, 108, 148, 79, 10000000, 10000000, 0
598, 280, 598, 441, 16329803, 1, 9, 85, 187, 213, 598, 725, 85, 124, 114, 138, 220, 0
398, 647, 401, 711, 16329803, 1, 9, 148, 108, 213, 598, 725, 148, 79, 52, 10000000, 10000000, 0
598, 441, 598, 475, 16330503, 4, 10, 124, 85, 213, 598, 725, 21, 287, 220, 124, 19, 0
598, 441, 598, 519, 16330503, 3, 10, 220, 85, 213, 598, 725, 21, 287, 220, 124, 19, 0
598, 441, 598, 553, 16330503, 2, 10, 287, 85, 213, 598, 725, 21, 287, 220, 124, 19, 0
634, 1, 780, 1, 16331702, 1, 6, 293, 213, 213, 598, 725, 293, 293, 293, 293, 293, 1
780, 1, 787, 1, 16332155, 1, 7, 298, 213, 213, 598, 725, 298, 298, 298, 298, 298, 1
787, 1, 798, 116, 16332504, 1, 8, 209, 213, 213, 598, 725, 209, 209, 209, 209, 209, 1
798, 116, 801, 243, 16332919, 3, 8, 274, 209, 213, 598, 725, 120, 227, 274, 40, 295, 0
798, 116, 798, 249, 16332919, 4, 8, 40, 209, 213, 598, 725, 120, 227, 274, 40, 295, 0
198, 624, 238, 601, 16333102, 5, 8, 20, 10, 213, 598, 725, 191, 67, 279, 248, 20, 0
198, 624, 201, 728, 16333102, 1, 8, 191, 10, 213, 598, 725, 191, 67, 279, 248, 20, 0
198, 624, 201, 777, 16333102, 2, 8, 67, 10, 213, 598, 725, 191, 67, 279, 248, 20, 0
598, 553, 601, 569, 16335203, 5, 11, 21, 287, 213, 598, 725, 213, 4, 19, 185, 21, 0
598, 553, 598, 622, 16335203, 3, 11, 19, 287, 213, 598, 725, 213, 4, 19, 185, 21, 0
598, 553, 598, 683, 16335203, 4, 11, 185, 287, 213, 598, 725, 213, 4, 19, 185, 21, 0
598, 553, 598, 707, 16335203, 213, 11, 213, 287, 213, 598, 725, 213, 4, 19, 185, 21, 0
98, 198, 104, 201, 17300200, 4, 1, 215, 207, 273, 759, 601, 71, 56, 197, 215, 267, 0
98, 198, 128, 198, 17300200, 3, 1, 197, 207, 273, 759, 601, 71, 56, 197, 215, 267, 0
98, 198, 182, 198, 17300200, 2, 1, 56, 207, 273, 759, 601, 71, 56, 197, 215, 267, 0
98, 198, 242, 201, 17300200, 1, 1, 71, 207, 273, 759, 601, 71, 56, 197, 215, 267, 0
242, 201, 335, 198, 17300900, 5, 2, 153, 71, 273, 759, 601, 268, 27, 221, 264, 153, 0
242, 201, 344, 201, 17300900, 4, 2, 264, 71, 273, 759, 601, 268, 27, 221, 264, 153, 0
242, 201, 382, 198, 17300900, 2, 2, 27, 71, 273, 759, 601, 268, 27, 221, 264, 153, 0
382, 198, 398, 246, 17305601, 4, 3, 111, 27, 273, 759, 601, 216, 221, 116, 111, 268, 0
382, 198, 455, 201, 17305601, 3, 3, 116, 27, 273, 759, 601, 216, 221, 116, 111, 268, 0
382, 198, 462, 198, 17305601, 5, 3, 268, 27, 273, 759, 601, 216, 221, 116, 111, 268, 0
382, 198, 492, 198, 17305601, 2, 3, 221, 27, 273, 759, 601, 216, 221, 116, 111, 268, 0
492, 198, 507, 201, 17310301, 5, 4, 216, 221, 273, 759, 601, 88, 86, 112, 266, 216, 0
492, 198, 539, 201, 17310301, 4, 4, 266, 221, 273, 759, 601, 88, 86, 112, 266, 216, 0
492, 198, 546, 198, 17310301, 3, 4, 112, 221, 273, 759, 601, 88, 86, 112, 266, 216, 0
492, 198, 588, 198, 17310301, 1, 4, 88, 221, 273, 759, 601, 88, 86, 112, 266, 216, 0
492, 198, 619, 201, 17310301, 2, 4, 86, 221, 273, 759, 601, 88, 86, 112, 266, 216, 0
588, 198, 598, 223, 17311001, 4, 5, 47, 88, 273, 759, 601, 187, 194, 131, 47, 86, 0
588, 198, 619, 201, 17311001, 5, 5, 86, 88, 273, 759, 601, 187, 194, 131, 47, 86, 0
588, 198, 598, 267, 17311001, 1, 5, 187, 88, 273, 759, 601, 187, 194, 131, 47, 86, 0
588, 198, 678, 201, 17311001, 2, 5, 194, 88, 273, 759, 601, 187, 194, 131, 47, 86, 0
588, 198, 731, 198, 17311002, 3, 5, 131, 88, 273, 759, 601, 187, 194, 131, 47, 86, 0
598, 267, 598, 428, 17311702, 1, 6, 85, 187, 273, 759, 601, 85, 124, 114, 21, 10000000, 0
598, 428, 598, 462, 17312402, 4, 7, 124, 85, 273, 759, 601, 21, 287, 220, 124, 19, 0
598, 428, 598, 508, 17312402, 3, 7, 220, 85, 273, 759, 601, 21, 287, 220, 124, 19, 0
598, 428, 598, 611, 17312403, 5, 7, 19, 85, 273, 759, 601, 21, 287, 220, 124, 19, 0
678, 201, 778, 198, 17315702, 5, 6, 102, 194, 273, 759, 601, 44, 274, 227, 120, 102, 0
678, 201, 818, 201, 17315702, 1, 6, 44, 194, 273, 759, 601, 44, 274, 227, 120, 102, 0
818, 201, 778, 198, 17316402, 1, 7, 102, 44, 273, 759, 601, 102, 10000000, 10000000, 10000000, 10000000, 0
778, 198, 798, 237, 17317102, 2, 8, 40, 102, 273, 759, 601, 274, 40, 227, 10000000, 10000000, 0
778, 198, 801, 255, 17317102, 1, 8, 274, 102, 273, 759, 601, 274, 40, 227, 10000000, 10000000, 0
801, 255, 801, 300, 17317802, 3, 9, 227, 274, 273, 759, 601, 58, 120, 227, 10000000, 10000000, 0
801, 255, 801, 348, 17317803, 2, 9, 120, 274, 273, 759, 601, 58, 120, 227, 10000000, 10000000, 0
398, 246, 398, 294, 17318301, 4, 4, 201, 111, 273, 759, 601, 255, 41, 256, 201, 198, 0
398, 246, 398, 328, 17318301, 3, 4, 256, 111, 273, 759, 601, 255, 41, 256, 201, 198, 0
398, 246, 401, 377, 17318301, 2, 4, 41, 111, 273, 759, 601, 255, 41, 256, 201, 198, 0
598, 508, 598, 541, 17321102, 3, 8, 287, 220, 273, 759, 601, 21, 19, 287, 250, 122, 0
598, 508, 601, 581, 17321102, 1, 8, 21, 220, 273, 759, 601, 21, 19, 287, 250, 122, 0
598, 508, 598, 611, 17321103, 2, 8, 19, 220, 273, 759, 601, 21, 19, 287, 250, 122, 0
601, 581, 619, 601, 17321803, 1, 9, 90, 21, 273, 759, 601, 90, 10000000, 10000000, 10000000, 10000000, 0
801, 348, 801, 396, 17322503, 3, 10, 58, 120, 273, 759, 601, 140, 87, 58, 10000000, 10000000, 0
619, 601, 694, 598, 17322503, 5, 10, 250, 90, 273, 759, 601, 84, 273, 122, 228, 250, 0
619, 601, 705, 601, 17322503, 4, 10, 228, 90, 273, 759, 601, 84, 273, 122, 228, 250, 0
801, 348, 798, 428, 17322503, 2, 10, 87, 120, 273, 759, 601, 140, 87, 58, 10000000, 10000000, 0
619, 601, 728, 598, 17322503, 3, 10, 122, 90, 273, 759, 601, 84, 273, 122, 228, 250, 0
619, 601, 743, 601, 17322503, 273, 10, 273, 90, 273, 759, 601, 84, 273, 122, 228, 250, 0
201, 167, 198, 241, 18300200, 4, 1, 174, 98, 165, 798, 679, 267, 126, 206, 174, 226, 0
201, 167, 201, 279, 18300200, 1, 1, 267, 98, 165, 798, 679, 267, 126, 206, 174, 226, 0
201, 167, 198, 288, 18300200, 3, 1, 206, 98, 165, 798, 679, 267, 126, 206, 174, 226, 0
201, 167, 201, 304, 18300200, 5, 1, 226, 98, 165, 798, 679, 267, 126, 206, 174, 226, 0
201, 279, 201, 304, 18300900, 5, 2, 226, 267, 165, 798, 679, 153, 23, 126, 259, 226, 0
201, 279, 198, 336, 18300900, 4, 2, 259, 267, 165, 798, 679, 153, 23, 126, 259, 226, 0
201, 279, 201, 358, 18300900, 3, 2, 126, 267, 165, 798, 679, 153, 23, 126, 259, 226, 0
201, 279, 201, 387, 18300900, 2, 2, 23, 267, 165, 798, 679, 153, 23, 126, 259, 226, 0
201, 387, 208, 401, 18305600, 4, 3, 18, 23, 165, 798, 679, 65, 254, 265, 18, 186, 0
201, 387, 201, 466, 18305600, 3, 3, 265, 23, 165, 798, 679, 65, 254, 265, 18, 186, 0
201, 387, 201, 510, 18305601, 2, 3, 254, 23, 165, 798, 679, 65, 254, 265, 18, 186, 0
201, 510, 201, 555, 18310301, 4, 4, 186, 254, 165, 798, 679, 10, 65, 45, 186, 172, 0
201, 510, 201, 595, 18310301, 2, 4, 65, 254, 165, 798, 679, 10, 65, 45, 186, 172, 0
201, 510, 198, 596, 18310301, 1, 4, 10, 254, 165, 798, 679, 10, 65, 45, 186, 172, 0
198, 596, 201, 595, 18311001, 3, 5, 65, 10, 165, 798, 679, 20, 191, 65, 10000000, 10000000, 0
198, 596, 216, 601, 18311001, 1, 5, 20, 10, 165, 798, 679, 20, 191, 65, 10000000, 10000000, 0
216, 601, 379, 598, 18311702, 1, 6, 107, 20, 165, 798, 679, 107, 16, 156, 96, 10000000, 0
379, 598, 398, 621, 18312402, 4, 7, 108, 107, 165, 798, 679, 156, 167, 16, 108, 104, 0
379, 598, 410, 601, 18312402, 3, 7, 16, 107, 165, 798, 679, 156, 167, 16, 108, 104, 0
379, 598, 401, 561, 18312402, 5, 7, 104, 107, 165, 798, 679, 156, 167, 16, 108, 104, 0
379, 598, 460, 601, 18312402, 2, 7, 167, 107, 165, 798, 679, 156, 167, 16, 108, 104, 0
460, 601, 564, 598, 18317102, 4, 8, 156, 167, 165, 798, 679, 19, 250, 96, 156, 137, 0
460, 601, 586, 598, 18317102, 3, 8, 96, 167, 165, 798, 679, 19, 250, 96, 156, 137, 0
460, 601, 598, 605, 18317102, 1, 8, 19, 167, 165, 798, 679, 19, 250, 96, 156, 137, 0
598, 605, 666, 601, 18317802, 5, 9, 137, 19, 165, 798, 679, 122, 273, 250, 228, 137, 0
598, 605, 692, 601, 18317803, 4, 9, 228, 19, 165, 798, 679, 122, 273, 250, 228, 137, 0
598, 605, 731, 601, 18317803, 2, 9, 273, 19, 165, 798, 679, 122, 273, 250, 228, 137, 0
598, 605, 741, 598, 18317803, 1, 9, 122, 19, 165, 798, 679, 122, 273, 250, 228, 137, 0
741, 598, 784, 598, 18318503, 3, 10, 84, 122, 165, 798, 679, 37, 70, 84, 183, 10000000, 0
741, 598, 798, 625, 18318503, 1, 10, 37, 122, 165, 798, 679, 37, 70, 84, 183, 10000000, 0
741, 598, 817, 601, 18318503, 2, 10, 70, 122, 165, 798, 679, 37, 70, 84, 183, 10000000, 0
741, 598, 842, 601, 18318503, 4, 10, 183, 122, 165, 798, 679, 37, 70, 84, 183, 10000000, 0
798, 625, 798, 664, 18319203, 165, 11, 165, 37, 165, 798, 679, 165, 238, 10000000, 10000000, 10000000, 0
362, 198, 398, 222, 19300200, 5, 1, 111, 153, 200, 907, 798, 216, 221, 268, 116, 111, 0
362, 198, 431, 201, 19300200, 4, 1, 116, 153, 200, 907, 798, 216, 221, 268, 116, 111, 0
362, 198, 481, 201, 19300200, 1, 1, 216, 153, 200, 907, 798, 216, 221, 268, 116, 111, 0
362, 198, 485, 198, 19300200, 3, 1, 268, 153, 200, 907, 798, 216, 221, 268, 116, 111, 0
481, 201, 573, 198, 19300900, 5, 2, 112, 216, 200, 907, 798, 91, 47, 88, 86, 112, 0
481, 201, 593, 200, 19300900, 3, 2, 88, 216, 200, 907, 798, 91, 47, 88, 86, 112, 0
481, 201, 598, 206, 19300900, 2, 2, 47, 216, 200, 907, 798, 91, 47, 88, 86, 112, 0
481, 201, 601, 200, 19300900, 1, 2, 91, 216, 200, 907, 798, 91, 47, 88, 86, 112, 0
601, 200, 598, 206, 19301600, 4, 3, 47, 91, 200, 907, 798, 102, 131, 86, 47, 249, 0
601, 200, 608, 201, 19301600, 3, 3, 86, 91, 200, 907, 798, 102, 131, 86, 47, 249, 0
601, 200, 678, 201, 19301601, 5, 3, 249, 91, 200, 907, 798, 102, 131, 86, 47, 249, 0
601, 200, 754, 198, 19301601, 2, 3, 131, 91, 200, 907, 798, 102, 131, 86, 47, 249, 0
754, 198, 791, 198, 19306301, 5, 4, 102, 131, 200, 907, 798, 40, 270, 295, 44, 102, 0
754, 198, 798, 212, 19306301, 1, 4, 40, 131, 200, 907, 798, 40, 270, 295, 44, 102, 0
754, 198, 807, 201, 19306301, 4, 4, 44, 131, 200, 907, 798, 40, 270, 295, 44, 102, 0
754, 198, 848, 198, 19306301, 3, 4, 295, 131, 200, 907, 798, 40, 270, 295, 44, 102, 0
754, 198, 887, 198, 19306301, 2, 4, 270, 131, 200, 907, 798, 40, 270, 295, 44, 102, 0
798, 212, 801, 281, 19307001, 5, 5, 274, 40, 200, 907, 798, 58, 120, 227, 87, 274, 0
798, 212, 801, 328, 19307001, 3, 5, 227, 40, 200, 907, 798, 58, 120, 227, 87, 274, 0
598, 206, 598, 239, 19314300, 2, 4, 187, 47, 200, 907, 798, 131, 187, 85, 249, 194, 0
598, 206, 657, 201, 19314301, 5, 4, 194, 47, 200, 907, 798, 131, 187, 85, 249, 194, 0
598, 206, 678, 201, 19314301, 4, 4, 249, 47, 200, 907, 798, 131, 187, 85, 249, 194, 0
598, 206, 754, 198, 19314301, 1, 4, 131, 47, 200, 907, 798, 131, 187, 85, 249, 194, 0
754, 198, 791, 198, 19315001, 5, 5, 102, 131, 200, 907, 798, 40, 270, 295, 44, 102, 0
754, 198, 798, 212, 19315001, 1, 5, 40, 131, 200, 907, 798, 40, 270, 295, 44, 102, 0
754, 198, 807, 201, 19315001, 4, 5, 44, 131, 200, 907, 798, 40, 270, 295, 44, 102, 0
754, 198, 848, 198, 19315001, 3, 5, 295, 131, 200, 907, 798, 40, 270, 295, 44, 102, 0
754, 198, 887, 198, 19315001, 2, 5, 270, 131, 200, 907, 798, 40, 270, 295, 44, 102, 0
801, 328, 801, 376, 19315702, 3, 6, 120, 227, 200, 907, 798, 140, 58, 120, 87, 10000000, 0
801, 328, 798, 407, 19315702, 4, 6, 87, 227, 200, 907, 798, 140, 58, 120, 87, 10000000, 0
398, 222, 431, 201, 19316900, 5, 2, 116, 111, 200, 907, 798, 41, 45, 256, 201, 116, 0
398, 222, 398, 268, 19316900, 4, 2, 201, 111, 200, 907, 798, 41, 45, 256, 201, 116, 0
398, 222, 398, 301, 19316900, 3, 2, 256, 111, 200, 907, 798, 41, 45, 256, 201, 116, 0
598, 239, 591, 398, 19319001, 1, 5, 24, 187, 200, 907, 798, 24, 85, 124, 21, 114, 0
591, 398, 598, 485, 19319701, 4, 6, 220, 24, 200, 907, 798, 76, 287, 114, 220, 58, 0
801, 281, 801, 328, 19323701, 3, 6, 227, 274, 200, 907, 798, 58, 120, 227, 10000000, 10000000, 0
801, 281, 801, 376, 19323702, 2, 6, 120, 274, 200, 907, 798, 58, 120, 227, 10000000, 10000000, 0
801, 281, 801, 427, 19323702, 1, 6, 58, 274, 200, 907, 798, 58, 120, 227, 10000000, 10000000, 0
398, 301, 391, 398, 19325600, 2, 3, 45, 256, 200, 907, 798, 255, 45, 41, 198, 160, 0
398, 301, 401, 403, 19325600, 3, 3, 41, 256, 200, 907, 798, 255, 45, 41, 198, 160, 0
391, 398, 435, 401, 19330300, 5, 4, 138, 45, 200, 907, 798, 108, 104, 198, 160, 138, 0
391, 398, 548, 398, 19330301, 4, 4, 160, 45, 200, 907, 798, 108, 104, 198, 160, 138, 0
391, 398, 401, 573, 19330301, 2, 4, 104, 45, 200, 907, 798, 108, 104, 198, 160, 138, 0
598, 485, 601, 592, 19332402, 3, 7, 21, 220, 200, 907, 798, 96, 90, 21, 19, 185, 0
598, 485, 592, 597, 19332402, 1, 7, 96, 220, 200, 907, 798, 96, 90, 21, 19, 185, 0
598, 485, 600, 601, 19332402, 4, 7, 19, 220, 200, 907, 798, 96, 90, 21, 19, 185, 0
592, 597, 598, 751, 19333102, 5, 8, 296, 96, 200, 907, 798, 122, 250, 84, 228, 296, 0
592, 597, 753, 598, 19333102, 1, 8, 122, 96, 200, 907, 798, 122, 250, 84, 228, 296, 0
431, 201, 516, 201, 19333600, 5, 3, 266, 116, 200, 907, 798, 47, 88, 112, 86, 266, 0
431, 201, 573, 198, 19333600, 3, 3, 112, 116, 200, 907, 798, 47, 88, 112, 86, 266, 0
431, 201, 593, 200, 19333600, 2, 3, 88, 116, 200, 907, 798, 47, 88, 112, 86, 266, 0
753, 598, 791, 598, 19333802, 5, 9, 84, 122, 200, 907, 798, 183, 37, 233, 70, 84, 0
753, 598, 798, 613, 19333802, 2, 9, 37, 122, 200, 907, 798, 183, 37, 233, 70, 84, 0
753, 598, 810, 601, 19333802, 4, 9, 70, 122, 200, 907, 798, 183, 37, 233, 70, 84, 0
753, 598, 829, 601, 19333802, 1, 9, 183, 122, 200, 907, 798, 183, 37, 233, 70, 84, 0
753, 598, 881, 601, 19333803, 3, 9, 233, 122, 200, 907, 798, 183, 37, 233, 70, 84, 0
829, 601, 881, 601, 19334503, 2, 10, 233, 183, 200, 907, 798, 139, 233, 232, 142, 10000000, 0
401, 573, 406, 600, 19335001, 3, 5, 16, 104, 200, 907, 798, 108, 79, 16, 148, 10000000, 0
401, 573, 398, 607, 19335001, 1, 5, 108, 104, 200, 907, 798, 108, 79, 16, 148, 10000000, 0
398, 607, 406, 600, 19335701, 5, 6, 16, 108, 200, 907, 798, 167, 79, 148, 52, 16, 0
398, 607, 448, 601, 19335701, 1, 6, 167, 108, 200, 907, 798, 167, 79, 148, 52, 16, 0
398, 607, 401, 749, 19335701, 3, 6, 148, 108, 200, 907, 798, 167, 79, 148, 52, 16, 0
448, 601, 575, 598, 19336402, 4, 7, 156, 167, 200, 907, 798, 19, 21, 96, 156, 137, 0
448, 601, 600, 601, 19336402, 1, 7, 19, 167, 200, 907, 798, 19, 21, 96, 156, 137, 0
448, 601, 601, 592, 19336402, 2, 7, 21, 167, 200, 907, 798, 19, 21, 96, 156, 137, 0
600, 601, 678, 601, 19337102, 4, 8, 228, 19, 200, 907, 798, 183, 273, 250, 228, 296, 0
600, 601, 718, 601, 19337102, 2, 8, 273, 19, 200, 907, 798, 183, 273, 250, 228, 296, 0
600, 601, 719, 598, 19337102, 3, 8, 250, 19, 200, 907, 798, 183, 273, 250, 228, 296, 0
593, 200, 608, 201, 19338300, 5, 4, 86, 88, 200, 907, 798, 131, 187, 194, 249, 86, 0
593, 200, 598, 239, 19338300, 2, 4, 187, 88, 200, 907, 798, 131, 187, 194, 249, 86, 0
593, 200, 657, 201, 19338301, 3, 4, 194, 88, 200, 907, 798, 131, 187, 194, 249, 86, 0
593, 200, 678, 201, 19338301, 4, 4, 249, 88, 200, 907, 798, 131, 187, 194, 249, 86, 0
718, 601, 791, 598, 19341802, 2, 9, 84, 273, 200, 907, 798, 70, 84, 183, 238, 142, 0
718, 601, 810, 601, 19341802, 1, 9, 70, 273, 200, 907, 798, 70, 84, 183, 238, 142, 0
718, 601, 829, 601, 19341802, 3, 9, 183, 273, 200, 907, 798, 70, 84, 183, 238, 142, 0
810, 601, 798, 613, 19342502, 5, 10, 37, 70, 200, 907, 798, 165, 233, 142, 183, 37, 0
810, 601, 829, 601, 19342502, 4, 10, 183, 70, 200, 907, 798, 165, 233, 142, 183, 37, 0
810, 601, 798, 652, 19342502, 1, 10, 165, 70, 200, 907, 798, 165, 233, 142, 183, 37, 0
810, 601, 880, 601, 19342503, 2, 10, 233, 70, 200, 907, 798, 165, 233, 142, 183, 37, 0
810, 601, 969, 598, 19342503, 3, 10, 142, 70, 200, 907, 798, 165, 233, 142, 183, 37, 0
548, 398, 598, 410, 19343001, 4, 5, 85, 160, 200, 907, 798, 35, 124, 118, 85, 211, 0
548, 398, 598, 435, 19343001, 2, 5, 124, 160, 200, 907, 798, 35, 124, 118, 85, 211, 0
548, 398, 637, 401, 19343001, 3, 5, 118, 160, 200, 907, 798, 35, 124, 118, 85, 211, 0
548, 398, 698, 401, 19343001, 5, 5, 211, 160, 200, 907, 798, 35, 124, 118, 85, 211, 0
798, 652, 801, 717, 19343203, 3, 11, 238, 165, 200, 907, 798, 94, 125, 238, 74, 272, 0
798, 652, 801, 759, 19343203, 2, 11, 125, 165, 200, 907, 798, 94, 125, 238, 74, 272, 0
798, 652, 802, 794, 19343203, 1, 11, 94, 165, 200, 907, 798, 94, 125, 238, 74, 272, 0
802, 794, 840, 801, 19343903, 5, 12, 177, 94, 200, 907, 798, 284, 200, 272, 229, 177, 0
802, 794, 876, 801, 19343903, 4, 12, 229, 94, 200, 907, 798, 284, 200, 272, 229, 177, 0
