source_x,source_y,recv_x,recv_y,time,recv_priority,hopcount,recv_id,source_id,destination_id,destination_x,destination_y,pri_1,pri_2,pri_3,pri_4,pri_5,pri_recover
43, -1, 79, -1, 10300200, 4, 1, 8, 153, 248, 801, 814, 270, 235, 38, 8, 343, 0
43, -1, 108, 1, 10300200, 3, 1, 38, 153, 248, 801, 814, 270, 235, 38, 8, 343, 0
43, -1, 182, 1, 10300200, 1, 1, 270, 153, 248, 801, 814, 270, 235, 38, 8, 343, 0
182, 1, 201, 18, 10300677, 5, 2, 235, 270, 248, 801, 814, 98, 7, 123, 170, 235, 0
182, 1, 201, 49, 10300677, 3, 2, 123, 270, 248, 801, 814, 98, 7, 123, 170, 235, 0
182, 1, 248, -1, 10300677, 4, 2, 170, 270, 248, 801, 814, 98, 7, 123, 170, 235, 0
182, 1, 201, 76, 10300677, 1, 2, 98, 270, 248, 801, 814, 98, 7, 123, 170, 235, 0
182, 1, 280, -1, 10300677, 2, 2, 7, 270, 248, 801, 814, 98, 7, 123, 170, 235, 0
201, 76, 198, 153, 10301154, 3, 3, 199, 98, 248, 801, 814, 344, 368, 199, 263, 249, 0
201, 76, 198, 179, 10301155, 4, 3, 263, 98, 248, 801, 814, 344, 368, 199, 263, 249, 0
201, 76, 198, 187, 10301155, 1, 3, 344, 98, 248, 801, 814, 344, 368, 199, 263, 249, 0
198, 187, 201, 244, 10301632, 5, 4, 132, 344, 248, 801, 814, 363, 366, 13, 27, 132, 0
198, 187, 278, 198, 10301632, 4, 4, 27, 344, 248, 801, 814, 363, 366, 13, 27, 132, 0
198, 187, 198, 315, 10301632, 3, 4, 13, 344, 248, 801, 814, 363, 366, 13, 27, 132, 0
280, -1, 354, 1, 10305155, 4, 3, 149, 7, 248, 801, 814, 288, 320, 254, 149, 156, 0
280, -1, 401, 12, 10305155, 2, 3, 320, 7, 248, 801, 814, 288, 320, 254, 149, 156, 0
280, -1, 420, -1, 10305155, 1, 3, 288, 7, 248, 801, 814, 288, 320, 254, 149, 156, 0
420, -1, 401, 41, 10305632, 2, 4, 158, 288, 248, 801, 814, 48, 158, 5, 61, 200, 0
420, -1, 488, -1, 10305632, 3, 4, 5, 288, 248, 801, 814, 48, 158, 5, 61, 200, 0
420, -1, 515, 1, 10305632, 4, 4, 61, 288, 248, 801, 814, 48, 158, 5, 61, 200, 0
420, -1, 561, 1, 10305632, 5, 4, 200, 288, 248, 801, 814, 48, 158, 5, 61, 200, 0
401, 41, 401, 79, 10310109, 3, 5, 48, 158, 248, 801, 814, 378, 138, 48, 100, 260, 0
401, 41, 398, 115, 10310109, 4, 5, 100, 158, 248, 801, 814, 378, 138, 48, 100, 260, 0
401, 41, 398, 157, 10310109, 2, 5, 138, 158, 248, 801, 814, 378, 138, 48, 100, 260, 0
198, 315, 201, 412, 10310109, 4, 5, 311, 13, 248, 801, 814, 205, 299, 363, 311, 65, 0
198, 315, 201, 412, 10310109, 3, 5, 363, 13, 248, 801, 814, 205, 299, 363, 311, 65, 0
198, 315, 201, 419, 10310109, 2, 5, 299, 13, 248, 801, 814, 205, 299, 363, 311, 65, 0
401, 41, 398, 178, 10310109, 5, 5, 260, 158, 248, 801, 814, 378, 138, 48, 100, 260, 0
401, 41, 398, 187, 10310109, 1, 5, 378, 158, 248, 801, 814, 378, 138, 48, 100, 260, 0
198, 315, 201, 446, 10310109, 1, 5, 205, 13, 248, 801, 814, 205, 299, 363, 311, 65, 0
398, 187, 418, 198, 10310586, 5, 6, 244, 378, 248, 801, 814, 41, 118, 117, 88, 244, 0
398, 187, 448, 198, 10310587, 3, 6, 117, 378, 248, 801, 814, 41, 118, 117, 88, 244, 0
201, 446, 201, 486, 10310587, 2, 6, 65, 205, 248, 801, 814, 210, 65, 222, 45, 188, 0
398, 187, 401, 245, 10310587, 2, 6, 118, 378, 248, 801, 814, 41, 118, 117, 88, 244, 0
398, 187, 401, 288, 10310587, 1, 6, 41, 378, 248, 801, 814, 41, 118, 117, 88, 244, 0
201, 446, 198, 564, 10310587, 3, 6, 222, 205, 248, 801, 814, 210, 65, 222, 45, 188, 0
401, 288, 398, 347, 10311064, 4, 7, 116, 41, 248, 801, 814, 104, 395, 388, 116, 302, 0
401, 288, 401, 412, 10311064, 3, 7, 388, 41, 248, 801, 814, 104, 395, 388, 116, 302, 0
401, 288, 401, 412, 10311064, 2, 7, 395, 41, 248, 801, 814, 104, 395, 388, 116, 302, 0
278, 198, 323, 201, 10314109, 5, 5, 71, 27, 248, 801, 814, 244, 356, 310, 314, 71, 0
278, 198, 412, 198, 10314109, 4, 5, 314, 27, 248, 801, 814, 244, 356, 310, 314, 71, 0
278, 198, 412, 198, 10314109, 2, 5, 356, 27, 248, 801, 814, 244, 356, 310, 314, 71, 0
488, -1, 587, 1, 10314109, 1, 5, 338, 5, 248, 801, 814, 338, 291, 155, 220, 105, 0
278, 198, 418, 198, 10314109, 1, 5, 244, 27, 248, 801, 814, 244, 356, 310, 314, 71, 0
488, -1, 634, -1, 10314109, 4, 5, 220, 5, 248, 801, 814, 338, 291, 155, 220, 105, 0
587, 1, 601, 44, 10314586, 5, 6, 155, 338, 248, 801, 814, 285, 183, 91, 12, 155, 0
418, 198, 495, 198, 10314587, 1, 6, 88, 244, 248, 801, 814, 88, 41, 312, 287, 239, 0
587, 1, 601, 85, 10314587, 3, 6, 91, 338, 248, 801, 814, 285, 183, 91, 12, 155, 0
587, 1, 598, 110, 10314587, 4, 6, 12, 338, 248, 801, 814, 285, 183, 91, 12, 155, 0
587, 1, 598, 147, 10314587, 2, 6, 183, 338, 248, 801, 814, 285, 183, 91, 12, 155, 0
201, 486, 198, 532, 10315064, 4, 7, 113, 65, 248, 801, 814, 276, 210, 222, 113, 45, 0
495, 198, 553, 201, 10315064, 5, 7, 122, 88, 248, 801, 814, 380, 312, 287, 137, 122, 0
201, 486, 198, 564, 10315064, 3, 7, 222, 65, 248, 801, 814, 276, 210, 222, 113, 45, 0
495, 198, 587, 201, 10315064, 2, 7, 312, 88, 248, 801, 814, 380, 312, 287, 137, 122, 0
495, 198, 620, 198, 10315064, 3, 7, 287, 88, 248, 801, 814, 380, 312, 287, 137, 122, 0
495, 198, 647, 198, 10315064, 4, 7, 137, 88, 248, 801, 814, 380, 312, 287, 137, 122, 0
201, 486, 201, 645, 10315064, 2, 7, 210, 65, 248, 801, 814, 276, 210, 222, 113, 45, 0
401, 412, 401, 416, 10315541, 2, 8, 300, 395, 248, 801, 814, 279, 300, 154, 24, 104, 0
401, 412, 419, 398, 10315541, 1, 8, 279, 395, 248, 801, 814, 279, 300, 154, 24, 104, 0
401, 412, 401, 467, 10315541, 5, 8, 104, 395, 248, 801, 814, 279, 300, 154, 24, 104, 0
419, 398, 445, 398, 10316018, 4, 9, 166, 279, 248, 801, 814, 24, 104, 144, 166, 53, 0
419, 398, 485, 398, 10316018, 1, 9, 24, 279, 248, 801, 814, 24, 104, 144, 166, 53, 0
419, 398, 515, 401, 10316019, 5, 9, 53, 279, 248, 801, 814, 24, 104, 144, 166, 53, 0
419, 398, 554, 401, 10316019, 3, 9, 144, 279, 248, 801, 814, 24, 104, 144, 166, 53, 0
485, 398, 515, 401, 10316496, 5, 10, 53, 24, 248, 801, 814, 286, 144, 347, 120, 53, 0
485, 398, 554, 401, 10316496, 2, 10, 144, 24, 248, 801, 814, 286, 144, 347, 120, 53, 0
485, 398, 601, 412, 10316496, 3, 10, 347, 24, 248, 801, 814, 286, 144, 347, 120, 53, 0
598, 147, 587, 201, 10319064, 4, 7, 312, 183, 248, 801, 814, 114, 287, 380, 312, 239, 0
598, 147, 587, 201, 10319064, 3, 7, 380, 183, 248, 801, 814, 114, 287, 380, 312, 239, 0
598, 147, 581, 201, 10319064, 5, 7, 239, 183, 248, 801, 814, 114, 287, 380, 312, 239, 0
598, 147, 601, 262, 10319064, 1, 7, 114, 183, 248, 801, 814, 114, 287, 380, 312, 239, 0
587, 201, 677, 198, 10319541, 5, 8, 102, 312, 248, 801, 814, 286, 206, 114, 86, 102, 0
201, 645, 201, 691, 10319541, 4, 8, 67, 210, 248, 801, 814, 55, 246, 107, 67, 10, 0
587, 201, 717, 201, 10319541, 4, 8, 86, 312, 248, 801, 814, 286, 206, 114, 86, 102, 0
201, 645, 198, 712, 10319541, 5, 8, 10, 210, 248, 801, 814, 55, 246, 107, 67, 10, 0
201, 645, 201, 820, 10319542, 2, 8, 246, 210, 248, 801, 814, 55, 246, 107, 67, 10, 0
554, 401, 601, 419, 10320973, 5, 11, 286, 144, 248, 801, 814, 367, 179, 21, 35, 286, 0
554, 401, 601, 445, 10320973, 2, 11, 179, 144, 248, 801, 814, 367, 179, 21, 35, 286, 0
554, 401, 683, 398, 10320973, 4, 11, 35, 144, 248, 801, 814, 367, 179, 21, 35, 286, 0
201, 820, 220, 798, 10324019, 3, 9, 271, 246, 248, 801, 814, 3, 136, 271, 10000000, 10000000, 0
601, 445, 601, 488, 10325450, 1, 12, 21, 179, 248, 801, 814, 21, 332, 85, 130, 243, 0
601, 445, 598, 515, 10325450, 3, 12, 85, 179, 248, 801, 814, 21, 332, 85, 130, 243, 0
601, 445, 598, 552, 10325450, 4, 12, 130, 179, 248, 801, 814, 21, 332, 85, 130, 243, 0
601, 445, 598, 580, 10325450, 5, 12, 243, 179, 248, 801, 814, 21, 332, 85, 130, 243, 0
601, 445, 598, 587, 10325450, 2, 12, 332, 179, 248, 801, 814, 21, 332, 85, 130, 243, 0
601, 488, 598, 515, 10325927, 5, 13, 85, 21, 248, 801, 814, 332, 130, 186, 243, 85, 0
601, 488, 598, 552, 10325927, 2, 13, 130, 21, 248, 801, 814, 332, 130, 186, 243, 85, 0
601, 488, 598, 580, 10325927, 4, 13, 243, 21, 248, 801, 814, 332, 130, 186, 243, 85, 0
601, 488, 598, 587, 10325927, 1, 13, 332, 21, 248, 801, 814, 332, 130, 186, 243, 85, 0
601, 488, 601, 647, 10325928, 3, 13, 186, 21, 248, 801, 814, 332, 130, 186, 243, 85, 0
598, 587, 642, 598, 10326405, 3, 14, 128, 332, 248, 801, 814, 4, 186, 128, 309, 84, 0
598, 587, 601, 647, 10326405, 2, 14, 186, 332, 248, 801, 814, 4, 186, 128, 309, 84, 0
598, 587, 601, 690, 10326405, 1, 14, 4, 332, 248, 801, 814, 4, 186, 128, 309, 84, 0
601, 690, 598, 752, 10326882, 4, 15, 204, 4, 248, 801, 814, 309, 393, 360, 204, 112, 0
601, 690, 598, 787, 10326882, 1, 15, 309, 4, 248, 801, 814, 309, 393, 360, 204, 112, 0
601, 690, 598, 787, 10326882, 3, 15, 360, 4, 248, 801, 814, 309, 393, 360, 204, 112, 0
601, 690, 601, 858, 10326882, 5, 15, 112, 4, 248, 801, 814, 309, 393, 360, 204, 112, 0
598, 787, 612, 798, 10327359, 4, 16, 337, 309, 248, 801, 814, 6, 194, 240, 337, 248, 0
598, 787, 618, 798, 10327359, 3, 16, 240, 309, 248, 801, 814, 6, 194, 240, 337, 248, 0
598, 787, 646, 798, 10327359, 2, 16, 194, 309, 248, 801, 814, 6, 194, 240, 337, 248, 0
598, 787, 685, 798, 10327359, 1, 16, 6, 309, 248, 801, 814, 6, 194, 240, 337, 248, 0
587, 201, 620, 198, 10327541, 1, 8, 287, 380, 248, 801, 814, 287, 47, 385, 319, 114, 0
587, 201, 601, 262, 10327541, 5, 8, 114, 380, 248, 801, 814, 287, 47, 385, 319, 114, 0
587, 201, 598, 315, 10327541, 2, 8, 47, 380, 248, 801, 814, 287, 47, 385, 319, 114, 0
685, 798, 812, 798, 10327837, 2, 17, 301, 6, 248, 801, 814, 248, 301, 223, 211, 133, 0
685, 798, 822, 798, 10327837, 3, 17, 223, 6, 248, 801, 814, 248, 301, 223, 211, 133, 0
401, 467, 398, 533, 10332019, 1, 9, 115, 104, 248, 801, 814, 115, 154, 10000000, 10000000, 10000000, 0
598, 315, 598, 378, 10332019, 5, 9, 290, 47, 248, 801, 814, 21, 179, 286, 347, 290, 0
598, 315, 601, 412, 10332019, 4, 9, 347, 47, 248, 801, 814, 21, 179, 286, 347, 290, 0
598, 315, 601, 419, 10332019, 3, 9, 286, 47, 248, 801, 814, 21, 179, 286, 347, 290, 0
598, 315, 601, 445, 10332019, 2, 9, 179, 47, 248, 801, 814, 21, 179, 286, 347, 290, 0
812, 798, 801, 821, 10332314, 248, 18, 248, 301, 248, 801, 814, 248, 10000000, 10000000, 10000000, 10000000, 0
175, 201, 253, 198, 11300200, 4, 1, 159, 238, 146, 798, 545, 71, 197, 27, 159, 23, 0
175, 201, 293, 198, 11300200, 3, 1, 27, 238, 146, 798, 545, 71, 197, 27, 159, 23, 0
293, 198, 311, 201, 11308677, 4, 2, 71, 27, 146, 798, 545, 241, 117, 197, 71, 356, 0
293, 198, 344, 201, 11308677, 3, 2, 197, 27, 146, 798, 545, 241, 117, 197, 71, 356, 0
293, 198, 371, 201, 11308677, 1, 2, 241, 27, 146, 798, 545, 241, 117, 197, 71, 356, 0
293, 198, 412, 198, 11308677, 5, 2, 356, 27, 146, 798, 545, 241, 117, 197, 71, 356, 0
371, 201, 462, 198, 11309154, 5, 3, 117, 241, 146, 798, 545, 239, 88, 49, 41, 117, 0
371, 201, 501, 201, 11309155, 3, 3, 49, 241, 146, 798, 545, 239, 88, 49, 41, 117, 0
501, 201, 587, 201, 11317632, 3, 4, 312, 49, 146, 798, 545, 137, 380, 312, 285, 287, 0
501, 201, 587, 201, 11317632, 2, 4, 380, 49, 146, 798, 545, 137, 380, 312, 285, 287, 0
501, 201, 627, 198, 11317632, 5, 4, 287, 49, 146, 798, 545, 137, 380, 312, 285, 287, 0
587, 201, 659, 198, 11322109, 4, 5, 137, 380, 146, 798, 545, 114, 47, 102, 137, 272, 0
587, 201, 601, 272, 11322109, 1, 5, 114, 380, 146, 798, 545, 114, 47, 102, 137, 272, 0
587, 201, 598, 301, 11322109, 2, 5, 47, 380, 146, 798, 545, 114, 47, 102, 137, 272, 0
587, 201, 692, 198, 11322109, 3, 5, 102, 380, 146, 798, 545, 114, 47, 102, 137, 272, 0
601, 272, 598, 301, 11322586, 2, 6, 47, 114, 146, 798, 545, 206, 47, 290, 286, 347, 0
601, 272, 598, 347, 11322586, 1, 6, 206, 114, 146, 798, 545, 206, 47, 290, 286, 347, 0
601, 272, 598, 371, 11322586, 3, 6, 290, 114, 146, 798, 545, 206, 47, 290, 286, 347, 0
601, 272, 601, 412, 11322587, 5, 6, 347, 114, 146, 798, 545, 206, 47, 290, 286, 347, 0
601, 272, 601, 426, 11322587, 4, 6, 286, 114, 146, 798, 545, 206, 47, 290, 286, 347, 0
598, 347, 601, 412, 11323064, 4, 7, 347, 206, 146, 798, 545, 21, 179, 286, 347, 120, 0
598, 347, 601, 426, 11323064, 3, 7, 286, 206, 146, 798, 545, 21, 179, 286, 347, 120, 0
598, 347, 601, 457, 11323064, 2, 7, 179, 206, 146, 798, 545, 21, 179, 286, 347, 120, 0
598, 347, 601, 501, 11323064, 1, 7, 21, 206, 146, 798, 545, 21, 179, 286, 347, 120, 0
601, 501, 598, 540, 11323541, 1, 8, 130, 21, 146, 798, 545, 130, 35, 10000000, 10000000, 10000000, 0
692, 198, 786, 201, 11330587, 3, 6, 345, 102, 146, 798, 545, 316, 385, 345, 350, 359, 0
692, 198, 787, 201, 11330587, 4, 6, 350, 102, 146, 798, 545, 316, 385, 345, 350, 359, 0
692, 198, 812, 198, 11330587, 5, 6, 359, 102, 146, 798, 545, 316, 385, 345, 350, 359, 0
692, 198, 812, 198, 11330587, 2, 6, 385, 102, 146, 798, 545, 316, 385, 345, 350, 359, 0
692, 198, 813, 198, 11330587, 1, 6, 316, 102, 146, 798, 545, 316, 385, 345, 350, 359, 0
813, 198, 801, 213, 11331064, 4, 7, 319, 316, 146, 798, 545, 126, 58, 250, 319, 350, 0
813, 198, 787, 201, 11331064, 5, 7, 350, 316, 146, 798, 545, 126, 58, 250, 319, 350, 0
813, 198, 801, 226, 11331064, 3, 7, 250, 316, 146, 798, 545, 126, 58, 250, 319, 350, 0
813, 198, 801, 259, 11331064, 1, 7, 126, 316, 146, 798, 545, 126, 58, 250, 319, 350, 0
801, 259, 801, 304, 11331541, 1, 8, 58, 126, 146, 798, 545, 58, 40, 187, 10000000, 10000000, 0
801, 259, 798, 310, 11331541, 2, 8, 40, 126, 146, 798, 545, 58, 40, 187, 10000000, 10000000, 0
801, 259, 798, 349, 11331541, 3, 8, 187, 126, 146, 798, 545, 58, 40, 187, 10000000, 10000000, 0
801, 304, 798, 310, 11332018, 2, 9, 40, 58, 146, 798, 545, 187, 40, 111, 10000000, 10000000, 0
801, 304, 798, 349, 11332018, 1, 9, 187, 58, 146, 798, 545, 187, 40, 111, 10000000, 10000000, 0
801, 304, 801, 481, 11332019, 3, 9, 111, 58, 146, 798, 545, 187, 40, 111, 10000000, 10000000, 0
798, 349, 787, 401, 11332495, 4, 10, 367, 187, 146, 798, 545, 87, 111, 398, 367, 306, 0
798, 349, 787, 401, 11332495, 3, 10, 398, 187, 146, 798, 545, 87, 111, 398, 367, 306, 0
798, 349, 787, 401, 11332495, 5, 10, 306, 187, 146, 798, 545, 87, 111, 398, 367, 306, 0
798, 349, 801, 481, 11332496, 2, 10, 111, 187, 146, 798, 545, 87, 111, 398, 367, 306, 0
801, 481, 798, 505, 11336973, 1, 11, 87, 111, 146, 798, 545, 87, 146, 280, 10000000, 10000000, 0
801, 481, 798, 541, 11336973, 146, 11, 146, 111, 146, 798, 545, 87, 146, 280, 10000000, 10000000, 0
201, 98, 198, 164, 12300200, 5, 1, 263, 98, 4, 601, 712, 13, 132, 313, 344, 263, 0
201, 98, 198, 185, 12300200, 4, 1, 344, 98, 4, 601, 712, 13, 132, 313, 344, 263, 0
201, 98, 198, 287, 12300200, 1, 1, 13, 98, 4, 601, 712, 13, 132, 313, 344, 263, 0
198, 287, 198, 387, 12300677, 5, 2, 399, 13, 4, 601, 712, 205, 299, 363, 311, 399, 0
198, 287, 201, 412, 12300678, 3, 2, 363, 13, 4, 601, 712, 205, 299, 363, 311, 399, 0
198, 287, 201, 415, 12300678, 4, 2, 311, 13, 4, 601, 712, 205, 299, 363, 311, 399, 0
198, 287, 201, 433, 12300678, 2, 2, 299, 13, 4, 601, 712, 205, 299, 363, 311, 399, 0
201, 433, 201, 472, 12305155, 4, 3, 205, 299, 4, 601, 712, 276, 65, 188, 205, 45, 0
201, 433, 201, 512, 12305155, 2, 3, 65, 299, 4, 601, 712, 276, 65, 188, 205, 45, 0
201, 433, 275, 398, 12305155, 3, 3, 188, 299, 4, 601, 712, 276, 65, 188, 205, 45, 0
201, 512, 198, 542, 12309632, 3, 4, 222, 65, 4, 601, 712, 276, 210, 222, 45, 67, 0
201, 512, 201, 630, 12309632, 1, 4, 276, 65, 4, 601, 712, 276, 210, 222, 45, 67, 0
201, 630, 201, 671, 12310109, 3, 5, 210, 276, 4, 601, 712, 107, 67, 210, 10, 178, 0
201, 630, 198, 683, 12310109, 4, 5, 10, 276, 4, 601, 712, 107, 67, 210, 10, 178, 0
201, 630, 201, 720, 12310110, 2, 5, 67, 276, 4, 601, 712, 107, 67, 210, 10, 178, 0
201, 630, 198, 734, 12310110, 5, 5, 178, 276, 4, 601, 712, 107, 67, 210, 10, 178, 0
275, 398, 309, 398, 12313632, 4, 4, 45, 188, 4, 601, 712, 279, 372, 388, 45, 335, 0
275, 398, 384, 401, 12313632, 5, 4, 335, 188, 4, 601, 712, 279, 372, 388, 45, 335, 0
275, 398, 401, 412, 12313632, 3, 4, 388, 188, 4, 601, 712, 279, 372, 388, 45, 335, 0
401, 412, 401, 451, 12322109, 3, 5, 217, 388, 4, 601, 712, 115, 104, 217, 24, 166, 0
401, 412, 469, 398, 12322110, 5, 5, 166, 388, 4, 601, 712, 115, 104, 217, 24, 166, 0
401, 412, 401, 491, 12322110, 2, 5, 104, 388, 4, 601, 712, 115, 104, 217, 24, 166, 0
309, 398, 384, 401, 12326109, 3, 5, 335, 45, 4, 601, 712, 388, 381, 335, 395, 372, 0
309, 398, 401, 412, 12326109, 2, 5, 381, 45, 4, 601, 712, 388, 381, 335, 395, 372, 0
309, 398, 401, 412, 12326109, 1, 5, 388, 45, 4, 601, 712, 388, 381, 335, 395, 372, 0
309, 398, 401, 412, 12326109, 4, 5, 395, 45, 4, 601, 712, 388, 381, 335, 395, 372, 0
401, 412, 469, 398, 12326587, 5, 6, 166, 388, 4, 601, 712, 115, 104, 217, 24, 166, 0
401, 491, 398, 510, 12326587, 3, 6, 115, 104, 4, 601, 712, 108, 154, 115, 10000000, 10000000, 0
401, 451, 401, 491, 12330587, 2, 6, 104, 217, 4, 601, 712, 115, 104, 154, 79, 10000000, 0
401, 451, 398, 510, 12330587, 1, 6, 115, 217, 4, 601, 712, 115, 104, 154, 79, 10000000, 0
401, 451, 401, 660, 12330587, 3, 6, 154, 217, 4, 601, 712, 115, 104, 154, 79, 10000000, 0
398, 510, 401, 660, 12331064, 1, 7, 154, 115, 4, 601, 712, 154, 79, 162, 96, 215, 0
398, 510, 401, 707, 12331064, 2, 7, 79, 115, 4, 601, 712, 154, 79, 162, 96, 215, 0
401, 660, 398, 700, 12331541, 4, 8, 108, 154, 4, 601, 712, 162, 96, 79, 108, 10000000, 0
401, 660, 401, 707, 12331541, 3, 8, 79, 154, 4, 601, 712, 162, 96, 79, 108, 10000000, 0
469, 398, 529, 401, 12343064, 4, 7, 144, 166, 4, 601, 712, 347, 286, 179, 144, 104, 0
469, 398, 601, 415, 12343064, 1, 7, 347, 166, 4, 601, 712, 347, 286, 179, 144, 104, 0
601, 415, 601, 434, 12343541, 5, 8, 286, 347, 4, 601, 712, 21, 85, 179, 130, 286, 0
601, 415, 601, 470, 12343541, 3, 8, 179, 347, 4, 601, 712, 21, 85, 179, 130, 286, 0
601, 415, 598, 490, 12343541, 2, 8, 85, 347, 4, 601, 712, 21, 85, 179, 130, 286, 0
601, 415, 601, 515, 12343541, 1, 8, 21, 347, 4, 601, 712, 21, 85, 179, 130, 286, 0
601, 415, 598, 526, 12343541, 4, 8, 130, 347, 4, 601, 712, 21, 85, 179, 130, 286, 0
601, 515, 598, 526, 12344018, 5, 9, 130, 21, 4, 601, 712, 19, 332, 243, 186, 130, 0
601, 515, 598, 566, 12344018, 3, 9, 243, 21, 4, 601, 712, 19, 332, 243, 186, 130, 0
601, 515, 598, 584, 12344019, 2, 9, 332, 21, 4, 601, 712, 19, 332, 243, 186, 130, 0
601, 515, 601, 673, 12344019, 4, 9, 186, 21, 4, 601, 712, 19, 332, 243, 186, 130, 0
601, 515, 598, 681, 12344019, 1, 9, 19, 21, 4, 601, 712, 19, 332, 243, 186, 130, 0
598, 681, 601, 717, 12344496, 4, 10, 4, 19, 4, 601, 712, 4, 204, 10000000, 10000000, 10000000, 0
287, -1, 316, 1, 13300200, 5, 1, 149, 170, 334, 801, 614, 320, 373, 288, 7, 149, 0
287, -1, 318, -1, 13300200, 4, 1, 7, 170, 334, 801, 614, 320, 373, 288, 7, 149, 0
287, -1, 401, 12, 13300200, 2, 1, 373, 170, 334, 801, 614, 320, 373, 288, 7, 149, 0
287, -1, 445, -1, 13300200, 3, 1, 288, 170, 334, 801, 614, 320, 373, 288, 7, 149, 0
401, 12, 398, 73, 13304677, 3, 2, 100, 373, 334, 801, 614, 48, 158, 100, 156, 260, 0
401, 12, 401, 81, 13304677, 2, 2, 158, 373, 334, 801, 614, 48, 158, 100, 156, 260, 0
401, 12, 401, 118, 13304677, 1, 2, 48, 373, 334, 801, 614, 48, 158, 100, 156, 260, 0
401, 12, 398, 148, 13304677, 5, 2, 260, 373, 334, 801, 614, 48, 158, 100, 156, 260, 0
401, 118, 398, 148, 13305154, 3, 3, 260, 48, 334, 801, 614, 118, 325, 260, 378, 41, 0
401, 118, 398, 179, 13305154, 2, 3, 325, 48, 334, 801, 614, 118, 325, 260, 378, 41, 0
401, 118, 398, 187, 13305154, 4, 3, 378, 48, 334, 801, 614, 118, 325, 260, 378, 41, 0
401, 118, 401, 284, 13305155, 1, 3, 118, 48, 334, 801, 614, 118, 325, 260, 378, 41, 0
401, 284, 398, 387, 13305632, 4, 4, 351, 118, 334, 801, 614, 395, 381, 349, 351, 388, 0
401, 284, 401, 412, 13305632, 2, 4, 381, 118, 334, 801, 614, 395, 381, 349, 351, 388, 0
401, 284, 401, 412, 13305632, 5, 4, 388, 118, 334, 801, 614, 395, 381, 349, 351, 388, 0
401, 284, 401, 414, 13305632, 3, 4, 349, 118, 334, 801, 614, 395, 381, 349, 351, 388, 0
401, 412, 442, 398, 13310109, 4, 5, 279, 381, 334, 801, 614, 166, 24, 104, 279, 217, 0
401, 412, 401, 464, 13310109, 5, 5, 217, 381, 334, 801, 614, 166, 24, 104, 279, 217, 0
401, 412, 481, 398, 13310109, 1, 5, 166, 381, 334, 801, 614, 166, 24, 104, 279, 217, 0
401, 412, 401, 502, 13310110, 3, 5, 104, 381, 334, 801, 614, 166, 24, 104, 279, 217, 0
481, 398, 516, 401, 13310587, 2, 6, 144, 166, 334, 801, 614, 24, 144, 347, 286, 179, 0
481, 398, 527, 398, 13310587, 1, 6, 24, 166, 334, 801, 614, 24, 144, 347, 286, 179, 0
527, 398, 601, 419, 13311064, 5, 7, 347, 24, 334, 801, 614, 124, 81, 120, 35, 347, 0
527, 398, 678, 398, 13311064, 3, 7, 120, 24, 334, 801, 614, 124, 81, 120, 35, 347, 0
527, 398, 681, 401, 13311064, 2, 7, 81, 24, 334, 801, 614, 124, 81, 120, 35, 347, 0
398, 148, 412, 198, 13313632, 4, 4, 356, 260, 334, 801, 614, 118, 41, 314, 356, 244, 0
681, 401, 755, 401, 13315541, 4, 8, 234, 81, 334, 801, 614, 398, 367, 306, 234, 283, 0
681, 401, 781, 401, 13315541, 3, 8, 306, 81, 334, 801, 614, 398, 367, 306, 234, 283, 0
681, 401, 787, 401, 13315542, 2, 8, 367, 81, 334, 801, 614, 398, 367, 306, 234, 283, 0
681, 401, 787, 401, 13315542, 1, 8, 398, 81, 334, 801, 614, 398, 367, 306, 234, 283, 0
681, 401, 846, 398, 13315542, 5, 8, 283, 81, 334, 801, 614, 398, 367, 306, 234, 283, 0
787, 401, 798, 479, 13316019, 3, 9, 87, 398, 334, 801, 614, 146, 111, 87, 280, 334, 0
787, 401, 801, 506, 13316019, 2, 9, 111, 398, 334, 801, 614, 146, 111, 87, 280, 334, 0
787, 401, 798, 519, 13316019, 1, 9, 146, 398, 334, 801, 614, 146, 111, 87, 280, 334, 0
787, 401, 798, 553, 13316019, 4, 9, 280, 398, 334, 801, 614, 146, 111, 87, 280, 334, 0
798, 519, 787, 601, 13316496, 3, 10, 377, 146, 334, 801, 614, 371, 334, 377, 318, 261, 0
798, 519, 801, 612, 13316496, 1, 10, 371, 146, 334, 801, 614, 371, 334, 377, 318, 261, 0
798, 519, 801, 620, 13316496, 334, 10, 334, 146, 334, 801, 614, 371, 334, 377, 318, 261, 0
176, 1, 201, 53, 14300200, 5, 1, 235, 343, 69, 801, 937, 98, 123, 7, 170, 235, 0
176, 1, 300, -1, 14300200, 4, 1, 170, 343, 69, 801, 937, 98, 123, 7, 170, 235, 0
176, 1, 330, -1, 14300200, 3, 1, 7, 343, 69, 801, 937, 98, 123, 7, 170, 235, 0
330, -1, 401, 12, 14308677, 3, 2, 373, 7, 69, 801, 937, 320, 156, 373, 288, 254, 0
330, -1, 401, 25, 14308677, 1, 2, 320, 7, 69, 801, 937, 320, 156, 373, 288, 254, 0
330, -1, 457, -1, 14308677, 4, 2, 288, 7, 69, 801, 937, 320, 156, 373, 288, 254, 0
401, 25, 401, 58, 14309154, 5, 3, 254, 320, 69, 801, 937, 48, 138, 158, 100, 254, 0
401, 25, 398, 58, 14309154, 4, 3, 100, 320, 69, 801, 937, 48, 138, 158, 100, 254, 0
401, 25, 401, 98, 14309155, 3, 3, 158, 320, 69, 801, 937, 48, 138, 158, 100, 254, 0
401, 25, 398, 105, 14309155, 2, 3, 138, 320, 69, 801, 937, 48, 138, 158, 100, 254, 0
401, 25, 401, 132, 14309155, 1, 3, 48, 320, 69, 801, 937, 48, 138, 158, 100, 254, 0
401, 132, 398, 172, 14309632, 4, 4, 325, 48, 69, 801, 937, 118, 356, 378, 325, 41, 0
401, 132, 398, 186, 14309632, 3, 4, 378, 48, 69, 801, 937, 118, 356, 378, 325, 41, 0
201, 53, 201, 121, 14316677, 5, 2, 98, 235, 69, 801, 937, 368, 249, 344, 263, 98, 0
201, 53, 198, 144, 14316677, 4, 2, 263, 235, 69, 801, 937, 368, 249, 344, 263, 98, 0
201, 53, 198, 175, 14316677, 3, 2, 344, 235, 69, 801, 937, 368, 249, 344, 263, 98, 0
201, 53, 201, 212, 14316677, 1, 2, 368, 235, 69, 801, 937, 368, 249, 344, 263, 98, 0
201, 212, 198, 295, 14317154, 4, 3, 193, 368, 69, 801, 937, 305, 23, 132, 193, 386, 0
201, 212, 201, 300, 14317155, 3, 3, 132, 368, 69, 801, 937, 305, 23, 132, 193, 386, 0
201, 212, 201, 338, 14317155, 2, 3, 23, 368, 69, 801, 937, 305, 23, 132, 193, 386, 0
201, 212, 198, 375, 14317155, 1, 3, 305, 368, 69, 801, 937, 305, 23, 132, 193, 386, 0
198, 375, 201, 456, 14317632, 4, 4, 299, 305, 69, 801, 937, 65, 205, 113, 299, 274, 0
198, 375, 201, 500, 14317632, 2, 4, 205, 305, 69, 801, 937, 65, 205, 113, 299, 274, 0
398, 186, 398, 289, 14318109, 4, 5, 116, 378, 69, 801, 937, 41, 351, 118, 116, 117, 0
398, 186, 401, 297, 14318109, 3, 5, 118, 378, 69, 801, 937, 41, 351, 118, 116, 117, 0
398, 186, 401, 338, 14318109, 1, 5, 41, 378, 69, 801, 937, 41, 351, 118, 116, 117, 0
401, 338, 412, 398, 14318587, 2, 6, 372, 41, 69, 801, 937, 300, 372, 388, 395, 115, 0
401, 338, 401, 412, 14318587, 3, 6, 388, 41, 69, 801, 937, 300, 372, 388, 395, 115, 0
401, 338, 401, 412, 14318587, 4, 6, 395, 41, 69, 801, 937, 300, 372, 388, 395, 115, 0
401, 338, 401, 442, 14318587, 1, 6, 300, 41, 69, 801, 937, 300, 372, 388, 395, 115, 0
401, 442, 401, 477, 14319064, 3, 7, 217, 300, 69, 801, 937, 104, 115, 217, 24, 166, 0
401, 442, 398, 488, 14319064, 2, 7, 115, 300, 69, 801, 937, 104, 115, 217, 24, 166, 0
401, 442, 401, 514, 14319064, 1, 7, 104, 300, 69, 801, 937, 104, 115, 217, 24, 166, 0
401, 514, 398, 674, 14319541, 1, 8, 108, 104, 69, 801, 937, 108, 154, 10000000, 10000000, 10000000, 0
401, 514, 401, 686, 14319541, 2, 8, 154, 104, 69, 801, 937, 108, 154, 10000000, 10000000, 10000000, 0
398, 674, 401, 734, 14320019, 5, 9, 79, 108, 69, 801, 937, 304, 352, 292, 177, 79, 0
398, 674, 401, 855, 14320019, 3, 9, 292, 108, 69, 801, 937, 304, 352, 292, 177, 79, 0
457, -1, 513, 1, 14321155, 3, 3, 200, 288, 69, 801, 937, 46, 5, 200, 158, 254, 0
457, -1, 543, -1, 14321155, 2, 3, 5, 288, 69, 801, 937, 46, 5, 200, 158, 254, 0
201, 500, 198, 513, 14322109, 3, 5, 222, 205, 69, 801, 937, 276, 65, 222, 45, 188, 0
201, 500, 201, 539, 14322109, 2, 5, 65, 205, 69, 801, 937, 276, 65, 222, 45, 188, 0
201, 500, 201, 650, 14322110, 1, 5, 276, 205, 69, 801, 937, 276, 65, 222, 45, 188, 0
201, 650, 201, 698, 14322587, 4, 6, 210, 276, 69, 801, 937, 67, 295, 178, 210, 107, 0
201, 650, 198, 708, 14322587, 3, 6, 178, 276, 69, 801, 937, 67, 295, 178, 210, 107, 0
201, 650, 198, 740, 14322587, 2, 6, 295, 276, 69, 801, 937, 67, 295, 178, 210, 107, 0
201, 650, 201, 749, 14322587, 1, 6, 67, 276, 69, 801, 937, 67, 295, 178, 210, 107, 0
201, 749, 201, 825, 14323064, 3, 7, 324, 67, 69, 801, 937, 59, 246, 324, 55, 190, 0
201, 749, 198, 867, 14323064, 1, 7, 59, 67, 69, 801, 937, 59, 246, 324, 55, 190, 0
198, 867, 201, 902, 14323542, 2, 8, 190, 59, 69, 801, 937, 55, 190, 296, 218, 172, 0
198, 867, 198, 905, 14323542, 5, 8, 172, 59, 69, 801, 937, 55, 190, 296, 218, 172, 0
198, 867, 201, 929, 14323542, 1, 8, 55, 59, 69, 801, 937, 55, 190, 296, 218, 172, 0
198, 867, 198, 939, 14323542, 3, 8, 296, 59, 69, 801, 937, 55, 190, 296, 218, 172, 0
543, -1, 543, 1, 14325632, 5, 4, 298, 5, 69, 801, 937, 46, 207, 338, 220, 298, 0
543, -1, 573, 1, 14325632, 3, 4, 338, 5, 69, 801, 937, 46, 207, 338, 220, 298, 0
543, -1, 662, 1, 14325632, 1, 4, 46, 5, 69, 801, 937, 46, 207, 338, 220, 298, 0
543, -1, 687, -1, 14325632, 4, 4, 220, 5, 69, 801, 937, 46, 207, 338, 220, 298, 0
543, -1, 704, 1, 14325632, 2, 4, 207, 5, 69, 801, 937, 46, 207, 338, 220, 298, 0
662, 1, 742, 1, 14326109, 4, 5, 225, 46, 69, 801, 937, 382, 357, 315, 225, 331, 0
662, 1, 774, 1, 14326109, 3, 5, 315, 46, 69, 801, 937, 382, 357, 315, 225, 331, 0
662, 1, 787, 1, 14326110, 2, 5, 357, 46, 69, 801, 937, 382, 357, 315, 225, 331, 0
662, 1, 787, 1, 14326110, 1, 5, 382, 46, 69, 801, 937, 382, 357, 315, 225, 331, 0
787, 1, 798, 64, 14326587, 3, 6, 75, 382, 69, 801, 937, 232, 209, 75, 319, 10000000, 0
787, 1, 798, 103, 14326587, 2, 6, 209, 382, 69, 801, 937, 232, 209, 75, 319, 10000000, 0
787, 1, 801, 227, 14326587, 4, 6, 319, 382, 69, 801, 937, 232, 209, 75, 319, 10000000, 0
401, 855, 401, 896, 14328496, 4, 10, 177, 292, 69, 801, 937, 82, 181, 31, 177, 289, 0
401, 855, 401, 939, 14328496, 3, 10, 31, 292, 69, 801, 937, 82, 181, 31, 177, 289, 0
401, 855, 398, 940, 14328496, 5, 10, 289, 292, 69, 801, 937, 82, 181, 31, 177, 289, 0
798, 103, 801, 227, 14331064, 4, 7, 319, 209, 69, 801, 937, 187, 126, 250, 319, 350, 0
798, 103, 798, 306, 14331065, 1, 7, 187, 209, 69, 801, 937, 187, 126, 250, 319, 350, 0
798, 306, 798, 466, 14331542, 5, 8, 87, 187, 69, 801, 937, 111, 398, 367, 306, 87, 0
401, 939, 413, 998, 14336974, 1, 11, 364, 31, 69, 801, 937, 364, 181, 82, 10000000, 10000000, 0
413, 998, 425, 998, 14337451, 4, 12, 327, 364, 69, 801, 937, 42, 195, 231, 327, 253, 0
413, 998, 458, 998, 14337451, 3, 12, 231, 364, 69, 801, 937, 42, 195, 231, 327, 253, 0
413, 998, 486, 998, 14337451, 2, 12, 195, 364, 69, 801, 937, 42, 195, 231, 327, 253, 0
413, 998, 551, 998, 14337451, 1, 12, 42, 364, 69, 801, 937, 42, 195, 231, 327, 253, 0
551, 998, 613, 998, 14337928, 5, 13, 361, 42, 69, 801, 937, 140, 253, 36, 322, 361, 0
551, 998, 627, 998, 14337928, 4, 13, 322, 42, 69, 801, 937, 140, 253, 36, 322, 361, 0
551, 998, 657, 998, 14337928, 2, 13, 253, 42, 69, 801, 937, 140, 253, 36, 322, 361, 0
551, 998, 657, 1001, 14337928, 3, 13, 36, 42, 69, 801, 937, 140, 253, 36, 322, 361, 0
551, 998, 697, 998, 14337928, 1, 13, 140, 42, 69, 801, 937, 140, 253, 36, 322, 361, 0
697, 998, 734, 998, 14338406, 1, 14, 80, 140, 69, 801, 937, 80, 281, 1, 10000000, 10000000, 0
697, 998, 740, 1001, 14338406, 2, 14, 281, 140, 69, 801, 937, 80, 281, 1, 10000000, 10000000, 0
697, 998, 873, 1001, 14338406, 3, 14, 1, 140, 69, 801, 937, 80, 281, 1, 10000000, 10000000, 0
734, 998, 740, 1001, 14338883, 1, 15, 281, 80, 69, 801, 937, 281, 10000000, 10000000, 10000000, 10000000, 0
798, 466, 801, 613, 14348020, 3, 9, 371, 87, 69, 801, 937, 261, 334, 371, 131, 377, 0
798, 466, 801, 663, 14348020, 1, 9, 261, 87, 69, 801, 937, 261, 334, 371, 131, 377, 0
801, 663, 798, 670, 14348497, 5, 10, 37, 261, 69, 801, 937, 94, 297, 171, 131, 37, 0
801, 663, 801, 688, 14348497, 4, 10, 131, 261, 69, 801, 937, 94, 297, 171, 131, 37, 0
801, 663, 798, 709, 14348497, 3, 10, 171, 261, 69, 801, 937, 94, 297, 171, 131, 37, 0
801, 663, 801, 736, 14348497, 1, 10, 94, 261, 69, 801, 937, 94, 297, 171, 131, 37, 0
801, 663, 798, 737, 14348497, 2, 10, 297, 261, 69, 801, 937, 94, 297, 171, 131, 37, 0
801, 736, 798, 737, 14348974, 5, 11, 297, 94, 69, 801, 937, 74, 248, 133, 69, 297, 0
801, 736, 801, 862, 14348974, 2, 11, 248, 94, 69, 801, 937, 74, 248, 133, 69, 297, 0
801, 736, 801, 895, 14348975, 3, 11, 133, 94, 69, 801, 937, 74, 248, 133, 69, 297, 0
801, 736, 801, 941, 14348975, 69, 11, 69, 94, 69, 801, 937, 74, 248, 133, 69, 297, 0
106, 198, 132, 201, 15300200, 3, 1, 238, 216, 57, 962, 798, 368, 56, 238, 159, 313, 0
106, 198, 153, 198, 15300200, 2, 1, 56, 216, 57, 962, 798, 368, 56, 238, 159, 313, 0
106, 198, 201, 215, 15300200, 1, 1, 368, 216, 57, 962, 798, 368, 56, 238, 159, 313, 0
201, 215, 201, 314, 15300677, 2, 2, 132, 368, 57, 962, 798, 305, 132, 399, 23, 386, 0
201, 215, 198, 368, 15300677, 1, 2, 305, 368, 57, 962, 798, 305, 132, 399, 23, 386, 0
198, 368, 201, 415, 15301154, 4, 3, 363, 305, 57, 962, 798, 65, 205, 274, 363, 299, 0
198, 368, 201, 469, 15301155, 5, 3, 299, 305, 57, 962, 798, 65, 205, 274, 363, 299, 0
198, 368, 201, 513, 15301155, 2, 3, 205, 305, 57, 962, 798, 65, 205, 274, 363, 299, 0
198, 368, 201, 553, 15301155, 1, 3, 65, 305, 57, 962, 798, 65, 205, 274, 363, 299, 0
201, 553, 198, 694, 15301632, 4, 4, 178, 65, 57, 962, 798, 20, 210, 295, 178, 67, 0
201, 553, 201, 711, 15301632, 2, 4, 210, 65, 57, 962, 798, 20, 210, 295, 178, 67, 0
201, 553, 198, 729, 15301633, 3, 4, 295, 65, 57, 962, 798, 20, 210, 295, 178, 67, 0
201, 711, 201, 764, 15306110, 2, 5, 67, 210, 57, 962, 798, 324, 67, 107, 246, 10000000, 0
201, 711, 201, 833, 15306110, 1, 5, 324, 210, 57, 962, 798, 324, 67, 107, 246, 10000000, 0
201, 415, 245, 401, 15313632, 4, 4, 18, 363, 57, 962, 798, 188, 274, 205, 18, 65, 0
201, 415, 201, 513, 15313632, 3, 4, 205, 363, 57, 962, 798, 188, 274, 205, 18, 65, 0
201, 415, 201, 553, 15313632, 5, 4, 65, 363, 57, 962, 798, 188, 274, 205, 18, 65, 0
201, 513, 201, 553, 15322109, 4, 5, 65, 205, 57, 962, 798, 178, 276, 10, 65, 45, 0
201, 513, 198, 640, 15322109, 3, 5, 10, 205, 57, 962, 798, 178, 276, 10, 65, 45, 0
201, 513, 201, 662, 15322109, 2, 5, 276, 205, 57, 962, 798, 178, 276, 10, 65, 45, 0
245, 401, 401, 412, 15326109, 2, 5, 395, 18, 57, 962, 798, 279, 395, 388, 381, 349, 0
201, 662, 198, 694, 15326586, 5, 6, 178, 276, 57, 962, 798, 107, 67, 210, 295, 178, 0
201, 662, 201, 712, 15326586, 3, 6, 210, 276, 57, 962, 798, 107, 67, 210, 295, 178, 0
201, 662, 198, 729, 15326587, 4, 6, 295, 276, 57, 962, 798, 107, 67, 210, 295, 178, 0
201, 662, 201, 764, 15326587, 2, 6, 67, 276, 57, 962, 798, 107, 67, 210, 295, 178, 0
401, 412, 452, 401, 15330586, 5, 6, 53, 395, 57, 962, 798, 166, 104, 279, 217, 53, 0
401, 412, 469, 398, 15330586, 3, 6, 279, 395, 57, 962, 798, 166, 104, 279, 217, 53, 0
401, 412, 401, 490, 15330586, 4, 6, 217, 395, 57, 962, 798, 166, 104, 279, 217, 53, 0
401, 412, 401, 526, 15330587, 2, 6, 104, 395, 57, 962, 798, 166, 104, 279, 217, 53, 0
401, 526, 398, 661, 15335064, 1, 7, 108, 104, 57, 962, 798, 108, 154, 166, 24, 10000000, 0
398, 661, 401, 747, 15335541, 4, 8, 79, 108, 57, 962, 798, 304, 352, 82, 79, 292, 0
469, 398, 489, 401, 15339063, 4, 7, 144, 279, 57, 962, 798, 24, 81, 166, 144, 347, 0
469, 398, 505, 398, 15339064, 3, 7, 166, 279, 57, 962, 798, 24, 81, 166, 144, 347, 0
469, 398, 555, 398, 15339064, 1, 7, 24, 279, 57, 962, 798, 24, 81, 166, 144, 347, 0
555, 398, 658, 401, 15339541, 5, 8, 81, 24, 57, 962, 798, 306, 234, 124, 120, 81, 0
555, 398, 692, 401, 15339541, 3, 8, 124, 24, 57, 962, 798, 306, 234, 124, 120, 81, 0
555, 398, 704, 398, 15339541, 4, 8, 120, 24, 57, 962, 798, 306, 234, 124, 120, 81, 0
555, 398, 736, 401, 15339541, 2, 8, 234, 24, 57, 962, 798, 306, 234, 124, 120, 81, 0
736, 401, 784, 401, 15344018, 2, 9, 367, 234, 57, 962, 798, 398, 367, 139, 283, 76, 0
736, 401, 787, 401, 15344018, 1, 9, 398, 234, 57, 962, 798, 398, 367, 139, 283, 76, 0
736, 401, 863, 401, 15344019, 5, 9, 76, 234, 57, 962, 798, 398, 367, 139, 283, 76, 0
736, 401, 871, 398, 15344019, 4, 9, 283, 234, 57, 962, 798, 398, 367, 139, 283, 76, 0
787, 401, 798, 497, 15344496, 2, 10, 146, 398, 57, 962, 798, 111, 146, 93, 280, 139, 0
787, 401, 801, 531, 15344496, 1, 10, 111, 398, 57, 962, 798, 111, 146, 93, 280, 139, 0
801, 531, 784, 601, 15344973, 5, 11, 377, 111, 57, 962, 798, 171, 261, 371, 37, 377, 0
801, 531, 801, 616, 15344973, 3, 11, 371, 111, 57, 962, 798, 171, 261, 371, 37, 377, 0
801, 531, 798, 659, 15344973, 4, 11, 37, 111, 57, 962, 798, 171, 261, 371, 37, 377, 0
801, 531, 798, 697, 15344973, 1, 11, 171, 111, 57, 962, 798, 171, 261, 371, 37, 377, 0
798, 697, 798, 725, 15345451, 4, 12, 297, 171, 57, 962, 798, 301, 94, 248, 297, 74, 0
798, 697, 801, 750, 15345451, 2, 12, 94, 171, 57, 962, 798, 301, 94, 248, 297, 74, 0
798, 697, 798, 853, 15345451, 5, 12, 74, 171, 57, 962, 798, 301, 94, 248, 297, 74, 0
798, 697, 801, 874, 15345451, 3, 12, 248, 171, 57, 962, 798, 301, 94, 248, 297, 74, 0
801, 750, 801, 907, 15349928, 1, 13, 133, 57, 57, 962, 798, 133, 133, 133, 133, 133, 1
801, 907, 801, 955, 15350264, 1, 14, 69, 57, 57, 962, 798, 69, 69, 69, 69, 69, 1
1, 279, 1, 335, 16300200, 5, 1, 176, 284, 186, 601, 727, 201, 50, 32, 348, 176, 0
1, 279, -1, 351, 16300200, 4, 1, 348, 284, 186, 601, 727, 201, 50, 32, 348, 176, 0
1, 279, 1, 374, 16300200, 3, 1, 32, 284, 186, 601, 727, 201, 50, 32, 348, 176, 0
1, 374, -1, 454, 16308677, 3, 2, 50, 32, 186, 601, 727, 191, 201, 50, 43, 10000000, 0
1, 374, -1, 477, 16308677, 2, 2, 201, 32, 186, 601, 727, 191, 201, 50, 43, 10000000, 0
1, 374, 1, 529, 16308677, 1, 2, 191, 32, 186, 601, 727, 191, 201, 50, 43, 10000000, 0
1, 529, -1, 580, 16309155, 2, 3, 370, 191, 186, 601, 727, 390, 370, 214, 267, 328, 0
1, 529, -1, 587, 16309155, 1, 3, 390, 191, 186, 601, 727, 390, 370, 214, 267, 328, 0
1, 529, 1, 648, 16309155, 5, 3, 328, 191, 186, 601, 727, 390, 370, 214, 267, 328, 0
1, 529, 1, 680, 16309155, 4, 3, 267, 191, 186, 601, 727, 390, 370, 214, 267, 328, 0
-1, 587, 22, 601, 16309632, 4, 4, 103, 390, 186, 601, 727, 189, 259, 134, 103, 163, 0
-1, 587, 91, 601, 16309632, 1, 4, 189, 390, 186, 601, 727, 189, 259, 134, 103, 163, 0
-1, 587, 1, 722, 16309632, 5, 4, 163, 390, 186, 601, 727, 189, 259, 134, 103, 163, 0
91, 601, 124, 598, 16310109, 5, 5, 134, 189, 186, 601, 727, 34, 107, 276, 20, 134, 0
91, 601, 149, 598, 16310109, 1, 5, 34, 189, 186, 601, 727, 34, 107, 276, 20, 134, 0
91, 601, 236, 601, 16310109, 4, 5, 20, 189, 186, 601, 727, 34, 107, 276, 20, 134, 0
149, 598, 236, 601, 16310586, 1, 6, 20, 34, 186, 601, 727, 20, 65, 107, 276, 10000000, 0
236, 601, 280, 601, 16311063, 2, 7, 182, 20, 186, 601, 727, 107, 182, 16, 154, 162, 0
236, 601, 353, 598, 16311064, 1, 7, 107, 20, 186, 601, 727, 107, 182, 16, 154, 162, 0
353, 598, 427, 601, 16311541, 1, 8, 16, 107, 186, 601, 727, 16, 173, 162, 96, 10000000, 0
353, 598, 485, 601, 16311541, 2, 8, 173, 107, 186, 601, 727, 16, 173, 162, 96, 10000000, 0
353, 598, 536, 598, 16311541, 3, 8, 162, 107, 186, 601, 727, 16, 173, 162, 96, 10000000, 0
427, 601, 485, 601, 16312018, 3, 9, 173, 16, 186, 601, 727, 96, 162, 173, 332, 273, 0
427, 601, 536, 598, 16312018, 2, 9, 162, 16, 186, 601, 727, 96, 162, 173, 332, 273, 0
536, 598, 565, 598, 16316495, 3, 10, 96, 162, 186, 601, 727, 19, 90, 96, 10000000, 10000000, 0
536, 598, 598, 622, 16316496, 1, 10, 19, 162, 186, 601, 727, 19, 90, 96, 10000000, 10000000, 0
536, 598, 630, 601, 16316496, 2, 10, 90, 162, 186, 601, 727, 19, 90, 96, 10000000, 10000000, 0
598, 622, 598, 683, 16316973, 5, 11, 204, 19, 186, 601, 727, 186, 236, 309, 4, 204, 0
598, 622, 598, 707, 16316973, 2, 11, 236, 19, 186, 601, 727, 186, 236, 309, 4, 204, 0
598, 622, 601, 732, 16316973, 186, 11, 186, 19, 186, 601, 727, 186, 236, 309, 4, 204, 0
228, -1, 338, -1, 17300200, 2, 1, 170, 365, 387, 587, 801, 7, 170, 320, 373, 323, 0
338, -1, 367, -1, 17304677, 5, 2, 7, 170, 387, 587, 801, 100, 200, 61, 373, 7, 0
338, -1, 398, 19, 17304677, 1, 2, 100, 170, 387, 587, 801, 100, 200, 61, 373, 7, 0
338, -1, 401, 24, 17304677, 4, 2, 373, 170, 387, 587, 801, 100, 200, 61, 373, 7, 0
338, -1, 423, 1, 17304677, 3, 2, 61, 170, 387, 587, 801, 100, 200, 61, 373, 7, 0
338, -1, 475, 1, 17304677, 2, 2, 200, 170, 387, 587, 801, 100, 200, 61, 373, 7, 0
398, 19, 401, 101, 17305154, 5, 3, 254, 100, 387, 587, 801, 378, 48, 158, 325, 254, 0
398, 19, 398, 137, 17305154, 4, 3, 325, 100, 387, 587, 801, 378, 48, 158, 325, 254, 0
398, 19, 401, 143, 17305154, 3, 3, 158, 100, 387, 587, 801, 378, 48, 158, 325, 254, 0
398, 19, 401, 170, 17305155, 2, 3, 48, 100, 387, 587, 801, 378, 48, 158, 325, 254, 0
475, 1, 545, -1, 17309155, 5, 3, 156, 200, 387, 587, 801, 291, 338, 46, 5, 156, 0
475, 1, 545, 1, 17309155, 2, 3, 338, 200, 387, 587, 801, 291, 338, 46, 5, 156, 0
475, 1, 580, -1, 17309155, 4, 3, 5, 200, 387, 587, 801, 291, 338, 46, 5, 156, 0
475, 1, 623, 1, 17309155, 3, 3, 46, 200, 387, 587, 801, 291, 338, 46, 5, 156, 0
401, 170, 398, 171, 17309632, 5, 4, 378, 48, 387, 587, 801, 224, 118, 116, 41, 378, 0
401, 170, 398, 245, 17309632, 3, 4, 116, 48, 387, 587, 801, 224, 118, 116, 41, 378, 0
401, 170, 398, 294, 17309632, 1, 4, 224, 48, 387, 587, 801, 224, 118, 116, 41, 378, 0
398, 294, 401, 412, 17310109, 5, 5, 388, 224, 387, 587, 801, 115, 349, 381, 395, 388, 0
398, 294, 401, 412, 17310109, 4, 5, 395, 224, 387, 587, 801, 115, 349, 381, 395, 388, 0
398, 294, 401, 419, 17310109, 3, 5, 381, 224, 387, 587, 801, 115, 349, 381, 395, 388, 0
398, 294, 398, 454, 17310110, 1, 5, 115, 224, 387, 587, 801, 115, 349, 381, 395, 388, 0
398, 454, 401, 481, 17310587, 3, 6, 300, 115, 387, 587, 801, 104, 217, 300, 108, 154, 0
398, 454, 401, 516, 17310587, 2, 6, 217, 115, 387, 587, 801, 104, 217, 300, 108, 154, 0
398, 454, 401, 549, 17310587, 1, 6, 104, 115, 387, 587, 801, 104, 217, 300, 108, 154, 0
401, 549, 398, 635, 17311064, 1, 7, 108, 104, 387, 587, 801, 108, 154, 10000000, 10000000, 10000000, 0
398, 635, 401, 724, 17311541, 5, 8, 154, 108, 387, 587, 801, 304, 352, 79, 169, 154, 0
398, 635, 401, 774, 17311542, 3, 8, 79, 108, 387, 587, 801, 304, 352, 79, 169, 154, 0
545, 1, 598, 19, 17313632, 3, 4, 12, 338, 387, 587, 801, 291, 155, 12, 91, 285, 0
401, 774, 401, 937, 17320019, 1, 9, 177, 387, 387, 587, 801, 177, 177, 177, 177, 177, 1
401, 937, 401, 980, 17320407, 1, 10, 31, 387, 387, 587, 801, 31, 31, 31, 31, 31, 1
598, 19, 598, 53, 17322109, 5, 5, 183, 12, 387, 587, 801, 91, 155, 291, 285, 183, 0
598, 19, 598, 97, 17322109, 4, 5, 285, 12, 387, 587, 801, 91, 155, 291, 285, 183, 0
598, 19, 601, 101, 17322109, 3, 5, 291, 12, 387, 587, 801, 91, 155, 291, 285, 183, 0
598, 19, 601, 143, 17322109, 2, 5, 155, 12, 387, 587, 801, 91, 155, 291, 285, 183, 0
598, 19, 601, 174, 17322109, 1, 5, 91, 12, 387, 587, 801, 91, 155, 291, 285, 183, 0
601, 174, 572, 201, 17322586, 5, 6, 380, 91, 387, 587, 801, 290, 114, 206, 47, 380, 0
601, 174, 598, 222, 17322586, 4, 6, 47, 91, 387, 587, 801, 290, 114, 206, 47, 380, 0
601, 174, 598, 265, 17322587, 3, 6, 206, 91, 387, 587, 801, 290, 114, 206, 47, 380, 0
601, 174, 598, 300, 17322587, 1, 6, 290, 91, 387, 587, 801, 290, 114, 206, 47, 380, 0
601, 174, 601, 334, 17322587, 2, 6, 114, 91, 387, 587, 801, 290, 114, 206, 47, 380, 0
598, 300, 601, 334, 17323064, 5, 7, 114, 290, 387, 587, 801, 286, 347, 179, 85, 114, 0
572, 201, 598, 222, 17339063, 3, 7, 47, 380, 387, 587, 801, 114, 206, 47, 290, 10000000, 0
572, 201, 598, 264, 17339064, 2, 7, 206, 380, 387, 587, 801, 114, 206, 47, 290, 10000000, 0
601, 334, 598, 428, 17339541, 2, 8, 85, 114, 387, 587, 801, 130, 85, 347, 286, 10000000, 0
601, 334, 601, 458, 17339541, 3, 8, 347, 114, 387, 587, 801, 130, 85, 347, 286, 10000000, 0
601, 334, 598, 463, 17339541, 1, 8, 130, 114, 387, 587, 801, 130, 85, 347, 286, 10000000, 0
598, 463, 598, 512, 17340018, 5, 9, 243, 130, 387, 587, 801, 19, 21, 332, 179, 243, 0
598, 463, 601, 537, 17340018, 4, 9, 179, 130, 387, 587, 801, 19, 21, 332, 179, 243, 0
598, 463, 598, 538, 17340018, 3, 9, 332, 130, 387, 587, 801, 19, 21, 332, 179, 243, 0
598, 463, 601, 581, 17340019, 2, 9, 21, 130, 387, 587, 801, 19, 21, 332, 179, 243, 0
598, 463, 598, 611, 17340019, 1, 9, 19, 130, 387, 587, 801, 19, 21, 332, 179, 243, 0
598, 611, 598, 741, 17340496, 4, 10, 309, 19, 387, 587, 801, 4, 360, 186, 309, 393, 0
598, 611, 601, 748, 17340496, 3, 10, 186, 19, 387, 587, 801, 4, 360, 186, 309, 393, 0
598, 611, 598, 771, 17340496, 2, 10, 360, 19, 387, 587, 801, 4, 360, 186, 309, 393, 0
598, 611, 601, 781, 17340496, 1, 10, 4, 19, 387, 587, 801, 4, 360, 186, 309, 393, 0
598, 611, 598, 787, 17340496, 5, 10, 393, 19, 387, 587, 801, 4, 360, 186, 309, 393, 0
601, 781, 598, 787, 17340973, 5, 11, 393, 4, 387, 587, 801, 384, 387, 82, 358, 393, 0
601, 781, 587, 801, 17340973, 1, 11, 384, 4, 387, 587, 801, 384, 387, 82, 358, 393, 0
601, 781, 587, 801, 17340973, 387, 11, 387, 4, 387, 587, 801, 384, 387, 82, 358, 393, 0
-1, 33, 1, 156, 18300200, 4, 1, 160, 165, 243, 598, 516, 11, 379, 64, 160, 346, 0
-1, 33, -1, 209, 18300200, 3, 1, 64, 165, 243, 598, 516, 11, 379, 64, 160, 346, 0
-1, 209, 56, 201, 18308677, 3, 2, 129, 64, 243, 598, 516, 32, 176, 129, 348, 284, 0
-1, 209, 1, 303, 18308677, 5, 2, 284, 64, 243, 598, 516, 32, 176, 129, 348, 284, 0
-1, 209, -1, 324, 18308677, 4, 2, 348, 64, 243, 598, 516, 32, 176, 129, 348, 284, 0
-1, 209, 1, 364, 18308678, 2, 2, 176, 64, 243, 598, 516, 32, 176, 129, 348, 284, 0
1, 364, 2, 393, 18313155, 1, 3, 32, 176, 243, 598, 516, 32, 43, 268, 201, 83, 0
1, 364, -1, 454, 18313155, 4, 3, 201, 176, 243, 598, 516, 32, 43, 268, 201, 83, 0
1, 364, -1, 491, 18313155, 3, 3, 268, 176, 243, 598, 516, 32, 43, 268, 201, 83, 0
2, 393, 27, 401, 18313632, 5, 4, 83, 32, 243, 598, 516, 336, 221, 262, 157, 83, 0
2, 393, 54, 401, 18313632, 4, 4, 157, 32, 243, 598, 516, 336, 221, 262, 157, 83, 0
2, 393, 90, 401, 18313632, 3, 4, 262, 32, 243, 598, 516, 336, 221, 262, 157, 83, 0
2, 393, 133, 398, 18313632, 2, 4, 221, 32, 243, 598, 516, 336, 221, 262, 157, 83, 0
56, 201, 90, 201, 18317154, 5, 3, 238, 129, 243, 598, 516, 56, 368, 216, 230, 238, 0
56, 201, 107, 198, 18317154, 4, 3, 230, 129, 243, 598, 516, 56, 368, 216, 230, 238, 0
56, 201, 143, 198, 18317155, 3, 3, 216, 129, 243, 598, 516, 56, 368, 216, 230, 238, 0
133, 398, 156, 398, 18318109, 4, 5, 110, 221, 243, 598, 516, 335, 18, 168, 110, 274, 0
133, 398, 210, 401, 18318109, 2, 5, 18, 221, 243, 598, 516, 335, 18, 168, 110, 274, 0
133, 398, 280, 401, 18318110, 3, 5, 168, 221, 243, 598, 516, 335, 18, 168, 110, 274, 0
-1, 491, -1, 533, 18321632, 3, 4, 340, 268, 243, 598, 516, 103, 259, 340, 191, 134, 0
-1, 491, 1, 557, 18321632, 4, 4, 191, 268, 243, 598, 516, 103, 259, 340, 191, 134, 0
-1, 491, 8, 601, 18321632, 1, 4, 103, 268, 243, 598, 516, 103, 259, 340, 191, 134, 0
8, 601, 69, 601, 18322110, 5, 5, 189, 103, 243, 598, 516, 20, 34, 134, 259, 189, 0
8, 601, 172, 598, 18322110, 2, 5, 34, 103, 243, 598, 516, 20, 34, 134, 259, 189, 0
210, 401, 313, 398, 18322587, 5, 6, 274, 18, 243, 598, 516, 388, 45, 188, 335, 274, 0
210, 401, 326, 401, 18322587, 4, 6, 335, 18, 243, 598, 516, 388, 45, 188, 335, 274, 0
210, 401, 364, 398, 18322587, 3, 6, 188, 18, 243, 598, 516, 388, 45, 188, 335, 274, 0
143, 198, 188, 198, 18325632, 4, 4, 56, 216, 243, 598, 516, 197, 71, 13, 56, 368, 0
143, 198, 198, 208, 18325632, 3, 4, 13, 216, 243, 598, 516, 197, 71, 13, 56, 368, 0
143, 198, 201, 237, 18325632, 5, 4, 368, 216, 243, 598, 516, 197, 71, 13, 56, 368, 0
143, 198, 230, 201, 18325632, 2, 4, 71, 216, 243, 598, 516, 197, 71, 13, 56, 368, 0
143, 198, 253, 201, 18325632, 1, 4, 197, 216, 243, 598, 516, 197, 71, 13, 56, 368, 0
253, 201, 389, 198, 18326109, 3, 5, 27, 197, 243, 598, 516, 122, 356, 27, 244, 314, 0
172, 598, 198, 596, 18326587, 3, 6, 10, 34, 243, 598, 516, 182, 20, 10, 65, 178, 0
172, 598, 201, 595, 18326587, 4, 6, 65, 34, 243, 598, 516, 182, 20, 10, 65, 178, 0
172, 598, 214, 601, 18326587, 2, 6, 20, 34, 243, 598, 516, 182, 20, 10, 65, 178, 0
172, 598, 198, 654, 18326587, 5, 6, 178, 34, 243, 598, 516, 182, 20, 10, 65, 178, 0
172, 598, 255, 601, 18326587, 1, 6, 182, 34, 243, 598, 516, 182, 20, 10, 65, 178, 0
255, 601, 379, 598, 18327065, 1, 7, 107, 182, 243, 598, 516, 107, 16, 173, 162, 96, 0
255, 601, 410, 601, 18327065, 2, 7, 16, 182, 243, 598, 516, 107, 16, 173, 162, 96, 0
379, 598, 410, 601, 18327542, 4, 8, 16, 107, 243, 598, 516, 19, 173, 104, 16, 162, 0
379, 598, 401, 561, 18327542, 3, 8, 104, 107, 243, 598, 516, 19, 173, 104, 16, 162, 0
379, 598, 462, 601, 18327542, 2, 8, 173, 107, 243, 598, 516, 19, 173, 104, 16, 162, 0
364, 398, 398, 443, 18331064, 5, 7, 115, 188, 243, 598, 516, 339, 144, 349, 279, 115, 0
364, 398, 401, 453, 18331064, 3, 7, 349, 188, 243, 598, 516, 339, 144, 349, 279, 115, 0
364, 398, 449, 401, 18331064, 2, 7, 144, 188, 243, 598, 516, 339, 144, 349, 279, 115, 0
364, 398, 479, 398, 18331064, 1, 7, 339, 188, 243, 598, 516, 339, 144, 349, 279, 115, 0
479, 398, 512, 398, 18331541, 3, 8, 279, 339, 243, 598, 516, 24, 166, 279, 10000000, 10000000, 0
479, 398, 539, 398, 18331541, 2, 8, 166, 339, 243, 598, 516, 24, 166, 279, 10000000, 10000000, 0
479, 398, 588, 398, 18331542, 1, 8, 24, 339, 243, 598, 516, 24, 166, 279, 10000000, 10000000, 0
588, 398, 598, 450, 18332019, 5, 9, 130, 24, 243, 598, 516, 332, 243, 179, 347, 130, 0
588, 398, 601, 471, 18332019, 4, 9, 347, 24, 243, 598, 516, 332, 243, 179, 347, 130, 0
588, 398, 598, 501, 18332019, 243, 9, 243, 24, 243, 598, 516, 332, 243, 179, 347, 130, 0
1, 285, 1, 314, 19300200, 5, 1, 284, 346, 273, 715, 598, 50, 32, 176, 201, 284, 0
1, 285, 1, 376, 19300200, 3, 1, 176, 346, 273, 715, 598, 50, 32, 176, 201, 284, 0
1, 285, 6, 398, 19300200, 2, 1, 32, 346, 273, 715, 598, 50, 32, 176, 201, 284, 0
1, 285, -1, 422, 19300200, 1, 1, 50, 346, 273, 715, 598, 50, 32, 176, 201, 284, 0
1, 285, -1, 443, 19300200, 4, 1, 201, 346, 273, 715, 598, 50, 32, 176, 201, 284, 0
-1, 422, -1, 523, 19300677, 5, 2, 340, 50, 273, 715, 598, 43, 191, 390, 370, 340, 0
-1, 422, -1, 556, 19300677, 4, 2, 370, 50, 273, 715, 598, 43, 191, 390, 370, 340, 0
-1, 422, -1, 587, 19300678, 3, 2, 390, 50, 273, 715, 598, 43, 191, 390, 370, 340, 0
-1, 422, 1, 591, 19300678, 1, 2, 43, 50, 273, 715, 598, 43, 191, 390, 370, 340, 0
1, 591, 6, 600, 19301155, 4, 3, 103, 43, 273, 715, 598, 134, 259, 189, 103, 10000000, 0
1, 591, 58, 601, 19301155, 3, 3, 189, 43, 273, 715, 598, 134, 259, 189, 103, 10000000, 0
1, 591, 122, 598, 19301155, 2, 3, 259, 43, 273, 715, 598, 134, 259, 189, 103, 10000000, 0
1, 591, 162, 598, 19301155, 1, 3, 134, 43, 273, 715, 598, 134, 259, 189, 103, 10000000, 0
162, 598, 201, 608, 19301632, 2, 4, 65, 134, 273, 715, 598, 182, 65, 20, 10, 178, 0
162, 598, 208, 601, 19301632, 3, 4, 20, 134, 273, 715, 598, 182, 65, 20, 10, 178, 0
162, 598, 198, 642, 19301632, 5, 4, 178, 134, 273, 715, 598, 182, 65, 20, 10, 178, 0
162, 598, 243, 601, 19301632, 1, 4, 182, 134, 273, 715, 598, 182, 65, 20, 10, 178, 0
243, 601, 387, 598, 19302110, 2, 5, 107, 182, 273, 715, 598, 108, 107, 16, 173, 162, 0
243, 601, 398, 608, 19302110, 1, 5, 108, 182, 273, 715, 598, 108, 107, 16, 173, 162, 0
243, 601, 407, 601, 19302110, 3, 5, 16, 182, 273, 715, 598, 108, 107, 16, 173, 162, 0
243, 601, 451, 601, 19302110, 4, 5, 173, 182, 273, 715, 598, 108, 107, 16, 173, 162, 0
398, 608, 407, 601, 19302587, 2, 6, 16, 108, 273, 715, 598, 173, 16, 104, 10000000, 10000000, 0
398, 608, 401, 572, 19302587, 3, 6, 104, 108, 273, 715, 598, 173, 16, 104, 10000000, 10000000, 0
398, 608, 451, 601, 19302587, 1, 6, 173, 108, 273, 715, 598, 173, 16, 104, 10000000, 10000000, 0
451, 601, 575, 598, 19303064, 3, 7, 162, 173, 273, 715, 598, 19, 96, 162, 21, 143, 0
451, 601, 599, 602, 19303065, 1, 7, 19, 173, 273, 715, 598, 19, 96, 162, 21, 143, 0
