source_x,source_y,recv_x,recv_y,time,recv_priority,hopcount,recv_id,source_id,destination_id,destination_x,destination_y,pri_1,pri_2,pri_3,pri_4,pri_5
112, 201, 159, 201, 10300200, 5, 1, 116, 17, 97, 865, 998, 27, 119, 174, 23, 116
112, 201, 181, 201, 10300200, 3, 1, 174, 17, 97, 865, 998, 27, 119, 174, 23, 116
112, 201, 284, 198, 10300200, 1, 1, 27, 17, 97, 865, 998, 27, 119, 174, 23, 116
284, 198, 357, 201, 10300849, 2, 2, 141, 27, 97, 865, 998, 88, 141, 194, 180, 177
284, 198, 379, 201, 10300849, 5, 2, 177, 27, 97, 865, 998, 88, 141, 194, 180, 177
284, 198, 387, 201, 10300849, 3, 2, 194, 27, 97, 865, 998, 88, 141, 194, 180, 177
357, 201, 387, 201, 10305498, 5, 3, 194, 141, 97, 865, 998, 88, 41, 105, 180, 194
357, 201, 418, 198, 10305499, 4, 3, 180, 141, 97, 865, 998, 88, 41, 105, 180, 194
357, 201, 448, 198, 10305499, 3, 3, 105, 141, 97, 865, 998, 88, 41, 105, 180, 194
357, 201, 495, 198, 10305499, 1, 3, 88, 141, 97, 865, 998, 88, 41, 105, 180, 194
495, 198, 553, 201, 10306148, 4, 4, 109, 88, 97, 865, 998, 196, 175, 124, 109, 102
495, 198, 581, 201, 10306148, 2, 4, 175, 88, 97, 865, 998, 196, 175, 124, 109, 102
495, 198, 587, 201, 10306148, 1, 4, 196, 88, 97, 865, 998, 196, 175, 124, 109, 102
495, 198, 648, 198, 10306148, 3, 4, 124, 88, 97, 865, 998, 196, 175, 124, 109, 102
587, 201, 680, 198, 10306797, 5, 5, 102, 196, 97, 865, 998, 168, 150, 106, 47, 102
587, 201, 598, 316, 10306797, 4, 5, 47, 196, 97, 865, 998, 168, 150, 106, 47, 102
587, 201, 598, 359, 10306798, 2, 5, 150, 196, 97, 865, 998, 168, 150, 106, 47, 102
598, 359, 601, 486, 10311447, 1, 6, 21, 150, 97, 865, 998, 21, 85, 107, 131, 35
598, 359, 598, 515, 10311447, 2, 6, 85, 150, 97, 865, 998, 21, 85, 107, 131, 35
601, 486, 598, 515, 10312096, 3, 7, 85, 21, 97, 865, 998, 179, 117, 85, 4, 10000000
601, 486, 598, 551, 10312096, 2, 7, 117, 21, 97, 865, 998, 179, 117, 85, 4, 10000000
598, 551, 598, 580, 10316745, 3, 8, 179, 117, 97, 865, 998, 4, 115, 179, 84, 19
598, 551, 601, 692, 10316746, 1, 8, 4, 117, 97, 865, 998, 4, 115, 179, 84, 19
598, 551, 598, 711, 10316746, 5, 8, 19, 117, 97, 865, 998, 4, 115, 179, 84, 19
601, 692, 598, 711, 10317395, 4, 9, 19, 4, 97, 865, 998, 148, 193, 172, 19, 10000000
601, 692, 598, 750, 10317395, 1, 9, 148, 4, 97, 865, 998, 148, 193, 172, 19, 10000000
601, 692, 598, 781, 10317395, 3, 9, 172, 4, 97, 865, 998, 148, 193, 172, 19, 10000000
601, 692, 598, 787, 10317395, 2, 9, 193, 4, 97, 865, 998, 148, 193, 172, 19, 10000000
598, 750, 598, 781, 10318044, 5, 10, 172, 148, 97, 865, 998, 176, 6, 193, 138, 172
598, 750, 598, 787, 10318044, 3, 10, 193, 148, 97, 865, 998, 176, 6, 193, 138, 172
680, 198, 717, 201, 10323447, 5, 6, 86, 102, 97, 865, 998, 173, 106, 113, 58, 86
680, 198, 818, 198, 10323447, 1, 6, 173, 102, 97, 865, 998, 173, 106, 113, 58, 86
680, 198, 847, 198, 10323447, 2, 6, 106, 102, 97, 865, 998, 173, 106, 113, 58, 86
818, 198, 847, 198, 10324096, 5, 7, 106, 173, 97, 865, 998, 58, 113, 44, 99, 106
818, 198, 878, 198, 10324096, 4, 7, 99, 173, 97, 865, 998, 58, 113, 44, 99, 106
818, 198, 916, 201, 10324096, 3, 7, 44, 173, 97, 865, 998, 58, 113, 44, 99, 106
598, 787, 619, 798, 10326693, 3, 11, 176, 193, 97, 865, 998, 6, 138, 176, 120, 184
598, 787, 648, 798, 10326693, 2, 11, 138, 193, 97, 865, 998, 6, 138, 176, 120, 184
598, 787, 685, 798, 10326693, 1, 11, 6, 193, 97, 865, 998, 6, 138, 176, 120, 184
878, 198, 915, 201, 10336745, 3, 8, 44, 99, 97, 865, 998, 113, 58, 44, 10000000, 10000000
198, 142, 201, 257, 11300200, 2, 1, 119, 143, 39, 998, 698, 23, 119, 27, 174, 165
201, 257, 201, 298, 11304849, 5, 2, 23, 119, 39, 998, 698, 189, 195, 137, 165, 23
201, 257, 198, 337, 11304849, 3, 2, 137, 119, 39, 998, 698, 189, 195, 137, 165, 23
201, 257, 198, 371, 11304849, 4, 2, 165, 119, 39, 998, 698, 189, 195, 137, 165, 23
201, 257, 201, 412, 11304849, 2, 2, 195, 119, 39, 998, 698, 189, 195, 137, 165, 23
201, 412, 201, 425, 11309498, 5, 3, 186, 195, 39, 998, 698, 45, 135, 65, 149, 186
201, 412, 201, 459, 11309499, 4, 3, 149, 195, 39, 998, 698, 45, 135, 65, 149, 186
201, 412, 259, 398, 11309499, 2, 3, 135, 195, 39, 998, 698, 45, 135, 65, 149, 186
201, 412, 201, 499, 11309499, 3, 3, 65, 195, 39, 998, 698, 45, 135, 65, 149, 186
259, 398, 297, 398, 11314148, 2, 4, 45, 135, 39, 998, 698, 18, 45, 10000000, 10000000, 10000000
259, 398, 301, 401, 11314148, 1, 4, 18, 135, 39, 998, 698, 18, 45, 10000000, 10000000, 10000000
301, 401, 499, 398, 11314797, 1, 5, 24, 18, 39, 998, 698, 24, 53, 104, 107, 10000000
301, 401, 502, 401, 11314797, 2, 5, 53, 18, 39, 998, 698, 24, 53, 104, 107, 10000000
499, 398, 502, 401, 11315446, 3, 6, 53, 24, 39, 998, 698, 35, 131, 53, 107, 21
499, 398, 541, 401, 11315447, 2, 6, 131, 24, 39, 998, 698, 35, 131, 53, 107, 21
499, 398, 655, 398, 11315447, 4, 6, 107, 24, 39, 998, 698, 35, 131, 53, 107, 21
541, 401, 656, 398, 11320096, 2, 7, 107, 131, 39, 998, 698, 35, 107, 21, 150, 111
656, 398, 695, 398, 11324745, 3, 8, 35, 107, 39, 998, 698, 111, 81, 35, 170, 190
656, 398, 705, 401, 11324745, 2, 8, 81, 107, 39, 998, 698, 111, 81, 35, 170, 190
656, 398, 746, 401, 11324745, 1, 8, 111, 107, 39, 998, 698, 111, 81, 35, 170, 190
656, 398, 773, 401, 11324745, 4, 8, 170, 107, 39, 998, 698, 111, 81, 35, 170, 190
746, 401, 773, 401, 11325394, 4, 9, 170, 111, 39, 998, 698, 93, 126, 190, 170, 76
746, 401, 787, 401, 11325394, 3, 9, 190, 111, 39, 998, 698, 93, 126, 190, 170, 76
746, 401, 852, 398, 11325395, 2, 9, 126, 111, 39, 998, 698, 93, 126, 190, 170, 76
746, 401, 896, 398, 11325395, 1, 9, 93, 111, 39, 998, 698, 93, 126, 190, 170, 76
896, 398, 908, 401, 11326044, 1, 10, 76, 93, 39, 998, 698, 76, 181, 25, 10000000, 10000000
-1, 88, 1, 108, 12300200, 3, 1, 11, 29, 162, 1001, 822, 32, 166, 11, 160, 56
198, 57, 201, 86, 13300200, 4, 1, 110, 60, 69, 801, 911, 119, 143, 98, 110, 174
198, 57, 201, 110, 13300200, 3, 1, 98, 60, 69, 801, 911, 119, 143, 98, 110, 174
198, 57, 198, 116, 13300200, 2, 1, 143, 60, 69, 801, 911, 119, 143, 98, 110, 174
201, 301, 198, 336, 14300200, 4, 1, 165, 119, 191, 1001, 819, 195, 189, 23, 165, 186
201, 301, 201, 339, 14300200, 3, 1, 23, 119, 191, 1001, 819, 195, 189, 23, 165, 186
201, 301, 198, 374, 14300200, 2, 1, 189, 119, 191, 1001, 819, 195, 189, 23, 165, 186
201, 301, 201, 425, 14300200, 1, 1, 195, 119, 191, 1001, 819, 195, 189, 23, 165, 186
201, 301, 201, 456, 14300200, 5, 1, 186, 119, 191, 1001, 819, 195, 189, 23, 165, 186
201, 425, 201, 456, 14300849, 4, 2, 186, 195, 191, 1001, 819, 65, 135, 149, 186, 45
201, 425, 201, 499, 14300849, 3, 2, 149, 195, 191, 1001, 819, 65, 135, 149, 186, 45
201, 425, 201, 539, 14300849, 1, 2, 65, 195, 191, 1001, 819, 65, 135, 149, 186, 45
201, 539, 198, 654, 14301499, 1, 3, 10, 65, 191, 1001, 819, 10, 67, 45, 154, 135
198, 654, 201, 699, 14302148, 3, 4, 154, 10, 191, 1001, 819, 182, 67, 154, 136, 123
198, 654, 201, 747, 14302148, 2, 4, 67, 10, 191, 1001, 819, 182, 67, 154, 136, 123
201, 747, 201, 856, 14306797, 1, 5, 182, 67, 191, 1001, 819, 182, 10000000, 10000000, 10000000, 10000000
339, -1, 449, 1, 15300200, 1, 1, 61, 7, 37, 798, 675, 61, 144, 110, 5, 10000000
339, -1, 555, -1, 15300200, 4, 1, 5, 7, 37, 798, 675, 61, 144, 110, 5, 10000000
449, 1, 502, 1, 15300849, 3, 2, 144, 61, 37, 798, 675, 5, 185, 144, 91, 10000000
449, 1, 530, 1, 15300849, 2, 2, 185, 61, 37, 798, 675, 5, 185, 144, 91, 10000000
449, 1, 555, -1, 15300849, 1, 2, 5, 61, 37, 798, 675, 5, 185, 144, 91, 10000000
555, -1, 598, 42, 15301498, 4, 3, 12, 5, 37, 798, 675, 151, 46, 48, 12, 10000000
555, -1, 691, 1, 15301499, 1, 3, 151, 5, 37, 798, 675, 151, 46, 48, 12, 10000000
691, 1, 725, 1, 15302148, 1, 4, 161, 151, 37, 798, 675, 161, 183, 73, 10000000, 10000000
691, 1, 869, -1, 15302148, 2, 4, 183, 151, 37, 798, 675, 161, 183, 73, 10000000, 10000000
598, 42, 601, 148, 15314148, 2, 4, 91, 12, 37, 798, 675, 47, 91, 196, 175, 109
601, 148, 598, 250, 15318797, 2, 5, 47, 91, 37, 798, 675, 150, 47, 10000000, 10000000, 10000000
598, 250, 598, 293, 15323446, 1, 6, 150, 47, 37, 798, 675, 150, 85, 21, 107, 10000000
598, 250, 598, 453, 15323447, 2, 6, 85, 47, 37, 798, 675, 150, 85, 21, 107, 10000000
598, 293, 598, 453, 15324096, 2, 7, 85, 150, 37, 798, 675, 117, 85, 107, 131, 179
598, 293, 598, 485, 15324096, 1, 7, 117, 150, 37, 798, 675, 117, 85, 107, 131, 179
598, 485, 598, 530, 15324745, 3, 8, 179, 117, 37, 798, 675, 19, 21, 179, 115, 148
598, 485, 601, 554, 15324745, 2, 8, 21, 117, 37, 798, 675, 19, 21, 179, 115, 148
598, 485, 598, 635, 15324745, 1, 8, 19, 117, 37, 798, 675, 19, 21, 179, 115, 148
598, 635, 598, 691, 15325395, 1, 9, 148, 19, 37, 798, 675, 148, 138, 10000000, 10000000, 10000000
146, -1, 198, 16, 16300200, 1, 1, 60, 8, 120, 801, 901, 60, 62, 7, 171, 10000000
146, -1, 239, 1, 16300200, 2, 1, 62, 8, 120, 801, 901, 60, 62, 7, 171, 10000000
198, 16, 198, 74, 16300849, 4, 2, 143, 60, 120, 801, 901, 98, 110, 171, 143, 13
198, 16, 201, 81, 16300849, 3, 2, 171, 60, 120, 801, 901, 98, 110, 171, 143, 13
198, 16, 201, 123, 16300849, 2, 2, 110, 60, 120, 801, 901, 98, 110, 171, 143, 13
198, 16, 201, 145, 16300849, 1, 2, 98, 60, 120, 801, 901, 98, 110, 171, 143, 13
201, 145, 198, 231, 16301498, 3, 3, 13, 98, 120, 801, 901, 165, 137, 13, 119, 23
201, 145, 198, 269, 16301499, 2, 3, 137, 98, 120, 801, 901, 165, 137, 13, 119, 23
201, 145, 198, 311, 16301499, 1, 3, 165, 98, 120, 801, 901, 165, 137, 13, 119, 23
201, 145, 201, 331, 16301499, 4, 3, 119, 98, 120, 801, 901, 165, 137, 13, 119, 23
198, 311, 198, 357, 16302148, 5, 4, 189, 165, 120, 801, 901, 186, 195, 65, 149, 189
198, 311, 201, 441, 16302148, 2, 4, 195, 165, 120, 801, 901, 186, 195, 65, 149, 189
198, 311, 201, 483, 16302148, 1, 4, 186, 165, 120, 801, 901, 186, 195, 65, 149, 189
201, 483, 201, 527, 16302797, 2, 5, 149, 186, 120, 801, 901, 65, 149, 45, 135, 67
201, 483, 201, 567, 16302798, 1, 5, 65, 186, 120, 801, 901, 65, 149, 45, 135, 67
201, 567, 198, 624, 16303447, 1, 6, 10, 65, 120, 801, 901, 10, 154, 67, 10000000, 10000000
201, 567, 201, 726, 16303447, 2, 6, 154, 65, 120, 801, 901, 10, 154, 67, 10000000, 10000000
198, 624, 201, 726, 16304096, 2, 7, 154, 10, 120, 801, 901, 67, 154, 182, 136, 55
198, 624, 201, 776, 16304096, 1, 7, 67, 10, 120, 801, 901, 67, 154, 182, 136, 55
201, 776, 198, 839, 16304745, 2, 8, 59, 67, 120, 801, 901, 182, 59, 55, 136, 10000000
201, 776, 201, 880, 16304746, 1, 8, 182, 67, 120, 801, 901, 182, 59, 55, 136, 10000000
201, 776, 201, 929, 16304746, 4, 8, 136, 67, 120, 801, 901, 182, 59, 55, 136, 10000000
201, 776, 201, 955, 16304746, 3, 8, 55, 67, 120, 801, 901, 182, 59, 55, 136, 10000000
182, 198, 198, 218, 17300200, 5, 1, 13, 56, 63, 1001, 946, 177, 137, 194, 141, 13
182, 198, 198, 255, 17300200, 2, 1, 137, 56, 63, 1001, 946, 177, 137, 194, 141, 13
182, 198, 264, 201, 17300200, 4, 1, 141, 56, 63, 1001, 946, 177, 137, 194, 141, 13
182, 198, 306, 201, 17300200, 1, 1, 177, 56, 63, 1001, 946, 177, 137, 194, 141, 13
182, 198, 345, 201, 17300200, 3, 1, 194, 56, 63, 1001, 946, 177, 137, 194, 141, 13
306, 201, 345, 201, 17300849, 5, 2, 194, 177, 63, 1001, 946, 180, 49, 27, 105, 194
306, 201, 385, 198, 17300849, 3, 2, 27, 177, 63, 1001, 946, 180, 49, 27, 105, 194
306, 201, 431, 201, 17300849, 2, 2, 49, 177, 63, 1001, 946, 180, 49, 27, 105, 194
198, 255, 201, 345, 17304849, 4, 2, 119, 137, 63, 1001, 946, 195, 23, 186, 119, 189
198, 255, 198, 346, 17304849, 5, 2, 189, 137, 63, 1001, 946, 195, 23, 186, 119, 189
198, 255, 201, 379, 17304849, 2, 2, 23, 137, 63, 1001, 946, 195, 23, 186, 119, 189
431, 201, 491, 198, 17305499, 5, 3, 180, 49, 63, 1001, 946, 88, 105, 196, 175, 180
431, 201, 507, 201, 17305499, 4, 3, 175, 49, 63, 1001, 946, 88, 105, 196, 175, 180
431, 201, 539, 201, 17305499, 3, 3, 196, 49, 63, 1001, 946, 88, 105, 196, 175, 180
431, 201, 547, 198, 17305499, 2, 3, 105, 49, 63, 1001, 946, 88, 105, 196, 175, 180
201, 379, 219, 401, 17309498, 3, 3, 18, 23, 63, 1001, 946, 186, 195, 18, 149, 65
201, 379, 201, 452, 17309498, 2, 3, 195, 23, 63, 1001, 946, 186, 195, 18, 149, 65
201, 379, 201, 496, 17309499, 1, 3, 186, 23, 63, 1001, 946, 186, 195, 18, 149, 65
201, 379, 201, 541, 17309499, 4, 3, 149, 23, 63, 1001, 946, 186, 195, 18, 149, 65
201, 496, 201, 541, 17310148, 2, 4, 149, 186, 63, 1001, 946, 65, 149, 135, 45, 10000000
201, 496, 201, 581, 17310148, 1, 4, 65, 186, 63, 1001, 946, 65, 149, 135, 45, 10000000
547, 198, 589, 198, 17310148, 5, 4, 88, 105, 63, 1001, 946, 157, 124, 47, 86, 88
547, 198, 598, 223, 17310148, 3, 4, 47, 105, 63, 1001, 946, 157, 124, 47, 86, 88
547, 198, 621, 201, 17310148, 4, 4, 86, 105, 63, 1001, 946, 157, 124, 47, 86, 88
547, 198, 679, 201, 17310148, 1, 4, 157, 105, 63, 1001, 946, 157, 124, 47, 86, 88
201, 581, 198, 609, 17310797, 1, 5, 10, 65, 63, 1001, 946, 10, 67, 154, 10000000, 10000000
201, 581, 201, 740, 17310797, 3, 5, 154, 65, 63, 1001, 946, 10, 67, 154, 10000000, 10000000
679, 201, 733, 198, 17310797, 3, 5, 124, 157, 63, 1001, 946, 173, 102, 124, 44, 106
679, 201, 780, 198, 17310797, 2, 5, 102, 157, 63, 1001, 946, 173, 102, 124, 44, 106
679, 201, 818, 201, 17310798, 4, 5, 44, 157, 63, 1001, 946, 173, 102, 124, 44, 106
198, 609, 201, 740, 17311446, 2, 6, 154, 10, 63, 1001, 946, 67, 154, 182, 136, 55
198, 609, 201, 786, 17311446, 1, 6, 67, 10, 63, 1001, 946, 67, 154, 182, 136, 55
201, 786, 221, 801, 17312096, 1, 7, 95, 67, 63, 1001, 946, 95, 182, 55, 136, 59
201, 786, 198, 826, 17312096, 5, 7, 59, 67, 63, 1001, 946, 95, 182, 55, 136, 59
201, 786, 201, 892, 17312096, 2, 7, 182, 67, 63, 1001, 946, 95, 182, 55, 136, 59
201, 786, 201, 943, 17312096, 4, 7, 136, 67, 63, 1001, 946, 95, 182, 55, 136, 59
221, 801, 305, 801, 17312745, 5, 8, 163, 95, 63, 1001, 946, 197, 188, 123, 3, 163
221, 801, 329, 798, 17312745, 3, 8, 123, 95, 63, 1001, 946, 197, 188, 123, 3, 163
221, 801, 343, 801, 17312745, 2, 8, 188, 95, 63, 1001, 946, 197, 188, 123, 3, 163
221, 801, 377, 798, 17312745, 4, 8, 3, 95, 63, 1001, 946, 197, 188, 123, 3, 163
780, 198, 818, 201, 17315447, 3, 6, 44, 102, 63, 1001, 946, 40, 173, 44, 106, 10000000
780, 198, 798, 237, 17315447, 1, 6, 40, 102, 63, 1001, 946, 40, 173, 44, 106, 10000000
780, 198, 900, 198, 17315447, 2, 6, 173, 102, 63, 1001, 946, 40, 173, 44, 106, 10000000
780, 198, 933, 198, 17315447, 4, 6, 106, 102, 63, 1001, 946, 40, 173, 44, 106, 10000000
798, 237, 801, 347, 17316096, 2, 7, 113, 40, 63, 1001, 946, 58, 113, 87, 190, 170
798, 237, 801, 394, 17316096, 1, 7, 58, 40, 63, 1001, 946, 58, 113, 87, 190, 170
201, 892, 201, 943, 17316745, 2, 8, 136, 182, 63, 1001, 946, 123, 136, 55, 3, 10000000
201, 892, 201, 967, 17316745, 3, 8, 55, 182, 63, 1001, 946, 123, 136, 55, 3, 10000000
801, 394, 798, 427, 17316745, 3, 8, 87, 58, 63, 1001, 946, 133, 76, 87, 10000000, 10000000
801, 394, 837, 401, 17316745, 2, 8, 76, 58, 63, 1001, 946, 133, 76, 87, 10000000, 10000000
801, 394, 798, 475, 17316745, 1, 8, 133, 58, 63, 1001, 946, 133, 76, 87, 10000000, 10000000
343, 801, 371, 801, 17317394, 5, 9, 197, 188, 63, 1001, 946, 82, 33, 128, 3, 197
343, 801, 377, 798, 17317394, 4, 9, 3, 188, 63, 1001, 946, 82, 33, 128, 3, 197
343, 801, 440, 801, 17317394, 2, 9, 33, 188, 63, 1001, 946, 82, 33, 128, 3, 197
343, 801, 462, 801, 17317394, 3, 9, 128, 188, 63, 1001, 946, 82, 33, 128, 3, 197
798, 475, 798, 635, 17317395, 1, 9, 37, 133, 63, 1001, 946, 37, 118, 94, 130, 10000000
798, 635, 801, 733, 17318044, 2, 10, 118, 37, 63, 1001, 946, 94, 118, 184, 74, 120
798, 635, 801, 772, 17318044, 1, 10, 94, 37, 63, 1001, 946, 94, 118, 184, 74, 120
219, 401, 349, 398, 17318148, 2, 4, 135, 18, 63, 1001, 946, 45, 135, 53, 24, 10000000
801, 772, 798, 825, 17318694, 3, 11, 74, 94, 63, 1001, 946, 184, 120, 74, 10000000, 10000000
801, 772, 801, 930, 17318694, 2, 11, 120, 94, 63, 1001, 946, 184, 120, 74, 10000000, 10000000
598, 223, 598, 267, 17318797, 1, 5, 150, 47, 63, 1001, 946, 150, 85, 21, 10000000, 10000000
598, 267, 598, 429, 17319447, 2, 6, 85, 150, 63, 1001, 946, 117, 85, 21, 131, 107
598, 267, 598, 459, 17319447, 1, 6, 117, 150, 63, 1001, 946, 117, 85, 21, 131, 107
598, 459, 598, 508, 17320096, 4, 7, 179, 117, 63, 1001, 946, 148, 19, 21, 179, 4
900, 198, 933, 198, 17320096, 3, 7, 106, 173, 63, 1001, 946, 92, 99, 106, 113, 58
598, 459, 601, 580, 17320096, 3, 7, 21, 117, 63, 1001, 946, 148, 19, 21, 179, 4
900, 198, 961, 198, 17320096, 2, 7, 99, 173, 63, 1001, 946, 92, 99, 106, 113, 58
598, 459, 598, 611, 17320096, 2, 7, 19, 117, 63, 1001, 946, 148, 19, 21, 179, 4
598, 459, 598, 668, 17320096, 1, 7, 148, 117, 63, 1001, 946, 148, 19, 21, 179, 4
598, 668, 598, 705, 17320746, 3, 8, 172, 148, 63, 1001, 946, 4, 193, 172, 176, 10000000
598, 668, 598, 740, 17320746, 2, 8, 193, 148, 63, 1001, 946, 4, 193, 172, 176, 10000000
837, 401, 936, 398, 17321395, 2, 9, 126, 76, 63, 1001, 946, 93, 126, 181, 114, 10000000
837, 401, 973, 398, 17321395, 1, 9, 93, 76, 63, 1001, 946, 93, 126, 181, 114, 10000000
440, 801, 462, 801, 17322043, 2, 10, 128, 33, 63, 1001, 946, 82, 128, 176, 193, 138
440, 801, 578, 798, 17322044, 1, 10, 82, 33, 63, 1001, 946, 82, 128, 176, 193, 138
973, 398, 998, 444, 17322044, 1, 10, 72, 93, 63, 1001, 946, 72, 181, 10000000, 10000000, 10000000
578, 798, 601, 783, 17322693, 3, 11, 4, 82, 63, 1001, 946, 176, 138, 4, 6, 10000000
578, 798, 690, 798, 17322693, 1, 11, 176, 82, 63, 1001, 946, 176, 138, 4, 6, 10000000
998, 444, 1001, 545, 17322693, 4, 11, 114, 72, 63, 1001, 946, 199, 25, 39, 114, 187
998, 444, 1001, 569, 17322693, 2, 11, 25, 72, 63, 1001, 946, 199, 25, 39, 114, 187
998, 444, 998, 573, 17322693, 1, 11, 199, 72, 63, 1001, 946, 199, 25, 39, 114, 187
998, 444, 998, 609, 17322693, 3, 11, 39, 72, 63, 1001, 946, 199, 25, 39, 114, 187
349, 398, 375, 398, 17322797, 3, 5, 45, 135, 63, 1001, 946, 131, 53, 45, 10000000, 10000000
349, 398, 427, 401, 17322797, 2, 5, 53, 135, 63, 1001, 946, 131, 53, 45, 10000000, 10000000
349, 398, 459, 401, 17322797, 1, 5, 131, 135, 63, 1001, 946, 131, 53, 45, 10000000, 10000000
690, 798, 745, 798, 17323342, 3, 12, 138, 176, 63, 1001, 946, 6, 51, 138, 10000000, 10000000
690, 798, 780, 798, 17323342, 1, 12, 6, 176, 63, 1001, 946, 6, 51, 138, 10000000, 10000000
998, 573, 976, 598, 17323342, 4, 12, 9, 199, 63, 1001, 946, 54, 132, 39, 9, 10000000
998, 573, 998, 609, 17323342, 3, 12, 39, 199, 63, 1001, 946, 54, 132, 39, 9, 10000000
690, 798, 839, 801, 17323343, 2, 12, 51, 176, 63, 1001, 946, 6, 51, 138, 10000000, 10000000
998, 573, 1001, 735, 17323343, 2, 12, 132, 199, 63, 1001, 946, 54, 132, 39, 9, 10000000
459, 401, 579, 398, 17323446, 1, 6, 24, 131, 63, 1001, 946, 24, 81, 111, 107, 35
459, 401, 633, 401, 17323447, 2, 6, 81, 131, 63, 1001, 946, 24, 81, 111, 107, 35
780, 798, 798, 825, 17323992, 3, 13, 74, 6, 63, 1001, 946, 155, 140, 74, 51, 184
780, 798, 839, 801, 17323992, 4, 13, 51, 6, 63, 1001, 946, 155, 140, 74, 51, 184
780, 798, 866, 801, 17323992, 2, 13, 140, 6, 63, 1001, 946, 155, 140, 74, 51, 184
579, 398, 598, 429, 17324096, 4, 7, 85, 24, 63, 1001, 946, 107, 170, 117, 85, 111
579, 398, 598, 459, 17324096, 3, 7, 117, 24, 63, 1001, 946, 107, 170, 117, 85, 111
579, 398, 665, 401, 17324096, 5, 7, 111, 24, 63, 1001, 946, 107, 170, 117, 85, 111
579, 398, 729, 398, 17324096, 1, 7, 107, 24, 63, 1001, 946, 107, 170, 117, 85, 111
729, 398, 747, 401, 17324745, 5, 8, 190, 107, 63, 1001, 946, 126, 58, 76, 35, 190
729, 398, 769, 398, 17324745, 4, 8, 35, 107, 63, 1001, 946, 126, 58, 76, 35, 190
729, 398, 801, 394, 17324745, 2, 8, 58, 107, 63, 1001, 946, 126, 58, 76, 35, 190
961, 198, 998, 210, 17324745, 2, 8, 92, 99, 63, 1001, 946, 108, 92, 10000000, 10000000, 10000000
961, 198, 998, 245, 17324745, 1, 8, 108, 99, 63, 1001, 946, 108, 92, 10000000, 10000000, 10000000
598, 740, 601, 783, 17325395, 2, 9, 4, 193, 63, 1001, 946, 176, 4, 138, 6, 10000000
1001, 735, 1001, 787, 17327992, 4, 13, 54, 132, 63, 1001, 946, 162, 191, 101, 54, 147
1001, 735, 998, 829, 17327992, 3, 13, 101, 132, 63, 1001, 946, 162, 191, 101, 54, 147
1001, 735, 1001, 860, 17327992, 2, 13, 191, 132, 63, 1001, 946, 162, 191, 101, 54, 147
866, 801, 933, 798, 17328641, 4, 14, 155, 140, 63, 1001, 946, 142, 57, 191, 155, 162
866, 801, 989, 798, 17328641, 2, 14, 57, 140, 63, 1001, 946, 142, 57, 191, 155, 162
801, 394, 798, 427, 17329394, 3, 9, 87, 58, 63, 1001, 946, 133, 76, 87, 10000000, 10000000
801, 394, 837, 401, 17329394, 2, 9, 76, 58, 63, 1001, 946, 133, 76, 87, 10000000, 10000000
801, 394, 798, 475, 17329394, 1, 9, 133, 58, 63, 1001, 946, 133, 76, 87, 10000000, 10000000
798, 475, 798, 635, 17330044, 1, 10, 37, 133, 63, 1001, 946, 37, 118, 94, 130, 10000000
798, 635, 801, 734, 17330693, 2, 11, 118, 37, 63, 1001, 946, 94, 118, 184, 74, 120
798, 825, 801, 897, 17332641, 3, 14, 184, 74, 63, 1001, 946, 120, 69, 184, 10000000, 10000000
798, 825, 801, 930, 17332641, 1, 14, 120, 74, 63, 1001, 946, 120, 69, 184, 10000000, 10000000
798, 825, 801, 979, 17332641, 2, 14, 69, 74, 63, 1001, 946, 120, 69, 184, 10000000, 10000000
1001, 860, 1001, 890, 17332641, 3, 14, 162, 191, 63, 1001, 946, 147, 63, 162, 10000000, 10000000
1001, 860, 1001, 934, 17332642, 1, 14, 147, 191, 63, 1001, 946, 147, 63, 162, 10000000, 10000000
1001, 860, 1001, 962, 17332642, 63, 14, 63, 191, 63, 1001, 946, 147, 63, 162, 10000000, 10000000
201, 387, 210, 401, 18300200, 4, 1, 18, 23, 101, 998, 834, 186, 195, 149, 18, 65
201, 387, 201, 465, 18300200, 2, 1, 195, 23, 101, 998, 834, 186, 195, 149, 18, 65
201, 465, 201, 510, 18304849, 4, 2, 186, 195, 101, 998, 834, 65, 10, 149, 186, 135
201, 465, 201, 554, 18304849, 3, 2, 149, 195, 101, 998, 834, 65, 10, 149, 186, 135
201, 465, 201, 595, 18304849, 1, 2, 65, 195, 101, 998, 834, 65, 10, 149, 186, 135
201, 595, 201, 754, 18305499, 2, 3, 154, 65, 101, 998, 834, 67, 154, 10000000, 10000000, 10000000
201, 754, 201, 791, 18310148, 2, 4, 67, 154, 101, 998, 834, 95, 67, 182, 59, 10000000
201, 754, 213, 801, 18310148, 1, 4, 95, 154, 101, 998, 834, 95, 67, 182, 59, 10000000
201, 754, 198, 813, 18310148, 4, 4, 59, 154, 101, 998, 834, 95, 67, 182, 59, 10000000
201, 754, 201, 905, 18310148, 3, 4, 182, 154, 101, 998, 834, 95, 67, 182, 59, 10000000
213, 801, 291, 801, 18310797, 5, 5, 163, 95, 101, 998, 834, 197, 123, 188, 3, 163
213, 801, 362, 801, 18310797, 1, 5, 197, 95, 101, 998, 834, 197, 123, 188, 3, 163
362, 801, 385, 798, 18311446, 5, 6, 3, 197, 101, 998, 834, 128, 82, 33, 52, 3
362, 801, 398, 826, 18311447, 4, 6, 52, 197, 101, 998, 834, 128, 82, 33, 52, 3
362, 801, 428, 801, 18311447, 3, 6, 33, 197, 101, 998, 834, 128, 82, 33, 52, 3
362, 801, 450, 801, 18311447, 1, 6, 128, 197, 101, 998, 834, 128, 82, 33, 52, 3
450, 801, 587, 798, 18312096, 2, 7, 82, 128, 101, 998, 834, 4, 82, 176, 193, 172
450, 801, 601, 789, 18312096, 1, 7, 4, 128, 101, 998, 834, 4, 82, 176, 193, 172
601, 789, 703, 798, 18312746, 1, 8, 176, 4, 101, 998, 834, 176, 10000000, 10000000, 10000000, 10000000
703, 798, 759, 798, 18313395, 5, 9, 138, 176, 101, 998, 834, 140, 74, 6, 51, 138
703, 798, 787, 798, 18313395, 3, 9, 6, 176, 101, 998, 834, 140, 74, 6, 51, 138
703, 798, 798, 812, 18313395, 2, 9, 74, 176, 101, 998, 834, 140, 74, 6, 51, 138
703, 798, 828, 801, 18313395, 4, 9, 51, 176, 101, 998, 834, 140, 74, 6, 51, 138
703, 798, 853, 801, 18313395, 1, 9, 140, 176, 101, 998, 834, 140, 74, 6, 51, 138
853, 801, 946, 798, 18314044, 3, 10, 155, 140, 101, 998, 834, 57, 54, 155, 191, 162
853, 801, 1001, 792, 18314045, 2, 10, 54, 140, 101, 998, 834, 57, 54, 155, 191, 162
1001, 792, 992, 798, 18318694, 2, 11, 57, 54, 101, 998, 834, 101, 57, 191, 10000000, 10000000
1001, 792, 998, 816, 18318694, 101, 11, 101, 54, 101, 998, 834, 101, 57, 191, 10000000, 10000000
1, 200, 75, 201, 19300200, 5, 1, 174, 11, 147, 1001, 943, 71, 56, 160, 166, 174
1, 200, 122, 198, 19300200, 4, 1, 166, 11, 147, 1001, 943, 71, 56, 160, 166, 174
1, 200, 152, 198, 19300200, 3, 1, 160, 11, 147, 1001, 943, 71, 56, 160, 166, 174
152, 198, 199, 203, 19308849, 5, 2, 13, 160, 147, 1001, 943, 177, 137, 194, 71, 13
152, 198, 198, 228, 19308849, 2, 2, 137, 160, 147, 1001, 943, 177, 137, 194, 71, 13
152, 198, 220, 201, 19308849, 4, 2, 71, 160, 147, 1001, 943, 177, 137, 194, 71, 13
198, 228, 198, 320, 19313498, 5, 3, 189, 137, 147, 1001, 943, 195, 18, 23, 119, 189
198, 228, 201, 371, 19313499, 4, 3, 119, 137, 147, 1001, 943, 195, 18, 23, 119, 189
201, 371, 201, 392, 19326148, 4, 4, 23, 119, 147, 1001, 943, 195, 186, 18, 23, 149
201, 371, 210, 401, 19326148, 3, 4, 18, 119, 147, 1001, 943, 195, 186, 18, 23, 149
201, 371, 201, 479, 19326148, 1, 4, 195, 119, 147, 1001, 943, 195, 186, 18, 23, 149
201, 371, 201, 523, 19326148, 2, 4, 186, 119, 147, 1001, 943, 195, 186, 18, 23, 149
201, 371, 201, 568, 19326148, 5, 4, 149, 119, 147, 1001, 943, 195, 186, 18, 23, 149
201, 479, 201, 523, 19326797, 5, 5, 186, 195, 147, 1001, 943, 65, 20, 10, 149, 186
201, 479, 201, 568, 19326797, 4, 5, 149, 195, 147, 1001, 943, 65, 20, 10, 149, 186
201, 479, 198, 579, 19326797, 3, 5, 10, 195, 147, 1001, 943, 65, 20, 10, 149, 186
201, 479, 210, 601, 19326797, 2, 5, 20, 195, 147, 1001, 943, 65, 20, 10, 149, 186
201, 479, 201, 609, 19326797, 1, 5, 65, 195, 147, 1001, 943, 65, 20, 10, 149, 186
201, 609, 210, 601, 19327446, 2, 6, 20, 65, 147, 1001, 943, 95, 20, 154, 67, 10000000
201, 609, 200, 793, 19327447, 4, 6, 67, 65, 147, 1001, 943, 95, 20, 154, 67, 10000000
200, 793, 228, 801, 19340096, 5, 7, 159, 67, 147, 1001, 943, 188, 163, 123, 197, 159
200, 793, 276, 801, 19340096, 2, 7, 163, 67, 147, 1001, 943, 188, 163, 123, 197, 159
200, 793, 321, 801, 19340096, 1, 7, 188, 67, 147, 1001, 943, 188, 163, 123, 197, 159
200, 793, 353, 798, 19340097, 3, 7, 123, 67, 147, 1001, 943, 188, 163, 123, 197, 159
321, 801, 353, 798, 19340746, 5, 8, 123, 188, 147, 1001, 943, 128, 33, 79, 3, 123
321, 801, 390, 798, 19340746, 4, 8, 3, 188, 147, 1001, 943, 128, 33, 79, 3, 123
321, 801, 401, 798, 19340746, 3, 8, 79, 188, 147, 1001, 943, 128, 33, 79, 3, 123
321, 801, 417, 801, 19340746, 2, 8, 33, 188, 147, 1001, 943, 128, 33, 79, 3, 123
321, 801, 437, 801, 19340746, 1, 8, 128, 188, 147, 1001, 943, 128, 33, 79, 3, 123
437, 801, 600, 793, 19341395, 1, 9, 4, 128, 147, 1001, 943, 4, 82, 193, 176, 138
600, 793, 717, 798, 19342045, 1, 10, 176, 4, 147, 1001, 943, 176, 42, 6, 10000000, 10000000
717, 798, 772, 798, 19342694, 5, 11, 138, 176, 147, 1001, 943, 74, 94, 6, 51, 138
717, 798, 791, 798, 19342694, 3, 11, 6, 176, 147, 1001, 943, 74, 94, 6, 51, 138
717, 798, 798, 798, 19342694, 1, 11, 74, 176, 147, 1001, 943, 74, 94, 6, 51, 138
717, 798, 802, 793, 19342694, 2, 11, 94, 176, 147, 1001, 943, 74, 94, 6, 51, 138
717, 798, 817, 801, 19342694, 4, 11, 51, 176, 147, 1001, 943, 74, 94, 6, 51, 138
798, 798, 840, 801, 19343343, 5, 12, 140, 74, 147, 1001, 943, 155, 120, 184, 69, 140
798, 798, 801, 922, 19343343, 3, 12, 184, 74, 147, 1001, 943, 155, 120, 184, 69, 140
798, 798, 801, 954, 19343344, 2, 12, 120, 74, 147, 1001, 943, 155, 120, 184, 69, 140
798, 798, 960, 798, 19343344, 1, 12, 155, 74, 147, 1001, 943, 155, 120, 184, 69, 140
960, 798, 992, 798, 19343993, 2, 13, 57, 155, 147, 1001, 943, 101, 57, 191, 54, 10000000
960, 798, 998, 802, 19343993, 1, 13, 101, 155, 147, 1001, 943, 101, 57, 191, 54, 10000000
960, 798, 1000, 794, 19343993, 4, 13, 54, 155, 147, 1001, 943, 101, 57, 191, 54, 10000000
998, 802, 1001, 887, 19344642, 4, 14, 191, 101, 147, 1001, 943, 147, 162, 63, 191, 10000000
998, 802, 1001, 913, 19344642, 2, 14, 162, 101, 147, 1001, 943, 147, 162, 63, 191, 10000000
998, 802, 1001, 961, 19344642, 147, 14, 147, 101, 147, 1001, 943, 147, 162, 63, 191, 10000000
