source_x,source_y,recv_x,recv_y,time,recv_priority,hopcount,recv_id,source_id,destination_id,destination_x,destination_y,pri_1,pri_2,pri_3,pri_4,pri_5
855, 601, 901, 612, 10000200, 4, 1, 614, 233, 449, 1787, 2101, 52, 45, 442, 614, 342
855, 601, 901, 617, 10000200, 3, 1, 442, 233, 449, 1787, 2101, 52, 45, 442, 614, 342
855, 601, 925, 598, 10000200, 5, 1, 342, 233, 449, 1787, 2101, 52, 45, 442, 614, 342
855, 601, 901, 672, 10000200, 1, 1, 52, 233, 449, 1787, 2101, 52, 45, 442, 614, 342
855, 601, 984, 598, 10000200, 2, 1, 45, 233, 449, 1787, 2101, 52, 45, 442, 614, 342
1715, 301, 1615, 298, 12000200, 1, 1, 64, 111, 350, 567, 601, 64, 10000000, 10000000, 10000000, 10000000
1301, 1198, 1212, 1198, 13000200, 5, 1, 917, 118, 264, 247, 1, 167, 802, 633, 553, 917
1301, 1198, 1198, 1187, 13000200, 2, 1, 802, 118, 264, 247, 1, 167, 802, 633, 553, 917
1301, 1198, 1198, 1181, 13000200, 3, 1, 633, 118, 264, 247, 1, 167, 802, 633, 553, 917
1301, 1198, 1198, 1106, 13000200, 1, 1, 167, 118, 264, 247, 1, 167, 802, 633, 553, 917
1198, 1181, 1198, 1106, 13009029, 1, 2, 167, 633, 264, 247, 1, 167, 10000000, 10000000, 10000000, 10000000
1498, 1743, 1498, 1710, 14000200, 3, 1, 246, 390, 165, 1002, -1, 276, 89, 246, 10000000, 10000000
1498, 1743, 1501, 1613, 14000200, 2, 1, 89, 390, 165, 1002, -1, 276, 89, 246, 10000000, 10000000
1498, 1743, 1501, 1577, 14000200, 1, 1, 276, 390, 165, 1002, -1, 276, 89, 246, 10000000, 10000000
1501, 1577, 1498, 1487, 14000497, 4, 2, 806, 276, 165, 1002, -1, 444, 234, 623, 806, 506
1501, 1577, 1498, 1474, 14000497, 3, 2, 623, 276, 165, 1002, -1, 444, 234, 623, 806, 506
1501, 1577, 1402, 1501, 14000497, 2, 2, 234, 276, 165, 1002, -1, 444, 234, 623, 806, 506
1501, 1577, 1498, 1445, 14000497, 1, 2, 444, 276, 165, 1002, -1, 444, 234, 623, 806, 506
1402, 1501, 1336, 1498, 14004914, 1, 3, 76, 234, 165, 1002, -1, 76, 10000000, 10000000, 10000000, 10000000
1498, 1710, 1501, 1614, 14008400, 2, 2, 89, 246, 165, 1002, -1, 463, 89, 10000000, 10000000, 10000000
1498, 1710, 1501, 1538, 14008400, 1, 2, 463, 246, 165, 1002, -1, 463, 89, 10000000, 10000000, 10000000
1501, 1614, 1457, 1501, 14012600, 5, 3, 506, 89, 165, 1002, -1, 444, 234, 623, 806, 506
1501, 1614, 1498, 1487, 14012600, 4, 3, 806, 89, 165, 1002, -1, 444, 234, 623, 806, 506
1501, 1614, 1498, 1474, 14012600, 3, 3, 623, 89, 165, 1002, -1, 444, 234, 623, 806, 506
1501, 1614, 1402, 1501, 14012600, 2, 3, 234, 89, 165, 1002, -1, 444, 234, 623, 806, 506
1501, 1614, 1498, 1445, 14012600, 1, 3, 444, 89, 165, 1002, -1, 444, 234, 623, 806, 506
1498, 1445, 1501, 1293, 14012937, 1, 4, 227, 444, 165, 1002, -1, 227, 76, 10000000, 10000000, 10000000
1501, 1293, 1487, 1201, 14013286, 5, 5, 858, 227, 165, 1002, -1, 78, 344, 581, 541, 858
1501, 1293, 1464, 1201, 14013286, 4, 5, 541, 227, 165, 1002, -1, 78, 344, 581, 541, 858
1501, 1293, 1431, 1201, 14013286, 2, 5, 344, 227, 165, 1002, -1, 78, 344, 581, 541, 858
1501, 1293, 1498, 1177, 14013286, 3, 5, 581, 227, 165, 1002, -1, 78, 344, 581, 541, 858
1402, 1501, 1336, 1498, 14016801, 1, 4, 76, 234, 165, 1002, -1, 76, 10000000, 10000000, 10000000, 10000000
1336, 1498, 1198, 1487, 14017202, 4, 5, 951, 76, 165, 1002, -1, 178, 571, 373, 951, 885
1336, 1498, 1198, 1474, 14017202, 2, 5, 571, 76, 165, 1002, -1, 178, 571, 373, 951, 885
1336, 1498, 1198, 1444, 14017202, 3, 5, 373, 76, 165, 1002, -1, 178, 571, 373, 951, 885
1336, 1498, 1198, 1411, 14017202, 1, 5, 178, 76, 165, 1002, -1, 178, 571, 373, 951, 885
1431, 1201, 1388, 1201, 14017487, 2, 6, 98, 344, 165, 1002, -1, 118, 98, 10000000, 10000000, 10000000
1431, 1201, 1314, 1198, 14017487, 1, 6, 118, 344, 165, 1002, -1, 118, 98, 10000000, 10000000, 10000000
1198, 1411, 1198, 1354, 14017551, 1, 6, 24, 178, 165, 1002, -1, 24, 62, 10000000, 10000000, 10000000
1198, 1411, 1201, 1335, 14017551, 2, 6, 62, 178, 165, 1002, -1, 24, 62, 10000000, 10000000, 10000000
1314, 1198, 1198, 1175, 14017758, 4, 7, 633, 118, 165, 1002, -1, 167, 802, 553, 633, 917
1314, 1198, 1198, 1092, 14017758, 1, 7, 167, 118, 165, 1002, -1, 167, 802, 553, 633, 917
1498, 1177, 1498, 1147, 14021486, 3, 6, 400, 581, 165, 1002, -1, 78, 258, 400, 99, 10000000
1498, 1177, 1498, 1103, 14021487, 2, 6, 258, 581, 165, 1002, -1, 78, 258, 400, 99, 10000000
1498, 1177, 1498, 1081, 14021487, 1, 6, 78, 581, 165, 1002, -1, 78, 258, 400, 99, 10000000
1498, 1081, 1501, 1027, 14021797, 3, 7, 99, 78, 165, 1002, -1, 198, 647, 99, 439, 386
1498, 1081, 1475, 901, 14021797, 2, 7, 647, 78, 165, 1002, -1, 198, 647, 99, 439, 386
1475, 901, 1445, 901, 14026099, 3, 8, 439, 647, 165, 1002, -1, 63, 207, 439, 10000000, 10000000
1475, 901, 1404, 901, 14026099, 2, 8, 207, 647, 165, 1002, -1, 63, 207, 439, 10000000, 10000000
1475, 901, 1376, 901, 14026099, 1, 8, 63, 647, 165, 1002, -1, 63, 207, 439, 10000000, 10000000
1501, 1027, 1404, 901, 14029997, 3, 8, 207, 99, 165, 1002, -1, 63, 402, 207, 439, 648
1404, 901, 1376, 901, 14030299, 3, 9, 63, 207, 165, 1002, -1, 720, 174, 63, 10000000, 10000000
1404, 901, 1310, 898, 14030299, 2, 9, 174, 207, 165, 1002, -1, 720, 174, 63, 10000000, 10000000
1310, 898, 1198, 881, 14034499, 4, 10, 688, 174, 165, 1002, -1, 120, 286, 458, 688, 270
1310, 898, 1198, 860, 14034499, 3, 10, 458, 174, 165, 1002, -1, 120, 286, 458, 688, 270
1310, 898, 1198, 813, 14034500, 2, 10, 286, 174, 165, 1002, -1, 120, 286, 458, 688, 270
1198, 813, 1198, 763, 14038954, 3, 11, 120, 286, 165, 1002, -1, 904, 4, 120, 10000000, 10000000
1198, 813, 1201, 740, 14038954, 2, 11, 4, 286, 165, 1002, -1, 904, 4, 120, 10000000, 10000000
1201, 740, 1198, 587, 14043154, 5, 12, 994, 4, 165, 1002, -1, 457, 652, 998, 997, 994
1201, 740, 1198, 587, 14043154, 3, 12, 998, 4, 165, 1002, -1, 457, 652, 998, 997, 994
1201, 740, 1198, 583, 14043154, 2, 12, 652, 4, 165, 1002, -1, 457, 652, 998, 997, 994
1198, 583, 1198, 556, 14047355, 3, 13, 457, 652, 165, 1002, -1, 138, 289, 457, 342, 10000000
1198, 583, 1198, 523, 14047355, 2, 13, 289, 652, 165, 1002, -1, 138, 289, 457, 342, 10000000
1198, 583, 1198, 474, 14047355, 1, 13, 138, 652, 165, 1002, -1, 138, 289, 457, 342, 10000000
1198, 474, 1201, 348, 14047743, 5, 14, 391, 138, 165, 1002, -1, 464, 658, 965, 863, 391
1198, 474, 1212, 298, 14047743, 4, 14, 863, 138, 165, 1002, -1, 464, 658, 965, 863, 391
1212, 298, 1198, 262, 14059944, 5, 15, 518, 863, 165, 1002, -1, 168, 292, 122, 284, 518
1212, 298, 1198, 233, 14059944, 2, 15, 292, 863, 165, 1002, -1, 168, 292, 122, 284, 518
1212, 298, 1125, 301, 14059944, 4, 15, 284, 863, 165, 1002, -1, 168, 292, 122, 284, 518
1212, 298, 1198, 185, 14059944, 1, 15, 168, 863, 165, 1002, -1, 168, 292, 122, 284, 518
1212, 298, 1091, 301, 14059944, 3, 15, 122, 863, 165, 1002, -1, 168, 292, 122, 284, 518
1198, 185, 1201, 73, 14060241, 1, 16, 306, 168, 165, 1002, -1, 306, 701, 493, 696, 10000000
1198, 185, 1201, 39, 14060241, 3, 16, 493, 168, 165, 1002, -1, 306, 701, 493, 696, 10000000
1198, 185, 1201, 16, 14060241, 4, 16, 696, 168, 165, 1002, -1, 306, 701, 493, 696, 10000000
1091, 301, 1030, 298, 14068144, 4, 16, 21, 122, 165, 1002, -1, 315, 260, 362, 21, 10000000
1091, 301, 1003, 298, 14068144, 2, 16, 260, 122, 165, 1002, -1, 315, 260, 362, 21, 10000000
1198, 1679, 1201, 1644, 15000200, 66, 1, 66, 114, 66, 1201, 1644, 66, 10000000, 10000000, 10000000, 10000000
298, 2031, 298, 1987, 16000200, 3, 1, 295, 468, 109, 301, 449, 226, 108, 295, 349, 10000000
298, 2031, 301, 1932, 16000200, 1, 1, 226, 468, 109, 301, 449, 226, 108, 295, 349, 10000000
298, 2031, 298, 1931, 16000200, 2, 1, 108, 468, 109, 301, 449, 226, 108, 295, 349, 10000000
298, 2031, 301, 1885, 16000200, 4, 1, 349, 468, 109, 301, 449, 226, 108, 295, 349, 10000000
301, 1885, 298, 1787, 16012400, 3, 2, 993, 349, 109, 301, 449, 144, 996, 993, 948, 280
301, 1885, 298, 1787, 16012400, 2, 2, 996, 349, 109, 301, 449, 144, 996, 993, 948, 280
301, 1885, 399, 1798, 16012400, 5, 2, 280, 349, 109, 301, 449, 144, 996, 993, 948, 280
298, 1787, 298, 1754, 16016600, 5, 3, 587, 996, 109, 301, 449, 279, 132, 144, 320, 587
298, 1787, 298, 1723, 16016601, 4, 3, 320, 996, 109, 301, 449, 279, 132, 144, 320, 587
298, 1787, 298, 1672, 16016601, 3, 3, 144, 996, 109, 301, 449, 279, 132, 144, 320, 587
298, 1787, 301, 1644, 16016601, 2, 3, 132, 996, 109, 301, 449, 279, 132, 144, 320, 587
298, 1787, 301, 1596, 16016601, 1, 3, 279, 996, 109, 301, 449, 279, 132, 144, 320, 587
301, 1596, 312, 1498, 16016976, 4, 4, 902, 279, 109, 301, 449, 380, 574, 800, 902, 783
301, 1596, 318, 1498, 16016976, 5, 4, 783, 279, 109, 301, 449, 380, 574, 800, 902, 783
301, 1596, 298, 1480, 16016976, 3, 4, 800, 279, 109, 301, 449, 380, 574, 800, 902, 783
301, 1596, 298, 1456, 16016976, 2, 4, 574, 279, 109, 301, 449, 380, 574, 800, 902, 783
301, 1596, 298, 1415, 16016977, 1, 4, 380, 279, 109, 301, 449, 380, 574, 800, 902, 783
298, 1415, 298, 1375, 16017404, 2, 5, 193, 380, 109, 301, 449, 19, 193, 175, 56, 427
298, 1415, 301, 1368, 16017404, 4, 5, 56, 380, 109, 301, 449, 19, 193, 175, 56, 427
298, 1415, 298, 1348, 16017404, 1, 5, 19, 380, 109, 301, 449, 19, 193, 175, 56, 427
298, 1415, 301, 1325, 16017404, 3, 5, 175, 380, 109, 301, 449, 19, 193, 175, 56, 427
298, 1415, 301, 1280, 16017404, 5, 5, 427, 380, 109, 301, 449, 19, 193, 175, 56, 427
298, 1348, 301, 1325, 16017857, 5, 6, 175, 19, 109, 301, 449, 428, 509, 609, 694, 175
298, 1348, 270, 1201, 16017857, 4, 6, 694, 19, 109, 301, 449, 428, 509, 609, 694, 175
298, 1348, 379, 1198, 16017857, 1, 6, 428, 19, 109, 301, 449, 428, 509, 609, 694, 175
379, 1198, 298, 1171, 16018220, 4, 7, 705, 428, 109, 301, 449, 112, 273, 488, 705, 164
379, 1198, 298, 1126, 16018220, 3, 7, 488, 428, 109, 301, 449, 112, 273, 488, 705, 164
379, 1198, 298, 1102, 16018220, 2, 7, 273, 428, 109, 301, 449, 112, 273, 488, 705, 164
379, 1198, 298, 1057, 16018220, 1, 7, 112, 428, 109, 301, 449, 112, 273, 488, 705, 164
298, 1057, 287, 901, 16018660, 2, 8, 854, 112, 109, 301, 449, 779, 854, 970, 537, 343
298, 1057, 246, 901, 16018660, 4, 8, 537, 112, 109, 301, 449, 779, 854, 970, 537, 343
298, 1057, 298, 882, 16018660, 1, 8, 779, 112, 109, 301, 449, 779, 854, 970, 537, 343
298, 882, 298, 857, 16019049, 4, 9, 585, 779, 109, 301, 449, 8, 208, 407, 585, 32
298, 882, 298, 818, 16019049, 3, 9, 407, 779, 109, 301, 449, 8, 208, 407, 585, 32
298, 882, 298, 781, 16019049, 2, 9, 208, 779, 109, 301, 449, 8, 208, 407, 585, 32
298, 882, 298, 756, 16019049, 1, 9, 8, 779, 109, 301, 449, 8, 208, 407, 585, 32
298, 756, 301, 722, 16019411, 4, 10, 245, 8, 109, 301, 449, 823, 831, 147, 245, 622
298, 756, 314, 598, 16019411, 1, 10, 823, 8, 109, 301, 449, 823, 831, 147, 245, 622
314, 598, 298, 582, 16019851, 4, 11, 790, 823, 109, 301, 449, 237, 397, 622, 790, 109
314, 598, 298, 562, 16019852, 3, 11, 622, 823, 109, 301, 449, 237, 397, 622, 790, 109
314, 598, 298, 519, 16019852, 2, 11, 397, 823, 109, 301, 449, 237, 397, 622, 790, 109
314, 598, 298, 483, 16019852, 1, 11, 237, 823, 109, 301, 449, 237, 397, 622, 790, 109
314, 598, 301, 449, 16019852, 109, 11, 109, 823, 109, 301, 449, 237, 397, 622, 790, 109
298, 483, 301, 449, 16020123, 109, 12, 109, 237, 109, 301, 449, 109, 10000000, 10000000, 10000000, 10000000
298, 582, 301, 450, 16047909, 109, 13, 109, 790, 109, 301, 449, 109, 237, 397, 622, 10000000
298, 483, 301, 450, 16052109, 109, 14, 109, 237, 109, 301, 449, 109, 10000000, 10000000, 10000000, 10000000
298, 483, 301, 450, 16056206, 109, 14, 109, 237, 109, 301, 449, 109, 10000000, 10000000, 10000000, 10000000
990, 298, 898, 258, 17000200, 4, 1, 703, 362, 436, 823, 1, 156, 315, 512, 703, 459
990, 298, 898, 222, 17000200, 3, 1, 512, 362, 436, 823, 1, 156, 315, 512, 703, 459
990, 298, 901, 131, 17000200, 1, 1, 156, 362, 436, 823, 1, 156, 315, 512, 703, 459
901, 131, 901, 51, 17000484, 4, 2, 586, 156, 436, 823, 1, 436, 203, 784, 586, 971
901, 131, 901, 24, 17000484, 3, 2, 784, 156, 436, 823, 1, 436, 203, 784, 586, 971
901, 131, 912, -1, 17000485, 5, 2, 971, 156, 436, 823, 1, 436, 203, 784, 586, 971
901, 131, 809, 1, 17000485, 436, 2, 436, 156, 436, 823, 1, 436, 203, 784, 586, 971
901, 24, 809, 1, 17008685, 436, 3, 436, 784, 436, 823, 1, 436, 203, 13, 10000000, 10000000
901, 51, 809, 1, 17012685, 436, 3, 436, 586, 436, 823, 1, 436, 203, 13, 784, 971
901, 95, 809, 1, 17013086, 436, 3, 436, 381, 436, 823, 1, 436, 203, 784, 586, 971
777, 1, 809, 1, 17016885, 436, 4, 436, 203, 436, 823, 1, 436, 13, 10000000, 10000000, 10000000
901, 51, 808, 1, 17025286, 436, 4, 436, 586, 436, 823, 1, 436, 203, 13, 784, 971
776, 1, 808, 1, 17029486, 436, 5, 436, 203, 436, 823, 1, 436, 13, 10000000, 10000000, 10000000
779, -1, 808, 1, 17033686, 436, 6, 436, 13, 436, 823, 1, 436, 10000000, 10000000, 10000000, 10000000
1, 1950, 52, 1798, 18000200, 3, 1, 681, 216, 201, 1958, 1198, 107, 308, 681, 476, 73
1, 1950, 88, 1798, 18000200, 4, 1, 476, 216, 201, 1958, 1198, 107, 308, 681, 476, 73
52, 1798, 112, 1801, 18009948, 5, 2, 51, 681, 201, 1958, 1198, 426, 259, 107, 308, 51
52, 1798, 130, 1798, 18009948, 4, 2, 308, 681, 201, 1958, 1198, 426, 259, 107, 308, 51
52, 1798, 150, 1801, 18009948, 2, 2, 259, 681, 201, 1958, 1198, 426, 259, 107, 308, 51
150, 1801, 229, 1801, 18014149, 2, 3, 607, 259, 201, 1958, 1198, 743, 607, 549, 774, 477
150, 1801, 268, 1801, 18014149, 4, 3, 774, 259, 201, 1958, 1198, 743, 607, 549, 774, 477
150, 1801, 301, 1879, 18014149, 3, 3, 549, 259, 201, 1958, 1198, 743, 607, 549, 774, 477
229, 1801, 301, 1844, 18018349, 5, 4, 743, 607, 201, 1958, 1198, 86, 477, 280, 101, 743
229, 1801, 392, 1801, 18018349, 1, 4, 86, 607, 201, 1958, 1198, 86, 477, 280, 101, 743
392, 1801, 452, 1801, 18018892, 5, 5, 177, 86, 201, 1958, 1198, 687, 507, 530, 837, 177
392, 1801, 505, 1801, 18018892, 2, 5, 507, 86, 201, 1958, 1198, 687, 507, 530, 837, 177
392, 1801, 543, 1801, 18018892, 1, 5, 687, 86, 201, 1958, 1198, 687, 507, 530, 837, 177
543, 1801, 601, 1825, 18019307, 4, 6, 837, 687, 201, 1958, 1198, 159, 338, 530, 837, 697
543, 1801, 601, 1854, 18019307, 5, 6, 697, 687, 201, 1958, 1198, 159, 338, 530, 837, 697
601, 1825, 726, 1798, 18031507, 2, 7, 338, 837, 201, 1958, 1198, 159, 338, 372, 575, 530
601, 1825, 598, 1692, 18031507, 3, 7, 372, 837, 201, 1958, 1198, 159, 338, 372, 575, 530
726, 1798, 816, 1801, 18035707, 5, 8, 532, 338, 201, 1958, 1198, 753, 871, 853, 646, 532
726, 1798, 898, 1786, 18035708, 2, 8, 871, 338, 201, 1958, 1198, 753, 871, 853, 646, 532
726, 1798, 898, 1769, 18035708, 1, 8, 753, 338, 201, 1958, 1198, 753, 871, 853, 646, 532
726, 1798, 901, 1855, 18035708, 4, 8, 646, 338, 201, 1958, 1198, 753, 871, 853, 646, 532
898, 1769, 994, 1798, 18036135, 4, 9, 461, 753, 201, 1958, 1198, 500, 128, 271, 461, 194
898, 1769, 898, 1654, 18036135, 5, 9, 194, 753, 201, 1958, 1198, 500, 128, 271, 461, 194
898, 1769, 1019, 1798, 18036135, 3, 9, 271, 753, 201, 1958, 1198, 500, 128, 271, 461, 194
1019, 1798, 1051, 1801, 18044335, 3, 10, 314, 271, 201, 1958, 1198, 500, 128, 314, 10000000, 10000000
1019, 1798, 1060, 1798, 18044335, 2, 10, 128, 271, 201, 1958, 1198, 500, 128, 314, 10000000, 10000000
1019, 1798, 1097, 1801, 18044335, 1, 10, 500, 271, 201, 1958, 1198, 500, 128, 314, 10000000, 10000000
898, 1654, 901, 1512, 18052335, 5, 10, 947, 194, 201, 1958, 1198, 580, 764, 893, 958, 947
898, 1654, 930, 1498, 18052335, 2, 10, 764, 194, 201, 1958, 1198, 580, 764, 893, 958, 947
898, 1654, 970, 1498, 18052335, 1, 10, 580, 194, 201, 1958, 1198, 580, 764, 893, 958, 947
970, 1498, 991, 1498, 18052711, 5, 11, 404, 580, 201, 1958, 1198, 630, 214, 149, 84, 404
970, 1498, 1032, 1501, 18052711, 3, 11, 149, 580, 201, 1958, 1198, 630, 214, 149, 84, 404
970, 1498, 1049, 1498, 18052711, 2, 11, 214, 580, 201, 1958, 1198, 630, 214, 149, 84, 404
970, 1498, 1097, 1498, 18052711, 4, 11, 84, 580, 201, 1958, 1198, 630, 214, 149, 84, 404
970, 1498, 1131, 1501, 18052711, 1, 11, 630, 580, 201, 1958, 1198, 630, 214, 149, 84, 404
1131, 1501, 1212, 1498, 18053047, 5, 12, 992, 630, 201, 1958, 1198, 416, 596, 766, 876, 992
1131, 1501, 1213, 1498, 18053047, 4, 12, 876, 630, 201, 1958, 1198, 416, 596, 766, 876, 992
1131, 1501, 1234, 1498, 18053047, 3, 12, 766, 630, 201, 1958, 1198, 416, 596, 766, 876, 992
1131, 1501, 1269, 1498, 18053047, 2, 12, 596, 630, 201, 1958, 1198, 416, 596, 766, 876, 992
1269, 1498, 1340, 1501, 18057248, 5, 13, 234, 596, 201, 1958, 1198, 706, 506, 76, 243, 234
1269, 1498, 1364, 1498, 18057248, 4, 13, 243, 596, 201, 1958, 1198, 706, 506, 76, 243, 234
1269, 1498, 1391, 1498, 18057248, 3, 13, 76, 596, 201, 1958, 1198, 706, 506, 76, 243, 234
1269, 1498, 1406, 1501, 18057248, 2, 13, 506, 596, 201, 1958, 1198, 706, 506, 76, 243, 234
1406, 1501, 1501, 1525, 18061448, 4, 14, 824, 506, 201, 1958, 1198, 434, 602, 799, 824, 656
1406, 1501, 1501, 1549, 18061448, 5, 14, 656, 506, 201, 1958, 1198, 434, 602, 799, 824, 656
1406, 1501, 1533, 1498, 18061448, 3, 14, 799, 506, 201, 1958, 1198, 434, 602, 799, 824, 656
1406, 1501, 1570, 1498, 18061448, 2, 14, 602, 506, 201, 1958, 1198, 434, 602, 799, 824, 656
1570, 1498, 1610, 1498, 18065649, 5, 15, 434, 602, 201, 1958, 1198, 467, 58, 275, 87, 434
1570, 1498, 1634, 1501, 18065649, 4, 15, 87, 602, 201, 1958, 1198, 467, 58, 275, 87, 434
1570, 1498, 1665, 1501, 18065649, 3, 15, 275, 602, 201, 1958, 1198, 467, 58, 275, 87, 434
1570, 1498, 1679, 1498, 18065649, 2, 15, 58, 602, 201, 1958, 1198, 467, 58, 275, 87, 434
1570, 1498, 1715, 1501, 18065649, 1, 15, 467, 602, 201, 1958, 1198, 467, 58, 275, 87, 434
1715, 1501, 1813, 1498, 18066076, 4, 16, 889, 467, 201, 1958, 1198, 387, 568, 771, 889, 209
1715, 1501, 1859, 1498, 18066076, 2, 16, 568, 467, 201, 1958, 1198, 387, 568, 771, 889, 209
601, 164, 598, 175, 19000200, 4, 1, 394, 143, 188, 2101, 1342, 894, 732, 592, 394, 538
601, 164, 598, 221, 19000200, 3, 1, 592, 143, 188, 2101, 1342, 894, 732, 592, 394, 538
601, 164, 598, 282, 19000200, 1, 1, 894, 143, 188, 2101, 1342, 894, 732, 592, 394, 538
601, 164, 647, 298, 19000200, 2, 1, 732, 143, 188, 2101, 1342, 894, 732, 592, 394, 538
598, 282, 696, 298, 19001059, 4, 2, 538, 894, 188, 2101, 1342, 274, 117, 351, 538, 508
598, 282, 703, 301, 19001059, 2, 2, 117, 894, 188, 2101, 1342, 274, 117, 351, 538, 508
598, 282, 601, 403, 19001059, 5, 2, 508, 894, 188, 2101, 1342, 274, 117, 351, 538, 508
601, 403, 601, 491, 19017260, 3, 3, 126, 508, 188, 2101, 1342, 689, 162, 126, 351, 117
601, 403, 703, 301, 19017260, 5, 3, 117, 508, 188, 2101, 1342, 689, 162, 126, 351, 117
601, 491, 636, 598, 19025460, 2, 4, 836, 126, 188, 2101, 1342, 18, 836, 502, 689, 327
601, 491, 666, 598, 19025460, 4, 4, 689, 126, 188, 2101, 1342, 18, 836, 502, 689, 327
601, 491, 711, 598, 19025460, 3, 4, 502, 126, 188, 2101, 1342, 18, 836, 502, 689, 327
636, 598, 711, 598, 19029660, 3, 5, 502, 836, 188, 2101, 1342, 18, 218, 502, 169, 233
636, 598, 749, 601, 19029660, 5, 5, 233, 836, 188, 2101, 1342, 18, 218, 502, 169, 233
636, 598, 761, 598, 19029660, 2, 5, 218, 836, 188, 2101, 1342, 18, 218, 502, 169, 233
703, 301, 781, 301, 19033460, 3, 4, 459, 117, 188, 2101, 1342, 664, 624, 459, 820, 703
703, 301, 837, 301, 19033460, 1, 4, 664, 117, 188, 2101, 1342, 664, 624, 459, 820, 703
703, 301, 898, 237, 19033460, 5, 4, 703, 117, 188, 2101, 1342, 664, 624, 459, 820, 703
837, 301, 901, 469, 19033810, 5, 5, 133, 664, 188, 2101, 1342, 122, 362, 482, 260, 133
837, 301, 1017, 298, 19033810, 2, 5, 362, 664, 188, 2101, 1342, 122, 362, 482, 260, 133
761, 598, 786, 598, 19033860, 5, 6, 18, 218, 188, 2101, 1342, 862, 798, 629, 442, 18
761, 598, 821, 601, 19033861, 3, 6, 629, 218, 188, 2101, 1342, 862, 798, 629, 442, 18
761, 598, 858, 601, 19033861, 2, 6, 798, 218, 188, 2101, 1342, 862, 798, 629, 442, 18
761, 598, 923, 598, 19033861, 1, 6, 862, 218, 188, 2101, 1342, 862, 798, 629, 442, 18
761, 598, 901, 723, 19033861, 4, 6, 442, 218, 188, 2101, 1342, 862, 798, 629, 442, 18
923, 598, 986, 598, 19034184, 2, 7, 526, 862, 188, 2101, 1342, 342, 526, 442, 155, 356
923, 598, 1005, 598, 19034184, 1, 7, 342, 862, 188, 2101, 1342, 342, 526, 442, 155, 356
923, 598, 901, 723, 19034184, 3, 7, 442, 862, 188, 2101, 1342, 342, 526, 442, 155, 356
1005, 598, 1037, 601, 19034494, 4, 8, 155, 342, 188, 2101, 1342, 721, 45, 356, 155, 535
1005, 598, 1074, 601, 19034494, 3, 8, 356, 342, 188, 2101, 1342, 721, 45, 356, 155, 535
1005, 598, 1102, 601, 19034495, 5, 8, 535, 342, 188, 2101, 1342, 721, 45, 356, 155, 535
1005, 598, 1106, 598, 19034495, 2, 8, 45, 342, 188, 2101, 1342, 721, 45, 356, 155, 535
1017, 298, 1101, 301, 19038010, 3, 6, 464, 362, 188, 2101, 1342, 289, 663, 464, 21, 284
1101, 301, 1201, 339, 19046398, 5, 7, 757, 464, 188, 2101, 1342, 241, 576, 550, 737, 757
1101, 301, 1201, 377, 19046398, 2, 7, 576, 464, 188, 2101, 1342, 241, 576, 550, 737, 757
1101, 301, 1257, 298, 19046399, 4, 7, 737, 464, 188, 2101, 1342, 241, 576, 550, 737, 757
901, 469, 923, 598, 19050010, 2, 6, 862, 133, 188, 2101, 1342, 736, 862, 526, 342, 10000000
901, 469, 954, 598, 19050010, 1, 6, 736, 133, 188, 2101, 1342, 736, 862, 526, 342, 10000000
954, 598, 986, 598, 19050320, 5, 7, 526, 736, 188, 2101, 1342, 721, 45, 155, 342, 526
954, 598, 1005, 598, 19050320, 4, 7, 342, 736, 188, 2101, 1342, 721, 45, 155, 342, 526
954, 598, 1037, 601, 19050321, 3, 7, 155, 736, 188, 2101, 1342, 721, 45, 155, 342, 526
954, 598, 1106, 598, 19050321, 2, 7, 45, 736, 188, 2101, 1342, 721, 45, 155, 342, 526
1106, 598, 1220, 598, 19054521, 5, 8, 848, 45, 188, 2101, 1342, 357, 286, 616, 120, 848
1106, 598, 1201, 674, 19054521, 3, 8, 616, 45, 188, 2101, 1342, 357, 286, 616, 120, 848
1106, 598, 1198, 683, 19054521, 4, 8, 120, 45, 188, 2101, 1342, 357, 286, 616, 120, 848
1201, 674, 1201, 725, 19062721, 3, 9, 369, 616, 188, 2101, 1342, 4, 286, 369, 357, 531
1201, 674, 1198, 740, 19062721, 2, 9, 286, 616, 188, 2101, 1342, 4, 286, 369, 357, 531
1201, 674, 1301, 598, 19062722, 5, 9, 531, 616, 188, 2101, 1342, 4, 286, 369, 357, 531
1201, 674, 1327, 598, 19062722, 4, 9, 357, 616, 188, 2101, 1342, 4, 286, 369, 357, 531
986, 598, 1037, 601, 19066521, 4, 8, 155, 526, 188, 2101, 1342, 721, 45, 356, 155, 393
986, 598, 1073, 601, 19066521, 3, 8, 356, 526, 188, 2101, 1342, 721, 45, 356, 155, 393
986, 598, 1106, 598, 19066521, 2, 8, 45, 526, 188, 2101, 1342, 721, 45, 356, 155, 393
1198, 740, 1225, 898, 19066922, 4, 10, 845, 286, 188, 2101, 1342, 63, 336, 720, 845, 967
1106, 598, 1201, 675, 19070721, 3, 9, 616, 45, 188, 2101, 1342, 357, 286, 616, 120, 848
1106, 598, 1198, 683, 19070721, 4, 9, 120, 45, 188, 2101, 1342, 357, 286, 616, 120, 848
1106, 598, 1198, 740, 19070721, 2, 9, 286, 45, 188, 2101, 1342, 357, 286, 616, 120, 848
1327, 598, 1373, 601, 19074922, 5, 10, 377, 357, 188, 2101, 1342, 700, 938, 749, 83, 377
1198, 740, 1212, 898, 19074922, 5, 10, 967, 286, 188, 2101, 1342, 336, 63, 720, 845, 967
1198, 740, 1225, 898, 19074922, 4, 10, 845, 286, 188, 2101, 1342, 336, 63, 720, 845, 967
1327, 598, 1487, 601, 19074922, 2, 10, 938, 357, 188, 2101, 1342, 700, 938, 749, 83, 377
1225, 898, 1328, 898, 19079122, 4, 11, 336, 845, 188, 2101, 1342, 647, 439, 207, 336, 174
1225, 898, 1338, 901, 19079122, 3, 11, 207, 845, 188, 2101, 1342, 647, 439, 207, 336, 174
1225, 898, 1381, 901, 19079122, 2, 11, 439, 845, 188, 2101, 1342, 647, 439, 207, 336, 174
1225, 898, 1382, 898, 19079122, 5, 11, 174, 845, 188, 2101, 1342, 647, 439, 207, 336, 174
1487, 601, 1498, 711, 19079123, 5, 11, 82, 938, 188, 2101, 1342, 91, 293, 405, 491, 82
1487, 601, 1501, 714, 19079123, 4, 11, 491, 938, 188, 2101, 1342, 91, 293, 405, 491, 82
1381, 901, 1543, 898, 19083323, 2, 12, 785, 439, 188, 2101, 1342, 504, 785, 599, 99, 198
1381, 901, 1501, 1015, 19083323, 1, 12, 504, 439, 188, 2101, 1342, 504, 785, 599, 99, 198
1501, 1015, 1498, 1078, 19083698, 4, 13, 400, 504, 188, 2101, 1342, 368, 581, 99, 400, 198
1501, 1015, 1501, 1107, 19083698, 3, 13, 99, 504, 188, 2101, 1342, 368, 581, 99, 400, 198
1501, 1015, 1498, 1125, 19083698, 2, 13, 581, 504, 188, 2101, 1342, 368, 581, 99, 400, 198
1501, 1015, 1662, 898, 19083699, 5, 13, 198, 504, 188, 2101, 1342, 368, 581, 99, 400, 198
1498, 1125, 1552, 1198, 19087899, 5, 14, 742, 581, 188, 2101, 1342, 332, 346, 545, 125, 742
1498, 1125, 1598, 1198, 19087899, 3, 14, 545, 581, 188, 2101, 1342, 332, 346, 545, 125, 742
1498, 1125, 1630, 1198, 19087899, 2, 14, 346, 581, 188, 2101, 1342, 332, 346, 545, 125, 742
1501, 714, 1498, 733, 19091323, 5, 12, 228, 491, 188, 2101, 1342, 91, 402, 293, 405, 228
1501, 714, 1501, 758, 19091323, 3, 12, 293, 491, 188, 2101, 1342, 91, 402, 293, 405, 228
1501, 714, 1498, 787, 19091323, 2, 12, 402, 491, 188, 2101, 1342, 91, 402, 293, 405, 228
1501, 714, 1501, 793, 19091323, 1, 12, 91, 491, 188, 2101, 1342, 91, 402, 293, 405, 228
1501, 793, 1498, 820, 19091581, 3, 13, 648, 91, 188, 2101, 1342, 10, 599, 648, 785, 386
1501, 793, 1588, 898, 19091581, 2, 13, 599, 91, 188, 2101, 1342, 10, 599, 648, 785, 386
1501, 793, 1607, 901, 19091581, 1, 13, 10, 91, 188, 2101, 1342, 10, 599, 648, 785, 386
1501, 793, 1621, 898, 19091581, 5, 13, 386, 91, 188, 2101, 1342, 10, 599, 648, 785, 386
1607, 901, 1723, 901, 19092035, 5, 14, 563, 10, 188, 2101, 1342, 812, 475, 973, 747, 563
1607, 901, 1760, 901, 19092035, 4, 14, 747, 10, 188, 2101, 1342, 812, 475, 973, 747, 563
1607, 901, 1787, 901, 19092035, 3, 14, 973, 10, 188, 2101, 1342, 812, 475, 973, 747, 563
1630, 1198, 1787, 1201, 19092099, 3, 15, 929, 346, 188, 2101, 1342, 786, 604, 929, 860, 895
1787, 901, 1801, 968, 19100235, 5, 15, 660, 973, 188, 2101, 1342, 302, 353, 475, 94, 660
1787, 901, 1801, 1014, 19100235, 3, 15, 475, 973, 188, 2101, 1342, 302, 353, 475, 94, 660
1787, 901, 1801, 1044, 19100235, 1, 15, 302, 973, 188, 2101, 1342, 302, 353, 475, 94, 660
1787, 1201, 1882, 1198, 19100300, 3, 16, 610, 929, 188, 2101, 1342, 337, 415, 610, 201, 418
1787, 1201, 1801, 1317, 19100300, 5, 16, 418, 929, 188, 2101, 1342, 337, 415, 610, 201, 418
1787, 1201, 1975, 1198, 19100300, 4, 16, 201, 929, 188, 2101, 1342, 337, 415, 610, 201, 418
1801, 1044, 1798, 1152, 19100585, 5, 16, 726, 302, 188, 2101, 1342, 892, 776, 860, 849, 726
1590, 1201, 1579, 1198, 21000200, 2, 1, 742, 146, 207, 1327, 901, 258, 742, 858, 581, 733
1590, 1201, 1458, 1201, 21000200, 3, 1, 858, 146, 207, 1327, 901, 258, 742, 858, 581, 733
1579, 1198, 1501, 1137, 21004400, 5, 2, 99, 742, 207, 1327, 901, 78, 581, 258, 733, 99
1579, 1198, 1498, 1102, 21004400, 2, 2, 581, 742, 207, 1327, 901, 78, 581, 258, 733, 99
1579, 1198, 1421, 1201, 21004400, 4, 2, 733, 742, 207, 1327, 901, 78, 581, 258, 733, 99
1498, 1102, 1498, 1052, 21009002, 4, 3, 400, 581, 207, 1327, 901, 258, 504, 78, 400, 10000000
1498, 1102, 1501, 1043, 21009002, 2, 3, 504, 581, 207, 1327, 901, 258, 504, 78, 400, 10000000
1498, 1102, 1498, 1023, 21009002, 1, 3, 258, 581, 207, 1327, 901, 258, 504, 78, 400, 10000000
1498, 1023, 1498, 1002, 21009403, 2, 4, 78, 258, 207, 1327, 901, 174, 78, 439, 647, 63
1498, 1002, 1386, 901, 21013603, 2, 5, 647, 78, 207, 1327, 901, 174, 647, 439, 648, 207
1498, 1002, 1356, 901, 21013603, 3, 5, 439, 78, 207, 1327, 901, 174, 647, 439, 648, 207
1421, 1201, 1367, 1201, 21016600, 3, 3, 541, 733, 207, 1327, 901, 452, 612, 541, 98, 344
1421, 1201, 1344, 1198, 21016600, 1, 3, 452, 733, 207, 1327, 901, 452, 612, 541, 98, 344
1421, 1201, 1333, 1201, 21016600, 5, 3, 344, 733, 207, 1327, 901, 452, 612, 541, 98, 344
1421, 1201, 1302, 1201, 21016600, 4, 3, 98, 733, 207, 1327, 901, 452, 612, 541, 98, 344
1421, 1201, 1295, 1198, 21016600, 2, 3, 612, 733, 207, 1327, 901, 452, 612, 541, 98, 344
1344, 1198, 1198, 1097, 21016989, 3, 4, 633, 452, 207, 1327, 901, 167, 802, 633, 10000000, 10000000
1386, 901, 1356, 901, 21017803, 4, 6, 439, 647, 207, 1327, 901, 207, 336, 63, 439, 720
1386, 901, 1352, 898, 21017804, 2, 6, 336, 647, 207, 1327, 901, 207, 336, 63, 439, 720
1386, 901, 1316, 901, 21017804, 207, 6, 207, 647, 207, 1327, 901, 207, 336, 63, 439, 720
1352, 898, 1316, 901, 21022004, 207, 7, 207, 336, 207, 1327, 901, 207, 528, 63, 10000000, 10000000
1326, 898, 1316, 901, 21026204, 207, 8, 207, 528, 207, 1327, 901, 207, 10000000, 10000000, 10000000, 10000000
1201, 1011, 1316, 901, 21029390, 207, 6, 207, 649, 207, 1327, 901, 720, 336, 845, 174, 63
1242, 898, 1315, 901, 21037590, 207, 7, 207, 845, 207, 1327, 901, 336, 528, 63, 720, 647
1326, 898, 1315, 901, 21041790, 207, 8, 207, 528, 207, 1327, 901, 207, 10000000, 10000000, 10000000, 10000000
125, 1501, 274, 1501, 22000200, 2, 1, 922, 330, 101, 526, 1798, 144, 922, 796, 639, 966
274, 1501, 301, 1574, 22005630, 3, 2, 796, 922, 101, 526, 1798, 320, 639, 796, 628, 783
274, 1501, 298, 1648, 22005630, 1, 2, 320, 922, 101, 526, 1798, 320, 639, 796, 628, 783
298, 1648, 298, 1782, 22006057, 4, 3, 948, 320, 101, 526, 1798, 477, 996, 993, 948, 280
298, 1648, 298, 1787, 22006057, 3, 3, 993, 320, 101, 526, 1798, 477, 996, 993, 948, 280
298, 1648, 298, 1787, 22006057, 2, 3, 996, 320, 101, 526, 1798, 477, 996, 993, 948, 280
298, 1787, 400, 1801, 22010258, 5, 4, 177, 996, 101, 526, 1798, 687, 477, 280, 86, 177
400, 1801, 449, 1801, 22026458, 3, 5, 507, 177, 101, 526, 1798, 101, 687, 507, 280, 837
400, 1801, 475, 1798, 22026458, 4, 5, 280, 177, 101, 526, 1798, 101, 687, 507, 280, 837
400, 1801, 496, 1801, 22026458, 2, 5, 687, 177, 101, 526, 1798, 101, 687, 507, 280, 837
400, 1801, 527, 1798, 22026458, 101, 5, 101, 177, 101, 526, 1798, 101, 687, 507, 280, 837
496, 1801, 527, 1798, 22030658, 101, 6, 101, 687, 101, 526, 1798, 101, 10000000, 10000000, 10000000, 10000000
2098, 1587, 2045, 1498, 23000200, 2, 1, 68, 189, 164, 301, 1128, 387, 68, 552, 209, 714
2098, 1587, 2016, 1498, 23000200, 4, 1, 209, 189, 164, 301, 1128, 387, 68, 552, 209, 714
2098, 1587, 1969, 1498, 23000200, 1, 1, 387, 189, 164, 301, 1128, 387, 68, 552, 209, 714
2045, 1498, 2016, 1498, 23005433, 5, 2, 209, 68, 164, 301, 1128, 568, 307, 387, 552, 209
2045, 1498, 1969, 1498, 23005433, 3, 2, 387, 68, 164, 301, 1128, 568, 307, 387, 552, 209
2045, 1498, 1968, 1501, 23005433, 4, 2, 552, 68, 164, 301, 1128, 568, 307, 387, 552, 209
2045, 1498, 1922, 1498, 23005433, 1, 2, 568, 68, 164, 301, 1128, 568, 307, 387, 552, 209
1498, 25, 1432, 1, 24000200, 3, 1, 890, 33, 335, 1087, -1, 787, 312, 890, 410, 588
1498, 25, 1415, -1, 24000200, 2, 1, 312, 33, 335, 1087, -1, 787, 312, 890, 410, 588
1498, 25, 1407, 1, 24000200, 1, 1, 787, 33, 335, 1087, -1, 787, 312, 890, 410, 588
1498, 25, 1350, 1, 24000200, 5, 1, 588, 33, 335, 1087, -1, 787, 312, 890, 410, 588
1498, 25, 1310, 1, 24000200, 4, 1, 410, 33, 335, 1087, -1, 787, 312, 890, 410, 588
1407, 1, 1360, -1, 24000640, 5, 2, 479, 787, 335, 1087, -1, 701, 410, 244, 588, 479
1407, 1, 1350, 1, 24000640, 4, 2, 588, 787, 335, 1087, -1, 701, 410, 244, 588, 479
1407, 1, 1332, -1, 24000640, 1, 2, 701, 787, 335, 1087, -1, 701, 410, 244, 588, 479
1407, 1, 1310, 1, 24000640, 2, 2, 410, 787, 335, 1087, -1, 701, 410, 244, 588, 479
1407, 1, 1281, 1, 24000640, 3, 2, 244, 787, 335, 1087, -1, 701, 410, 244, 588, 479
1310, 1, 1281, 1, 24005349, 1, 3, 244, 410, 335, 1087, -1, 244, 168, 696, 292, 10000000
1281, 1, 1198, 58, 24005699, 1, 4, 168, 244, 335, 1087, -1, 168, 696, 710, 493, 292
1198, 58, 1121, -1, 24005970, 2, 5, 165, 168, 335, 1087, -1, 335, 165, 521, 710, 492
1198, 58, 1099, -1, 24005970, 335, 5, 335, 168, 335, 1087, -1, 335, 165, 521, 710, 492
1121, -1, 1099, -1, 24010170, 335, 6, 335, 165, 335, 1087, -1, 710, 335, 10000000, 10000000, 10000000
1069, 1, 1099, -1, 24010623, 335, 7, 335, 710, 335, 1087, -1, 335, 10000000, 10000000, 10000000, 10000000
1198, 1562, 1201, 1483, 25000200, 5, 1, 62, 114, 127, 347, 1, 580, 404, 789, 951, 62
1198, 1562, 1198, 1457, 25000200, 4, 1, 951, 114, 127, 347, 1, 580, 404, 789, 951, 62
1198, 1562, 1077, 1501, 25000200, 3, 1, 789, 114, 127, 347, 1, 580, 404, 789, 951, 62
1198, 1562, 1066, 1498, 25000200, 2, 1, 404, 114, 127, 347, 1, 580, 404, 789, 951, 62
1077, 1501, 1025, 1501, 25009482, 3, 2, 438, 789, 127, 347, 1, 958, 580, 438, 149, 893
1077, 1501, 981, 1498, 25009482, 5, 2, 893, 789, 127, 347, 1, 958, 580, 438, 149, 893
1077, 1501, 940, 1498, 25009482, 1, 2, 958, 789, 127, 347, 1, 958, 580, 438, 149, 893
940, 1498, 898, 1380, 25009819, 1, 3, 793, 958, 127, 347, 1, 793, 367, 627, 669, 850
940, 1498, 801, 1501, 25009819, 5, 3, 850, 958, 127, 347, 1, 793, 367, 627, 669, 850
898, 1380, 898, 1338, 25010785, 5, 4, 627, 793, 127, 347, 1, 40, 553, 252, 367, 627
898, 1380, 898, 1300, 25010785, 4, 4, 367, 793, 127, 347, 1, 40, 553, 252, 367, 627
898, 1380, 898, 1278, 25010785, 3, 4, 252, 793, 127, 347, 1, 40, 553, 252, 367, 627
898, 1380, 898, 1222, 25010785, 1, 4, 40, 793, 127, 347, 1, 40, 553, 252, 367, 627
898, 1380, 1030, 1201, 25010786, 2, 4, 553, 793, 127, 347, 1, 40, 553, 252, 367, 627
898, 1222, 869, 1198, 25011226, 3, 5, 305, 40, 127, 347, 1, 690, 560, 305, 952, 886
898, 1222, 857, 1201, 25011226, 4, 5, 952, 40, 127, 347, 1, 690, 560, 305, 952, 886
898, 1222, 822, 1201, 25011226, 5, 5, 886, 40, 127, 347, 1, 690, 560, 305, 952, 886
898, 1222, 748, 1201, 25011226, 2, 5, 560, 40, 127, 347, 1, 690, 560, 305, 952, 886
898, 1222, 745, 1198, 25011226, 1, 5, 690, 40, 127, 347, 1, 690, 560, 305, 952, 886
1198, 1457, 1198, 1392, 25012400, 5, 2, 763, 951, 127, 347, 1, 795, 637, 571, 178, 763
1198, 1457, 1201, 1346, 25012400, 2, 2, 637, 951, 127, 347, 1, 795, 637, 571, 178, 763
1198, 1457, 1198, 1344, 25012400, 3, 2, 571, 951, 127, 347, 1, 795, 637, 571, 178, 763
1198, 1457, 1201, 1315, 25012400, 1, 2, 795, 951, 127, 347, 1, 795, 637, 571, 178, 763
1201, 1315, 1267, 1198, 25013064, 3, 3, 917, 795, 127, 347, 1, 625, 802, 917, 384, 633
1201, 1315, 1087, 1198, 25013064, 4, 3, 384, 795, 127, 347, 1, 625, 802, 917, 384, 633
1267, 1198, 1198, 1077, 25021264, 3, 4, 802, 917, 127, 347, 1, 649, 633, 802, 229, 553
1267, 1198, 1201, 1074, 25021264, 1, 4, 649, 917, 127, 347, 1, 649, 633, 802, 229, 553
1267, 1198, 1106, 1198, 25021264, 4, 4, 229, 917, 127, 347, 1, 649, 633, 802, 229, 553
1267, 1198, 1198, 1048, 25021264, 2, 4, 633, 917, 127, 347, 1, 649, 633, 802, 229, 553
1201, 1074, 1198, 939, 25021523, 4, 5, 167, 649, 127, 347, 1, 653, 967, 913, 167, 213
1201, 1074, 1141, 898, 25021523, 5, 5, 213, 649, 127, 347, 1, 653, 967, 913, 167, 213
1087, 1198, 1029, 1201, 25025264, 5, 4, 553, 384, 127, 347, 1, 990, 780, 901, 979, 553
1087, 1198, 998, 1198, 25025264, 2, 4, 780, 384, 127, 347, 1, 990, 780, 901, 979, 553
1087, 1198, 976, 1198, 25025264, 3, 4, 901, 384, 127, 347, 1, 990, 780, 901, 979, 553
1087, 1198, 887, 1201, 25025265, 1, 4, 990, 384, 127, 347, 1, 990, 780, 901, 979, 553
1087, 1198, 882, 1201, 25025265, 4, 4, 979, 384, 127, 347, 1, 990, 780, 901, 979, 553
887, 1201, 822, 1201, 25025705, 4, 5, 886, 990, 127, 347, 1, 360, 560, 503, 886, 746
887, 1201, 791, 1198, 25025705, 3, 5, 503, 990, 127, 347, 1, 360, 560, 503, 886, 746
887, 1201, 782, 1201, 25025705, 5, 5, 746, 990, 127, 347, 1, 360, 560, 503, 886, 746
887, 1201, 748, 1201, 25025705, 2, 5, 560, 990, 127, 347, 1, 360, 560, 503, 886, 746
887, 1201, 709, 1201, 25025705, 1, 5, 360, 990, 127, 347, 1, 360, 560, 503, 886, 746
801, 1501, 783, 1498, 25026019, 5, 4, 501, 850, 127, 347, 1, 333, 161, 525, 707, 501
801, 1501, 744, 1498, 25026019, 4, 4, 707, 850, 127, 347, 1, 333, 161, 525, 707, 501
801, 1501, 735, 1501, 25026019, 3, 4, 525, 850, 127, 347, 1, 333, 161, 525, 707, 501
801, 1501, 713, 1501, 25026019, 1, 4, 333, 850, 127, 347, 1, 333, 161, 525, 707, 501
801, 1501, 645, 1501, 25026019, 2, 4, 161, 850, 127, 347, 1, 333, 161, 525, 707, 501
709, 1201, 601, 1137, 25026120, 5, 6, 81, 360, 127, 347, 1, 413, 250, 767, 591, 81
709, 1201, 601, 1095, 25026120, 1, 6, 413, 360, 127, 347, 1, 413, 250, 767, 591, 81
709, 1201, 598, 1080, 25026120, 3, 6, 767, 360, 127, 347, 1, 413, 250, 767, 591, 81
713, 1501, 645, 1501, 25026420, 3, 5, 161, 333, 127, 347, 1, 494, 318, 161, 37, 412
713, 1501, 598, 1509, 25026421, 4, 5, 37, 333, 127, 347, 1, 494, 318, 161, 37, 412
713, 1501, 601, 1413, 25026421, 2, 5, 318, 333, 127, 347, 1, 494, 318, 161, 37, 412
601, 1095, 601, 1020, 25026456, 5, 7, 770, 413, 127, 347, 1, 946, 70, 225, 389, 770
601, 1095, 598, 1001, 25026456, 4, 7, 389, 413, 127, 347, 1, 946, 70, 225, 389, 770
601, 1095, 598, 976, 25026456, 3, 7, 225, 413, 127, 347, 1, 946, 70, 225, 389, 770
601, 1413, 601, 1334, 25030621, 3, 6, 679, 318, 127, 347, 1, 412, 835, 679, 242, 690
601, 1413, 598, 1296, 25030621, 1, 6, 412, 318, 127, 347, 1, 412, 835, 679, 242, 690
598, 1296, 598, 1237, 25030905, 5, 7, 242, 412, 127, 347, 1, 81, 741, 428, 360, 242
598, 1296, 496, 1198, 25030906, 3, 7, 428, 412, 127, 347, 1, 81, 741, 428, 360, 242
1198, 939, 1141, 901, 25033723, 5, 6, 913, 167, 127, 347, 1, 653, 369, 813, 213, 913
1198, 939, 1141, 898, 25033723, 4, 6, 213, 167, 127, 347, 1, 653, 369, 813, 213, 913
1198, 939, 1096, 901, 25033723, 3, 6, 813, 167, 127, 347, 1, 653, 369, 813, 213, 913
1198, 939, 1062, 901, 25033723, 1, 6, 653, 167, 127, 347, 1, 653, 369, 813, 213, 913
1062, 901, 1020, 901, 25034046, 4, 7, 450, 653, 127, 347, 1, 52, 270, 116, 450, 760
1062, 901, 963, 901, 25034046, 2, 7, 270, 653, 127, 347, 1, 52, 270, 116, 450, 760
1062, 901, 940, 901, 25034047, 3, 7, 116, 653, 127, 347, 1, 52, 270, 116, 450, 760
1062, 901, 901, 863, 25034047, 1, 7, 52, 653, 127, 347, 1, 52, 270, 116, 450, 760
901, 863, 901, 811, 25034370, 5, 8, 442, 52, 127, 347, 1, 219, 584, 393, 760, 442
901, 863, 898, 786, 25034370, 4, 8, 760, 52, 127, 347, 1, 219, 584, 393, 760, 442
901, 863, 898, 732, 25034370, 2, 8, 584, 52, 127, 347, 1, 219, 584, 393, 760, 442
598, 976, 601, 882, 25034656, 5, 8, 169, 225, 127, 347, 1, 327, 872, 472, 299, 169
598, 976, 527, 898, 25034656, 4, 8, 299, 225, 127, 347, 1, 327, 872, 472, 299, 169
598, 976, 478, 898, 25034657, 3, 8, 472, 225, 127, 347, 1, 327, 872, 472, 299, 169
598, 976, 601, 814, 25034657, 1, 8, 327, 225, 127, 347, 1, 327, 872, 472, 299, 169
601, 814, 601, 784, 25035097, 5, 9, 556, 327, 127, 347, 1, 61, 202, 567, 365, 556
601, 814, 598, 735, 25035097, 3, 9, 567, 327, 127, 347, 1, 61, 202, 567, 365, 556
601, 814, 598, 712, 25035097, 4, 9, 365, 327, 127, 347, 1, 61, 202, 567, 365, 556
601, 814, 598, 681, 25035097, 2, 9, 202, 327, 127, 347, 1, 61, 202, 567, 365, 556
898, 732, 898, 629, 25038570, 4, 9, 219, 584, 127, 347, 1, 502, 18, 5, 219, 155
898, 732, 898, 606, 25038571, 3, 9, 5, 584, 127, 347, 1, 502, 18, 5, 219, 155
496, 1198, 601, 1137, 25039106, 2, 8, 81, 428, 127, 347, 1, 767, 81, 705, 413, 164
496, 1198, 601, 1095, 25039106, 4, 8, 413, 428, 127, 347, 1, 767, 81, 705, 413, 164
496, 1198, 598, 1080, 25039106, 1, 8, 767, 428, 127, 347, 1, 767, 81, 705, 413, 164
598, 681, 598, 611, 25039297, 5, 10, 61, 202, 127, 347, 1, 544, 298, 126, 95, 61
598, 681, 585, 598, 25039297, 4, 10, 95, 202, 127, 347, 1, 544, 298, 126, 95, 61
598, 681, 522, 598, 25039297, 2, 10, 298, 202, 127, 347, 1, 544, 298, 126, 95, 61
598, 681, 454, 601, 25039298, 1, 10, 544, 202, 127, 347, 1, 544, 298, 126, 95, 61
598, 1080, 601, 1020, 25039546, 4, 9, 770, 767, 127, 347, 1, 963, 946, 389, 770, 70
598, 1080, 598, 1001, 25039546, 3, 9, 389, 767, 127, 347, 1, 963, 946, 389, 770, 70
454, 601, 457, 598, 25039556, 4, 11, 678, 544, 127, 347, 1, 350, 14, 508, 678, 823
454, 601, 400, 598, 25039556, 5, 11, 823, 544, 127, 347, 1, 350, 14, 508, 678, 823
454, 601, 380, 601, 25039556, 1, 11, 350, 544, 127, 347, 1, 350, 14, 508, 678, 823
454, 601, 326, 601, 25039556, 2, 11, 14, 544, 127, 347, 1, 350, 14, 508, 678, 823
380, 601, 400, 598, 25039983, 5, 12, 823, 350, 127, 347, 1, 666, 790, 109, 622, 823
380, 601, 301, 572, 25039983, 3, 12, 109, 350, 127, 347, 1, 666, 790, 109, 622, 823
380, 601, 298, 483, 25039983, 2, 12, 790, 350, 127, 347, 1, 666, 790, 109, 622, 823
380, 601, 298, 443, 25039983, 4, 12, 622, 350, 127, 347, 1, 666, 790, 109, 622, 823
478, 898, 405, 898, 25042857, 4, 9, 827, 472, 127, 347, 1, 779, 585, 407, 827, 208
298, 483, 301, 445, 25044183, 5, 13, 666, 790, 127, 347, 1, 875, 43, 397, 237, 666
298, 483, 298, 393, 25044184, 3, 13, 397, 790, 127, 347, 1, 875, 43, 397, 237, 666
298, 483, 356, 301, 25044184, 2, 13, 43, 790, 127, 347, 1, 875, 43, 397, 237, 666
1020, 901, 940, 901, 25046247, 4, 8, 116, 450, 127, 347, 1, 442, 52, 760, 116, 881
1020, 901, 901, 863, 25046247, 2, 8, 52, 450, 127, 347, 1, 442, 52, 760, 116, 881
1020, 901, 901, 811, 25046247, 1, 8, 442, 450, 127, 347, 1, 442, 52, 760, 116, 881
1020, 901, 898, 785, 25046247, 3, 8, 760, 450, 127, 347, 1, 442, 52, 760, 116, 881
898, 786, 901, 769, 25046570, 4, 9, 614, 760, 127, 347, 1, 219, 393, 584, 614, 5
898, 786, 898, 732, 25046570, 3, 9, 584, 760, 127, 347, 1, 219, 393, 584, 614, 5
898, 786, 898, 696, 25046570, 2, 9, 393, 760, 127, 347, 1, 219, 393, 584, 614, 5
898, 786, 898, 629, 25046570, 1, 9, 219, 760, 127, 347, 1, 219, 393, 584, 614, 5
898, 606, 835, 598, 25046771, 5, 10, 218, 5, 127, 347, 1, 502, 629, 798, 278, 218
898, 606, 901, 521, 25046771, 4, 10, 278, 5, 127, 347, 1, 502, 629, 798, 278, 218
898, 606, 790, 598, 25046771, 1, 10, 502, 5, 127, 347, 1, 502, 629, 798, 278, 218
898, 606, 773, 601, 25046771, 3, 10, 798, 5, 127, 347, 1, 502, 629, 798, 278, 218
898, 629, 857, 598, 25047172, 5, 10, 18, 219, 127, 347, 1, 629, 278, 218, 133, 18
898, 629, 835, 598, 25047172, 3, 10, 218, 219, 127, 347, 1, 629, 278, 218, 133, 18
898, 629, 901, 542, 25047172, 4, 10, 133, 219, 127, 347, 1, 629, 278, 218, 133, 18
898, 629, 901, 521, 25047172, 2, 10, 278, 219, 127, 347, 1, 629, 278, 218, 133, 18
898, 629, 741, 601, 25047172, 1, 10, 629, 219, 127, 347, 1, 629, 278, 218, 133, 18
790, 598, 710, 598, 25047443, 4, 11, 836, 502, 127, 347, 1, 95, 126, 398, 836, 233
790, 598, 702, 601, 25047443, 3, 11, 398, 502, 127, 347, 1, 95, 126, 398, 836, 233
790, 598, 677, 601, 25047443, 5, 11, 233, 502, 127, 347, 1, 95, 126, 398, 836, 233
790, 598, 585, 598, 25047444, 1, 11, 95, 502, 127, 347, 1, 95, 126, 398, 836, 233
585, 598, 480, 598, 25047728, 5, 12, 483, 95, 127, 347, 1, 695, 350, 678, 544, 483
585, 598, 457, 598, 25047728, 3, 12, 678, 95, 127, 347, 1, 695, 350, 678, 544, 483
585, 598, 601, 455, 25047728, 1, 12, 695, 95, 127, 347, 1, 695, 350, 678, 544, 483
741, 601, 710, 598, 25048077, 4, 11, 836, 629, 127, 347, 1, 695, 233, 398, 836, 126
741, 601, 702, 601, 25048077, 3, 11, 398, 629, 127, 347, 1, 695, 233, 398, 836, 126
741, 601, 677, 601, 25048077, 2, 11, 233, 629, 127, 347, 1, 695, 233, 398, 836, 126
601, 455, 599, 306, 25048091, 1, 13, 44, 695, 127, 347, 1, 44, 619, 117, 894, 11
601, 455, 621, 301, 25048091, 3, 13, 117, 695, 127, 347, 1, 44, 619, 117, 894, 11
356, 301, 301, 271, 25048384, 4, 14, 102, 43, 127, 347, 1, 654, 448, 263, 102, 547
356, 301, 301, 223, 25048384, 3, 14, 263, 43, 127, 347, 1, 654, 448, 263, 102, 547
356, 301, 301, 165, 25048384, 2, 14, 448, 43, 127, 347, 1, 654, 448, 263, 102, 547
356, 301, 301, 143, 25048384, 1, 14, 654, 43, 127, 347, 1, 654, 448, 263, 102, 547
599, 306, 598, 219, 25048427, 5, 14, 894, 44, 127, 347, 1, 597, 752, 339, 619, 894
599, 306, 601, 184, 25048427, 3, 14, 339, 44, 127, 347, 1, 597, 752, 339, 619, 894
599, 306, 601, 162, 25048427, 1, 14, 597, 44, 127, 347, 1, 597, 752, 339, 619, 894
301, 143, 301, 112, 25048825, 4, 15, 816, 654, 127, 347, 1, 127, 778, 103, 816, 598
301, 143, 298, 52, 25048825, 3, 15, 103, 654, 127, 347, 1, 127, 778, 103, 816, 598
301, 143, 416, -1, 25048825, 2, 15, 778, 654, 127, 347, 1, 127, 778, 103, 816, 598
901, 521, 901, 482, 25051372, 5, 11, 482, 278, 127, 347, 1, 131, 313, 841, 704, 482
901, 521, 901, 449, 25051372, 4, 11, 704, 278, 127, 347, 1, 131, 313, 841, 704, 482
901, 521, 901, 403, 25051372, 3, 11, 841, 278, 127, 347, 1, 131, 313, 841, 704, 482
601, 1020, 601, 912, 25051747, 4, 10, 991, 770, 127, 347, 1, 883, 946, 963, 991, 910
601, 1020, 559, 901, 25051747, 2, 10, 946, 770, 127, 347, 1, 883, 946, 963, 991, 910
601, 1020, 633, 898, 25051747, 3, 10, 963, 770, 127, 347, 1, 883, 946, 963, 991, 910
601, 1020, 672, 898, 25051747, 5, 10, 910, 770, 127, 347, 1, 883, 946, 963, 991, 910
601, 1020, 519, 901, 25051747, 1, 10, 883, 770, 127, 347, 1, 883, 946, 963, 991, 910
519, 901, 473, 901, 25052187, 5, 11, 777, 883, 127, 347, 1, 235, 673, 409, 611, 777
519, 901, 448, 901, 25052187, 4, 11, 611, 883, 127, 347, 1, 235, 673, 409, 611, 777
519, 901, 440, 898, 25052187, 2, 11, 673, 883, 127, 347, 1, 235, 673, 409, 611, 777
519, 901, 406, 901, 25052187, 3, 11, 409, 883, 127, 347, 1, 235, 673, 409, 611, 777
519, 901, 386, 901, 25052187, 1, 11, 235, 883, 127, 347, 1, 235, 673, 409, 611, 777
677, 601, 598, 611, 25052278, 4, 12, 61, 233, 127, 347, 1, 695, 508, 95, 61, 126
677, 601, 601, 577, 25052278, 5, 12, 126, 233, 127, 347, 1, 695, 508, 95, 61, 126
677, 601, 585, 598, 25052278, 3, 12, 95, 233, 127, 347, 1, 695, 508, 95, 61, 126
677, 601, 601, 482, 25052278, 2, 12, 508, 233, 127, 347, 1, 695, 508, 95, 61, 126
386, 901, 301, 854, 25052549, 4, 12, 32, 235, 127, 347, 1, 831, 698, 511, 32, 585
386, 901, 301, 784, 25052550, 3, 12, 511, 235, 127, 347, 1, 831, 698, 511, 32, 585
386, 901, 301, 740, 25052550, 2, 12, 698, 235, 127, 347, 1, 831, 698, 511, 32, 585
386, 901, 301, 704, 25052550, 1, 12, 831, 235, 127, 347, 1, 831, 698, 511, 32, 585
301, 704, 326, 601, 25052860, 3, 13, 14, 831, 127, 347, 1, 916, 823, 14, 622, 790
416, -1, 333, 1, 25053025, 127, 16, 127, 778, 127, 347, 1, 127, 10000000, 10000000, 10000000, 10000000
301, 112, 333, 1, 25061025, 127, 16, 127, 816, 127, 347, 1, 127, 778, 598, 103, 425
298, 111, 333, 1, 25065109, 127, 16, 127, 547, 127, 347, 1, 127, 103, 682, 816, 10000000
88, 1801, 167, 1801, 26000200, 4, 1, 774, 426, 365, 598, 700, 107, 308, 476, 774, 677
88, 1801, 202, 1798, 26000200, 3, 1, 476, 426, 365, 598, 700, 107, 308, 476, 774, 677
202, 1798, 248, 1798, 26009276, 4, 2, 308, 476, 365, 598, 700, 86, 108, 107, 308, 484
202, 1798, 281, 1798, 26009276, 3, 2, 107, 476, 365, 598, 700, 86, 108, 107, 308, 484
281, 1798, 308, 1801, 26017477, 3, 3, 86, 107, 365, 598, 700, 507, 177, 86, 100, 10000000
281, 1798, 348, 1801, 26017477, 2, 3, 177, 107, 365, 598, 700, 507, 177, 86, 100, 10000000
281, 1798, 393, 1801, 26017477, 1, 3, 507, 107, 365, 598, 700, 507, 177, 86, 100, 10000000
393, 1801, 301, 1708, 26017761, 1, 4, 279, 507, 365, 598, 700, 279, 765, 587, 101, 280
393, 1801, 525, 1798, 26017761, 5, 4, 280, 507, 365, 598, 700, 279, 765, 587, 101, 280
393, 1801, 298, 1664, 26017761, 2, 4, 765, 507, 365, 598, 700, 279, 765, 587, 101, 280
301, 1708, 298, 1641, 26018097, 5, 5, 587, 279, 365, 598, 700, 144, 796, 320, 922, 587
301, 1708, 301, 1621, 26018098, 2, 5, 796, 279, 365, 598, 700, 144, 796, 320, 922, 587
301, 1708, 298, 1596, 26018098, 3, 5, 320, 279, 365, 598, 700, 144, 796, 320, 922, 587
301, 1708, 298, 1524, 26018098, 1, 5, 144, 279, 365, 598, 700, 144, 796, 320, 922, 587
298, 1524, 315, 1501, 26018551, 5, 6, 104, 144, 365, 598, 700, 739, 902, 783, 554, 104
298, 1524, 392, 1498, 26018551, 2, 6, 902, 144, 365, 598, 700, 739, 902, 783, 554, 104
298, 1524, 407, 1501, 26018551, 4, 6, 554, 144, 365, 598, 700, 739, 902, 783, 554, 104
298, 1524, 436, 1498, 26018551, 3, 6, 783, 144, 365, 598, 700, 739, 902, 783, 554, 104
392, 1498, 462, 1498, 26022751, 5, 7, 628, 902, 365, 598, 700, 574, 800, 427, 380, 628
392, 1498, 301, 1394, 26022752, 3, 7, 427, 902, 365, 598, 700, 574, 800, 427, 380, 628
392, 1498, 298, 1353, 26022752, 2, 7, 800, 902, 365, 598, 700, 574, 800, 427, 380, 628
298, 1353, 298, 1327, 26026952, 5, 8, 574, 800, 365, 598, 700, 193, 466, 826, 380, 574
298, 1353, 298, 1285, 26026952, 4, 8, 380, 800, 365, 598, 700, 193, 466, 826, 380, 574
298, 1353, 298, 1244, 26026952, 1, 8, 193, 800, 365, 598, 700, 193, 466, 826, 380, 574
298, 1353, 224, 1198, 26026952, 2, 8, 466, 800, 365, 598, 700, 193, 466, 826, 380, 574
298, 1244, 275, 1198, 26027275, 5, 9, 135, 193, 365, 598, 700, 428, 557, 164, 609, 135
298, 1244, 301, 1171, 26027275, 3, 9, 164, 193, 365, 598, 700, 428, 557, 164, 609, 135
298, 1244, 449, 1201, 26027276, 2, 9, 557, 193, 365, 598, 700, 428, 557, 164, 609, 135
449, 1201, 601, 1147, 26031476, 4, 10, 81, 557, 365, 598, 700, 767, 600, 250, 81, 591
525, 1798, 579, 1798, 26033961, 2, 5, 101, 280, 365, 598, 700, 372, 101, 320, 144, 132
462, 1498, 535, 1498, 26038952, 4, 8, 429, 628, 365, 598, 700, 318, 574, 221, 429, 380
462, 1498, 559, 1498, 26038952, 3, 8, 221, 628, 365, 598, 700, 318, 574, 221, 429, 380
601, 1147, 598, 1031, 26043677, 3, 11, 591, 81, 365, 598, 700, 389, 225, 591, 877, 991
601, 1147, 601, 987, 26043677, 4, 11, 877, 81, 365, 598, 700, 389, 225, 591, 877, 991
601, 1147, 598, 964, 26043677, 2, 11, 225, 81, 365, 598, 700, 389, 225, 591, 877, 991
559, 1498, 601, 1426, 26047152, 2, 9, 318, 221, 365, 598, 700, 679, 318, 494, 193, 574
559, 1498, 601, 1392, 26047152, 3, 9, 494, 221, 365, 598, 700, 679, 318, 494, 193, 574
559, 1498, 601, 1345, 26047152, 1, 9, 679, 221, 365, 598, 700, 679, 318, 494, 193, 574
601, 1345, 598, 1221, 26047515, 3, 10, 242, 679, 365, 598, 700, 183, 360, 242, 236, 767
601, 1345, 545, 1198, 26047515, 4, 10, 236, 679, 365, 598, 700, 183, 360, 242, 236, 767
598, 964, 601, 892, 26047877, 4, 12, 169, 225, 365, 598, 700, 556, 872, 327, 169, 299
598, 964, 541, 898, 26047877, 5, 12, 299, 225, 365, 598, 700, 556, 872, 327, 169, 299
598, 1221, 601, 1147, 26055715, 5, 11, 81, 242, 365, 598, 700, 591, 600, 413, 250, 81
598, 1221, 601, 1127, 26055715, 4, 11, 250, 242, 365, 598, 700, 591, 600, 413, 250, 81
598, 1221, 601, 1107, 26055715, 3, 11, 413, 242, 365, 598, 700, 591, 600, 413, 250, 81
598, 1221, 601, 1080, 26055715, 2, 11, 600, 242, 365, 598, 700, 591, 600, 413, 250, 81
601, 892, 598, 843, 26060077, 5, 13, 954, 169, 365, 598, 700, 556, 567, 872, 327, 954
601, 892, 601, 828, 26060077, 4, 13, 327, 169, 365, 598, 700, 556, 567, 872, 327, 954
601, 892, 598, 804, 26060077, 3, 13, 872, 169, 365, 598, 700, 556, 567, 872, 327, 954
601, 892, 601, 798, 26060077, 1, 13, 556, 169, 365, 598, 700, 556, 567, 872, 327, 954
601, 892, 598, 699, 26060078, 365, 13, 365, 169, 365, 598, 700, 556, 567, 872, 327, 954
601, 798, 598, 699, 26060453, 365, 14, 365, 556, 365, 598, 700, 567, 202, 365, 61, 754
598, 721, 598, 699, 26060789, 365, 15, 365, 567, 365, 598, 700, 365, 10000000, 10000000, 10000000, 10000000
598, 721, 598, 699, 26065255, 365, 16, 365, 567, 365, 598, 700, 365, 10000000, 10000000, 10000000, 10000000
601, 892, 598, 699, 26080679, 365, 15, 365, 169, 365, 598, 700, 556, 567, 872, 327, 954
601, 798, 598, 699, 26080963, 365, 16, 365, 556, 365, 598, 700, 567, 202, 365, 61, 754
263, 1798, 287, 1798, 27000200, 5, 1, 107, 308, 138, 1198, 307, 507, 108, 86, 177, 107
263, 1798, 308, 1801, 27000200, 3, 1, 86, 308, 138, 1198, 307, 507, 108, 86, 177, 107
263, 1798, 313, 1798, 27000200, 2, 1, 108, 308, 138, 1198, 307, 507, 108, 86, 177, 107
263, 1798, 335, 1801, 27000200, 4, 1, 177, 308, 138, 1198, 307, 507, 108, 86, 177, 107
263, 1798, 379, 1801, 27000200, 1, 1, 507, 308, 138, 1198, 307, 507, 108, 86, 177, 107
379, 1801, 437, 1801, 27000653, 5, 2, 687, 507, 138, 1198, 307, 280, 477, 101, 279, 687
379, 1801, 301, 1719, 27000653, 4, 2, 279, 507, 138, 1198, 307, 280, 477, 101, 279, 687
379, 1801, 538, 1798, 27000653, 1, 2, 280, 507, 138, 1198, 307, 280, 477, 101, 279, 687
538, 1798, 587, 1798, 27001463, 3, 3, 101, 280, 138, 1198, 307, 372, 352, 101, 25, 144
538, 1798, 598, 1793, 27001463, 4, 3, 25, 280, 138, 1198, 307, 372, 352, 101, 25, 144
538, 1798, 674, 1801, 27001463, 2, 3, 352, 280, 138, 1198, 307, 372, 352, 101, 25, 144
674, 1801, 740, 1801, 27005740, 5, 4, 728, 352, 138, 1198, 307, 338, 853, 530, 753, 728
301, 1719, 301, 1633, 27012854, 4, 3, 796, 279, 138, 1198, 307, 474, 144, 320, 796, 587
301, 1719, 298, 1629, 27012854, 5, 3, 587, 279, 138, 1198, 307, 474, 144, 320, 796, 587
301, 1719, 298, 1583, 27012854, 3, 3, 320, 279, 138, 1198, 307, 474, 144, 320, 796, 587
298, 1583, 298, 1513, 27021054, 4, 4, 144, 320, 138, 1198, 307, 554, 104, 96, 144, 902
298, 1583, 310, 1501, 27021054, 2, 4, 104, 320, 138, 1198, 307, 554, 104, 96, 144, 902
298, 1583, 288, 1498, 27021054, 3, 4, 96, 320, 138, 1198, 307, 554, 104, 96, 144, 902
298, 1583, 394, 1501, 27021054, 1, 4, 554, 320, 138, 1198, 307, 554, 104, 96, 144, 902
298, 1583, 406, 1498, 27021054, 5, 4, 902, 320, 138, 1198, 307, 554, 104, 96, 144, 902
394, 1501, 444, 1501, 27021481, 4, 5, 739, 554, 138, 1198, 307, 429, 628, 221, 739, 427
394, 1501, 474, 1498, 27021481, 2, 5, 628, 554, 138, 1198, 307, 429, 628, 221, 739, 427
474, 1498, 549, 1498, 27025682, 2, 6, 429, 628, 138, 1198, 307, 161, 429, 221, 318, 574
474, 1498, 574, 1498, 27025682, 3, 6, 221, 628, 138, 1198, 307, 161, 429, 221, 318, 574
474, 1498, 601, 1438, 27025682, 4, 6, 318, 628, 138, 1198, 307, 161, 429, 221, 318, 574
474, 1498, 619, 1501, 27025682, 1, 6, 161, 628, 138, 1198, 307, 161, 429, 221, 318, 574
619, 1501, 691, 1501, 27025979, 5, 7, 333, 161, 138, 1198, 307, 501, 669, 707, 525, 333
619, 1501, 711, 1501, 27025979, 4, 7, 525, 161, 138, 1198, 307, 501, 669, 707, 525, 333
619, 1501, 740, 1501, 27025979, 2, 7, 669, 161, 138, 1198, 307, 501, 669, 707, 525, 333
740, 1501, 819, 1501, 27030180, 4, 8, 927, 669, 138, 1198, 307, 2, 494, 764, 927, 969
740, 1501, 861, 1501, 27030180, 5, 8, 969, 669, 138, 1198, 307, 2, 494, 764, 927, 969
819, 1501, 861, 1501, 27042380, 5, 9, 969, 927, 138, 1198, 307, 764, 958, 2, 893, 969
819, 1501, 889, 1501, 27042380, 3, 9, 2, 927, 138, 1198, 307, 764, 958, 2, 893, 969
819, 1501, 959, 1498, 27042380, 2, 9, 958, 927, 138, 1198, 307, 764, 958, 2, 893, 969
819, 1501, 1043, 1498, 27042380, 1, 9, 764, 927, 138, 1198, 307, 764, 958, 2, 893, 969
1043, 1498, 1089, 1498, 27042690, 5, 10, 404, 764, 138, 1198, 307, 793, 195, 627, 234, 404
889, 1501, 1010, 1498, 27050580, 5, 10, 893, 2, 138, 1198, 307, 195, 793, 764, 630, 893
889, 1501, 1024, 1501, 27050580, 4, 10, 630, 2, 138, 1198, 307, 195, 793, 764, 630, 893
889, 1501, 1043, 1498, 27050580, 3, 10, 764, 2, 138, 1198, 307, 195, 793, 764, 630, 893
1043, 1498, 1090, 1498, 27058780, 5, 11, 404, 764, 138, 1198, 307, 793, 195, 627, 234, 404
1043, 1498, 901, 1441, 27058781, 2, 11, 195, 764, 138, 1198, 307, 793, 195, 627, 234, 404
1043, 1498, 1212, 1501, 27058781, 4, 11, 234, 764, 138, 1198, 307, 793, 195, 627, 234, 404
901, 1441, 898, 1352, 27062981, 3, 12, 793, 195, 138, 1198, 307, 367, 627, 793, 252, 40
901, 1441, 898, 1310, 27062981, 2, 12, 627, 195, 138, 1198, 307, 367, 627, 793, 252, 40
901, 1441, 898, 1274, 27062981, 1, 12, 367, 195, 138, 1198, 307, 367, 627, 793, 252, 40
901, 1441, 898, 1253, 27062981, 4, 12, 252, 195, 138, 1198, 307, 367, 627, 793, 252, 40
898, 1274, 898, 1204, 27063240, 4, 13, 40, 367, 138, 1198, 307, 384, 553, 305, 40, 990
898, 1274, 887, 1201, 27063240, 5, 13, 990, 367, 138, 1198, 307, 384, 553, 305, 40, 990
898, 1274, 887, 1198, 27063240, 3, 13, 305, 367, 138, 1198, 307, 384, 553, 305, 40, 990
1212, 1501, 1198, 1432, 27070981, 5, 12, 951, 234, 138, 1198, 307, 795, 637, 571, 763, 951
1212, 1501, 1201, 1372, 27070981, 2, 12, 637, 234, 138, 1198, 307, 795, 637, 571, 763, 951
1212, 1501, 1198, 1368, 27070981, 4, 12, 763, 234, 138, 1198, 307, 795, 637, 571, 763, 951
1212, 1501, 1198, 1318, 27070981, 3, 12, 571, 234, 138, 1198, 307, 795, 637, 571, 763, 951
887, 1198, 997, 1198, 27071440, 3, 14, 901, 305, 138, 1198, 307, 553, 625, 901, 780, 10000000
887, 1198, 1003, 1201, 27071440, 1, 14, 553, 305, 138, 1198, 307, 553, 625, 901, 780, 10000000
887, 1198, 1018, 1198, 27071440, 4, 14, 780, 305, 138, 1198, 307, 553, 625, 901, 780, 10000000
1003, 1201, 1018, 1198, 27071815, 5, 15, 780, 553, 138, 1198, 307, 229, 384, 24, 625, 780
1003, 1201, 1086, 1198, 27071815, 4, 15, 625, 553, 138, 1198, 307, 229, 384, 24, 625, 780
1003, 1201, 1109, 1198, 27071815, 2, 15, 384, 553, 138, 1198, 307, 229, 384, 24, 625, 780
1003, 1201, 1129, 1198, 27071815, 1, 15, 229, 553, 138, 1198, 307, 229, 384, 24, 625, 780
1129, 1198, 1228, 1201, 27072256, 3, 16, 98, 229, 138, 1198, 307, 917, 115, 98, 10000000, 10000000
1129, 1198, 1291, 1198, 27072256, 1, 16, 917, 229, 138, 1198, 307, 917, 115, 98, 10000000, 10000000
1201, 1372, 1198, 1272, 27075182, 5, 13, 373, 637, 138, 1198, 307, 541, 98, 24, 178, 373
1201, 1372, 1198, 1250, 27075182, 4, 13, 178, 637, 138, 1198, 307, 541, 98, 24, 178, 373
1201, 1372, 1201, 1209, 27075182, 3, 13, 24, 637, 138, 1198, 307, 541, 98, 24, 178, 373
1201, 1372, 1228, 1201, 27075182, 2, 13, 98, 637, 138, 1198, 307, 541, 98, 24, 178, 373
1228, 1201, 1291, 1198, 27079382, 5, 14, 917, 98, 138, 1198, 307, 633, 649, 802, 229, 917
1228, 1201, 1129, 1198, 27079382, 4, 14, 229, 98, 138, 1198, 307, 633, 649, 802, 229, 917
1228, 1201, 1201, 1106, 27079382, 2, 14, 649, 98, 138, 1198, 307, 633, 649, 802, 229, 917
1228, 1201, 1198, 1051, 27079382, 3, 14, 802, 98, 138, 1198, 307, 633, 649, 802, 229, 917
1201, 1106, 1198, 1024, 27083582, 5, 15, 633, 649, 138, 1198, 307, 647, 167, 967, 63, 633
1129, 1198, 1228, 1201, 27091583, 3, 15, 98, 229, 138, 1198, 307, 917, 115, 98, 10000000, 10000000
1129, 1198, 1291, 1198, 27091583, 1, 15, 917, 229, 138, 1198, 307, 917, 115, 98, 10000000, 10000000
1291, 1198, 1251, 1201, 27091906, 5, 16, 344, 917, 138, 1198, 307, 649, 633, 802, 229, 344
1291, 1198, 1201, 1106, 27091906, 1, 16, 649, 917, 138, 1198, 307, 649, 633, 802, 229, 344
1291, 1198, 1129, 1198, 27091906, 4, 16, 229, 917, 138, 1198, 307, 649, 633, 802, 229, 344
1291, 1198, 1198, 1050, 27091906, 3, 16, 802, 917, 138, 1198, 307, 649, 633, 802, 229, 344
1198, 1024, 1168, 898, 27099783, 5, 16, 213, 633, 138, 1198, 307, 967, 435, 439, 642, 213
1198, 1024, 1241, 898, 27099783, 1, 16, 967, 633, 138, 1198, 307, 967, 435, 439, 642, 213
1198, 1024, 1278, 901, 27099783, 3, 16, 439, 633, 138, 1198, 307, 967, 435, 439, 642, 213
308, 601, 301, 717, 28000200, 4, 1, 919, 14, 57, 1499, 2098, 779, 678, 831, 919, 823
308, 601, 440, 598, 28000200, 5, 1, 823, 14, 57, 1499, 2098, 779, 678, 831, 919, 823
308, 601, 301, 741, 28000200, 3, 1, 831, 14, 57, 1499, 2098, 779, 678, 831, 919, 823
308, 601, 298, 743, 28000200, 1, 1, 779, 14, 57, 1499, 2098, 779, 678, 831, 919, 823
298, 743, 301, 822, 28000588, 5, 2, 511, 779, 57, 1499, 2098, 55, 32, 472, 245, 511
298, 743, 301, 868, 28000588, 4, 2, 245, 779, 57, 1499, 2098, 55, 32, 472, 245, 511
298, 743, 301, 887, 28000588, 2, 2, 32, 779, 57, 1499, 2098, 55, 32, 472, 245, 511
301, 887, 352, 901, 28005262, 5, 3, 235, 32, 57, 1499, 2098, 777, 705, 488, 932, 235
301, 887, 298, 970, 28005263, 3, 3, 488, 32, 57, 1499, 2098, 777, 705, 488, 932, 235
301, 887, 301, 989, 28005263, 4, 3, 932, 32, 57, 1499, 2098, 777, 705, 488, 932, 235
298, 970, 301, 1072, 28013463, 3, 4, 712, 488, 57, 1499, 2098, 325, 164, 712, 520, 777
298, 970, 301, 1105, 28013463, 4, 4, 520, 488, 57, 1499, 2098, 325, 164, 712, 520, 777
440, 598, 497, 598, 28016400, 4, 2, 678, 823, 57, 1499, 2098, 95, 483, 298, 678, 831
440, 598, 519, 598, 28016400, 2, 2, 483, 823, 57, 1499, 2098, 95, 483, 298, 678, 831
440, 598, 561, 598, 28016400, 3, 2, 298, 823, 57, 1499, 2098, 95, 483, 298, 678, 831
519, 598, 561, 598, 28020600, 4, 3, 298, 483, 57, 1499, 2098, 202, 95, 61, 298, 365
519, 598, 591, 598, 28020600, 2, 3, 95, 483, 57, 1499, 2098, 202, 95, 61, 298, 365
519, 598, 598, 569, 28020600, 3, 3, 61, 483, 57, 1499, 2098, 202, 95, 61, 298, 365
519, 598, 598, 646, 28020601, 1, 3, 202, 483, 57, 1499, 2098, 202, 95, 61, 298, 365
519, 598, 598, 675, 28020601, 5, 3, 365, 483, 57, 1499, 2098, 202, 95, 61, 298, 365
598, 646, 598, 697, 28020924, 3, 4, 567, 202, 57, 1499, 2098, 327, 556, 567, 872, 754
598, 646, 598, 725, 28020924, 5, 4, 754, 202, 57, 1499, 2098, 327, 556, 567, 872, 754
598, 646, 598, 773, 28020924, 4, 4, 872, 202, 57, 1499, 2098, 327, 556, 567, 872, 754
301, 1072, 301, 1105, 28021663, 4, 5, 520, 712, 57, 1499, 2098, 193, 164, 325, 520, 10000000
301, 1072, 301, 1151, 28021663, 3, 5, 325, 712, 57, 1499, 2098, 193, 164, 325, 520, 10000000
301, 1072, 301, 1192, 28021663, 2, 5, 164, 712, 57, 1499, 2098, 193, 164, 325, 520, 10000000
301, 1192, 298, 1259, 28025864, 4, 6, 380, 164, 57, 1499, 2098, 800, 574, 557, 380, 609
301, 1192, 298, 1301, 28025864, 2, 6, 574, 164, 57, 1499, 2098, 800, 574, 557, 380, 609
301, 1192, 428, 1201, 28025864, 3, 6, 557, 164, 57, 1499, 2098, 800, 574, 557, 380, 609
301, 1192, 298, 1325, 28025864, 1, 6, 800, 164, 57, 1499, 2098, 800, 574, 557, 380, 609
298, 1325, 301, 1416, 28026174, 5, 7, 427, 800, 57, 1499, 2098, 902, 56, 175, 628, 427
298, 1325, 301, 1484, 28026174, 3, 7, 175, 800, 57, 1499, 2098, 902, 56, 175, 628, 427
298, 1325, 298, 1492, 28026174, 2, 7, 56, 800, 57, 1499, 2098, 902, 56, 175, 628, 427
298, 1492, 421, 1498, 28030375, 3, 8, 902, 56, 57, 1499, 2098, 783, 739, 902, 628, 765
298, 1492, 431, 1501, 28030375, 2, 8, 739, 56, 57, 1499, 2098, 783, 739, 902, 628, 765
298, 1492, 298, 1640, 28030375, 5, 8, 765, 56, 57, 1499, 2098, 783, 739, 902, 628, 765
301, 1105, 301, 1152, 28033863, 2, 6, 325, 520, 57, 1499, 2098, 164, 325, 19, 557, 380
301, 1105, 301, 1192, 28033863, 1, 6, 164, 520, 57, 1499, 2098, 164, 325, 19, 557, 380
301, 1105, 298, 1204, 28033863, 3, 6, 19, 520, 57, 1499, 2098, 164, 325, 19, 557, 380
301, 1105, 298, 1259, 28033864, 5, 6, 380, 520, 57, 1499, 2098, 164, 325, 19, 557, 380
428, 1201, 490, 1198, 28034064, 4, 7, 609, 557, 57, 1499, 2098, 412, 236, 428, 609, 835
428, 1201, 536, 1198, 28034064, 3, 7, 428, 557, 57, 1499, 2098, 412, 236, 428, 609, 835
428, 1201, 570, 1198, 28034064, 2, 7, 236, 557, 57, 1499, 2098, 412, 236, 428, 609, 835
301, 1192, 298, 1259, 28034265, 4, 7, 380, 164, 57, 1499, 2098, 800, 574, 557, 380, 603
301, 1192, 298, 1301, 28034265, 2, 7, 574, 164, 57, 1499, 2098, 800, 574, 557, 380, 603
301, 1192, 298, 1325, 28034265, 1, 7, 800, 164, 57, 1499, 2098, 800, 574, 557, 380, 603
431, 1501, 487, 1498, 28034575, 5, 9, 628, 739, 57, 1499, 2098, 715, 575, 429, 221, 628
431, 1501, 563, 1498, 28034575, 3, 9, 429, 739, 57, 1499, 2098, 715, 575, 429, 221, 628
431, 1501, 598, 1582, 28034575, 2, 9, 575, 739, 57, 1499, 2098, 715, 575, 429, 221, 628
570, 1198, 598, 1204, 28038573, 4, 8, 242, 236, 57, 1499, 2098, 360, 679, 80, 242, 835
570, 1198, 613, 1201, 28038573, 3, 8, 80, 236, 57, 1499, 2098, 360, 679, 80, 242, 835
570, 1198, 671, 1201, 28038573, 1, 8, 360, 236, 57, 1499, 2098, 360, 679, 80, 242, 835
570, 1198, 601, 1332, 28038574, 5, 8, 835, 236, 57, 1499, 2098, 360, 679, 80, 242, 835
570, 1198, 601, 1368, 28038574, 2, 8, 679, 236, 57, 1499, 2098, 360, 679, 80, 242, 835
598, 1582, 680, 1501, 28038776, 5, 10, 333, 575, 57, 1499, 2098, 110, 669, 513, 525, 333
598, 1582, 601, 1722, 28038776, 3, 10, 513, 575, 57, 1499, 2098, 110, 669, 513, 525, 333
598, 1582, 600, 1794, 28038776, 1, 10, 110, 575, 57, 1499, 2098, 110, 669, 513, 525, 333
671, 1201, 741, 1201, 28038988, 4, 9, 746, 360, 57, 1499, 2098, 503, 886, 690, 746, 305
671, 1201, 782, 1201, 28038988, 2, 9, 886, 360, 57, 1499, 2098, 503, 886, 690, 746, 305
671, 1201, 785, 1198, 28038988, 3, 9, 690, 360, 57, 1499, 2098, 503, 886, 690, 746, 305
671, 1201, 831, 1198, 28038988, 1, 9, 503, 360, 57, 1499, 2098, 503, 886, 690, 746, 305
600, 1794, 682, 1801, 28039099, 1, 11, 532, 110, 57, 1499, 2098, 532, 728, 530, 853, 686
600, 1794, 598, 1895, 28039099, 5, 11, 686, 110, 57, 1499, 2098, 532, 728, 530, 853, 686
600, 1794, 726, 1801, 28039099, 2, 11, 728, 110, 57, 1499, 2098, 532, 728, 530, 853, 686
600, 1794, 766, 1801, 28039100, 4, 11, 853, 110, 57, 1499, 2098, 532, 728, 530, 853, 686
831, 1198, 887, 1201, 28039272, 5, 10, 990, 503, 57, 1499, 2098, 793, 627, 367, 40, 990
831, 1198, 899, 1202, 28039272, 4, 10, 40, 503, 57, 1499, 2098, 793, 627, 367, 40, 990
831, 1198, 898, 1263, 28039272, 3, 10, 367, 503, 57, 1499, 2098, 793, 627, 367, 40, 990
682, 1801, 766, 1801, 28039397, 4, 12, 853, 532, 57, 1499, 2098, 423, 338, 530, 853, 159
682, 1801, 809, 1798, 28039397, 3, 12, 530, 532, 57, 1499, 2098, 423, 338, 530, 853, 159
682, 1801, 852, 1798, 28039397, 2, 12, 338, 532, 57, 1499, 2098, 423, 338, 530, 853, 159
601, 1368, 601, 1418, 28042774, 5, 9, 494, 679, 57, 1499, 2098, 37, 221, 429, 318, 494
852, 1798, 910, 1801, 28043597, 5, 13, 314, 338, 57, 1499, 2098, 500, 644, 423, 231, 314
852, 1798, 898, 1837, 28043597, 4, 13, 231, 338, 57, 1499, 2098, 500, 644, 423, 231, 314
852, 1798, 898, 1860, 28043597, 3, 13, 423, 338, 57, 1499, 2098, 500, 644, 423, 231, 314
852, 1798, 966, 1801, 28043597, 1, 13, 500, 338, 57, 1499, 2098, 500, 644, 423, 231, 314
852, 1798, 898, 1933, 28043597, 2, 13, 644, 338, 57, 1499, 2098, 500, 644, 423, 231, 314
966, 1801, 1041, 1798, 28043934, 4, 14, 839, 500, 57, 1499, 2098, 271, 461, 665, 839, 128
966, 1801, 1062, 1798, 28043934, 3, 14, 665, 500, 57, 1499, 2098, 271, 461, 665, 839, 128
966, 1801, 1183, 1798, 28043934, 5, 14, 128, 500, 57, 1499, 2098, 271, 461, 665, 839, 128
298, 1640, 298, 1787, 28046575, 4, 9, 993, 765, 57, 1499, 2098, 86, 902, 132, 993, 177
298, 1640, 301, 1788, 28046575, 3, 9, 132, 765, 57, 1499, 2098, 86, 902, 132, 993, 177
898, 1263, 898, 1297, 28047569, 4, 11, 627, 367, 57, 1499, 2098, 195, 793, 3, 627, 958
898, 1263, 898, 1339, 28047569, 2, 11, 793, 367, 57, 1499, 2098, 195, 793, 3, 627, 958
898, 1263, 901, 1452, 28047569, 1, 11, 195, 367, 57, 1499, 2098, 195, 793, 3, 627, 958
898, 1933, 901, 1995, 28047798, 5, 14, 646, 644, 57, 1499, 2098, 176, 180, 383, 79, 646
898, 1933, 901, 2076, 28047798, 2, 14, 180, 644, 57, 1499, 2098, 176, 180, 383, 79, 646
898, 1933, 907, 2098, 28047798, 4, 14, 79, 644, 57, 1499, 2098, 176, 180, 383, 79, 646
898, 1933, 918, 2101, 28047798, 1, 14, 176, 644, 57, 1499, 2098, 176, 180, 383, 79, 646
901, 1452, 991, 1501, 28047880, 5, 12, 438, 195, 57, 1499, 2098, 898, 789, 753, 630, 438
901, 1452, 1012, 1501, 28047880, 4, 12, 630, 195, 57, 1499, 2098, 898, 789, 753, 630, 438
901, 1452, 898, 1640, 28047880, 3, 12, 753, 195, 57, 1499, 2098, 898, 789, 753, 630, 438
918, 2101, 937, 2101, 28048160, 5, 15, 388, 176, 57, 1499, 2098, 759, 579, 240, 880, 388
918, 2101, 989, 2101, 28048160, 2, 15, 579, 176, 57, 1499, 2098, 759, 579, 240, 880, 388
918, 2101, 1050, 2101, 28048160, 1, 15, 759, 176, 57, 1499, 2098, 759, 579, 240, 880, 388
1050, 2101, 1078, 2101, 28048574, 5, 16, 880, 759, 57, 1499, 2098, 42, 240, 26, 939, 880
1050, 2101, 1116, 2101, 28048575, 4, 16, 939, 759, 57, 1499, 2098, 42, 240, 26, 939, 880
1050, 2101, 1153, 2098, 28048575, 2, 16, 240, 759, 57, 1499, 2098, 42, 240, 26, 939, 880
1050, 2101, 1173, 2098, 28048575, 1, 16, 42, 759, 57, 1499, 2098, 42, 240, 26, 939, 880
1050, 2101, 1224, 2098, 28048575, 3, 16, 26, 759, 57, 1499, 2098, 42, 240, 26, 939, 880
487, 1498, 563, 1498, 28050775, 4, 10, 429, 628, 57, 1499, 2098, 715, 575, 221, 429, 494
487, 1498, 584, 1498, 28050775, 3, 10, 221, 628, 57, 1499, 2098, 715, 575, 221, 429, 494
487, 1498, 601, 1418, 28050775, 5, 10, 494, 628, 57, 1499, 2098, 715, 575, 221, 429, 494
898, 1339, 901, 1452, 28051769, 5, 12, 195, 793, 57, 1499, 2098, 764, 630, 958, 893, 195
898, 1339, 968, 1498, 28051770, 3, 12, 958, 793, 57, 1499, 2098, 764, 630, 958, 893, 195
1062, 1798, 1183, 1798, 28052134, 5, 15, 128, 665, 57, 1499, 2098, 392, 163, 182, 41, 128
1062, 1798, 1198, 1823, 28052134, 4, 15, 41, 665, 57, 1499, 2098, 392, 163, 182, 41, 128
1062, 1798, 1198, 1868, 28052134, 1, 15, 392, 665, 57, 1499, 2098, 392, 163, 182, 41, 128
1198, 1868, 1198, 1911, 28052509, 4, 16, 640, 392, 57, 1499, 2098, 419, 197, 17, 640, 529
1198, 1868, 1298, 1801, 28052510, 5, 16, 529, 392, 57, 1499, 2098, 419, 197, 17, 640, 529
1198, 1868, 1201, 2059, 28052510, 2, 16, 197, 392, 57, 1499, 2098, 419, 197, 17, 640, 529
1198, 1868, 1201, 2079, 28052510, 3, 16, 17, 392, 57, 1499, 2098, 419, 197, 17, 640, 529
301, 1788, 325, 1798, 28054775, 3, 10, 108, 132, 57, 1499, 2098, 822, 507, 108, 687, 177
301, 1788, 325, 1801, 28054775, 5, 10, 177, 132, 57, 1499, 2098, 822, 507, 108, 687, 177
301, 1788, 364, 1801, 28054775, 2, 10, 507, 132, 57, 1499, 2098, 822, 507, 108, 687, 177
301, 1788, 425, 1801, 28054776, 4, 10, 687, 132, 57, 1499, 2098, 822, 507, 108, 687, 177
301, 1788, 298, 1962, 28054776, 1, 10, 822, 132, 57, 1499, 2098, 822, 507, 108, 687, 177
680, 1501, 756, 1501, 28054976, 5, 11, 850, 333, 57, 1499, 2098, 583, 927, 501, 707, 850
680, 1501, 786, 1498, 28054976, 4, 11, 707, 333, 57, 1499, 2098, 583, 927, 501, 707, 850
680, 1501, 806, 1501, 28054976, 2, 11, 927, 333, 57, 1499, 2098, 583, 927, 501, 707, 850
680, 1501, 823, 1498, 28054976, 3, 11, 501, 333, 57, 1499, 2098, 583, 927, 501, 707, 850
298, 1962, 301, 2090, 28055216, 5, 11, 226, 822, 57, 1499, 2098, 687, 39, 507, 445, 226
298, 1962, 368, 2101, 28055216, 4, 11, 445, 822, 57, 1499, 2098, 687, 39, 507, 445, 226
298, 1962, 364, 1801, 28055216, 3, 11, 507, 822, 57, 1499, 2098, 687, 39, 507, 445, 226
298, 1962, 425, 1801, 28055217, 1, 11, 687, 822, 57, 1499, 2098, 687, 39, 507, 445, 226
425, 1801, 551, 1798, 28055618, 4, 12, 280, 687, 57, 1499, 2098, 686, 110, 101, 280, 304
425, 1801, 591, 1798, 28055618, 3, 12, 101, 687, 57, 1499, 2098, 686, 110, 101, 280, 304
425, 1801, 598, 1817, 28055618, 5, 12, 304, 687, 57, 1499, 2098, 686, 110, 101, 280, 304
898, 1640, 901, 1773, 28056080, 4, 13, 205, 753, 57, 1499, 2098, 839, 75, 30, 205, 159
898, 1640, 900, 1793, 28056080, 2, 13, 75, 753, 57, 1499, 2098, 839, 75, 30, 205, 159
806, 1501, 898, 1584, 28059177, 4, 12, 583, 927, 57, 1499, 2098, 871, 750, 884, 583, 947
806, 1501, 901, 1581, 28059177, 5, 12, 947, 927, 57, 1499, 2098, 871, 750, 884, 583, 947
806, 1501, 901, 1619, 28059177, 3, 12, 884, 927, 57, 1499, 2098, 871, 750, 884, 583, 947
900, 1793, 898, 1860, 28060281, 4, 14, 423, 75, 57, 1499, 2098, 839, 665, 644, 423, 646
900, 1793, 1041, 1798, 28060281, 1, 14, 839, 75, 57, 1499, 2098, 839, 665, 644, 423, 646
900, 1793, 1063, 1798, 28060281, 2, 14, 665, 75, 57, 1499, 2098, 839, 665, 644, 423, 646
1041, 1798, 1063, 1798, 28060591, 5, 15, 665, 839, 57, 1499, 2098, 41, 128, 271, 461, 665
1041, 1798, 1107, 1798, 28060591, 4, 15, 461, 839, 57, 1499, 2098, 41, 128, 271, 461, 665
1041, 1798, 1128, 1798, 28060591, 3, 15, 271, 839, 57, 1499, 2098, 41, 128, 271, 461, 665
1041, 1798, 1183, 1798, 28060591, 2, 15, 128, 839, 57, 1499, 2098, 41, 128, 271, 461, 665
1041, 1798, 1198, 1823, 28060591, 1, 15, 41, 839, 57, 1499, 2098, 41, 128, 271, 461, 665
1198, 1823, 1198, 1868, 28060954, 3, 16, 392, 41, 57, 1499, 2098, 419, 640, 392, 163, 334
1198, 1823, 1252, 1801, 28060954, 4, 16, 163, 41, 57, 1499, 2098, 419, 640, 392, 163, 334
1198, 1823, 1277, 1801, 28060954, 5, 16, 334, 41, 57, 1499, 2098, 419, 640, 392, 163, 334
1198, 1823, 1198, 1911, 28060954, 2, 16, 640, 41, 57, 1499, 2098, 419, 640, 392, 163, 334
325, 1798, 364, 1801, 28062975, 2, 11, 507, 108, 57, 1499, 2098, 687, 507, 549, 477, 280
325, 1798, 425, 1801, 28062976, 1, 11, 687, 108, 57, 1499, 2098, 687, 507, 549, 477, 280
425, 1801, 551, 1798, 28063338, 4, 12, 280, 687, 57, 1499, 2098, 686, 110, 101, 280, 304
425, 1801, 598, 1817, 28063338, 5, 12, 304, 687, 57, 1499, 2098, 686, 110, 101, 280, 304
364, 1801, 425, 1801, 28063635, 4, 12, 687, 507, 57, 1499, 2098, 280, 477, 101, 687, 837
591, 1798, 682, 1801, 28063818, 2, 13, 532, 101, 57, 1499, 2098, 853, 532, 837, 921, 832
591, 1798, 601, 1939, 28063819, 3, 13, 837, 101, 57, 1499, 2098, 853, 532, 837, 921, 832
591, 1798, 598, 1943, 28063819, 5, 13, 832, 101, 57, 1499, 2098, 853, 532, 837, 921, 832
591, 1798, 765, 1801, 28063819, 1, 13, 853, 101, 57, 1499, 2098, 853, 532, 837, 921, 832
765, 1801, 872, 1798, 28064116, 5, 14, 159, 853, 57, 1499, 2098, 231, 75, 205, 646, 159
765, 1801, 898, 1837, 28064116, 1, 14, 231, 853, 57, 1499, 2098, 231, 75, 205, 646, 159
765, 1801, 901, 1774, 28064116, 3, 14, 205, 853, 57, 1499, 2098, 231, 75, 205, 646, 159
898, 1837, 966, 1801, 28064387, 2, 15, 500, 231, 57, 1499, 2098, 646, 500, 839, 665, 383
898, 1837, 1041, 1798, 28064388, 3, 15, 839, 231, 57, 1499, 2098, 646, 500, 839, 665, 383
898, 1837, 1063, 1798, 28064388, 4, 15, 665, 231, 57, 1499, 2098, 646, 500, 839, 665, 383
901, 1619, 898, 1679, 28067377, 5, 13, 871, 884, 57, 1499, 2098, 500, 30, 338, 572, 871
901, 1619, 901, 1702, 28067377, 4, 13, 572, 884, 57, 1499, 2098, 500, 30, 338, 572, 871
901, 1619, 869, 1801, 28067377, 2, 13, 30, 884, 57, 1499, 2098, 500, 30, 338, 572, 871
901, 1619, 852, 1798, 28067377, 3, 13, 338, 884, 57, 1499, 2098, 500, 30, 338, 572, 871
368, 2101, 407, 2101, 28067417, 3, 12, 632, 445, 57, 1499, 2098, 171, 329, 632, 618, 10000000
901, 1452, 990, 1501, 28067970, 5, 13, 438, 195, 57, 1499, 2098, 898, 789, 753, 630, 438
901, 1452, 1011, 1501, 28067970, 4, 13, 630, 195, 57, 1499, 2098, 898, 789, 753, 630, 438
901, 1452, 1036, 1501, 28067970, 2, 13, 789, 195, 57, 1499, 2098, 898, 789, 753, 630, 438
901, 1452, 1081, 1501, 28067970, 1, 13, 898, 195, 57, 1499, 2098, 898, 789, 753, 630, 438
901, 1452, 898, 1639, 28067970, 3, 13, 753, 195, 57, 1499, 2098, 898, 789, 753, 630, 438
1081, 1501, 1191, 1498, 28068384, 5, 14, 84, 898, 57, 1499, 2098, 887, 755, 978, 431, 84
1081, 1501, 1241, 1498, 28068384, 3, 14, 978, 898, 57, 1499, 2098, 887, 755, 978, 431, 84
1081, 1501, 1201, 1619, 28068385, 1, 14, 887, 898, 57, 1499, 2098, 887, 755, 978, 431, 84
1081, 1501, 1201, 1648, 28068385, 2, 14, 755, 898, 57, 1499, 2098, 887, 755, 978, 431, 84
966, 1801, 1041, 1798, 28068588, 4, 16, 839, 500, 57, 1499, 2098, 271, 461, 665, 839, 128
966, 1801, 1063, 1798, 28068588, 3, 16, 665, 500, 57, 1499, 2098, 271, 461, 665, 839, 128
966, 1801, 1108, 1798, 28068588, 2, 16, 461, 500, 57, 1499, 2098, 271, 461, 665, 839, 128
1201, 1619, 1198, 1639, 28068656, 5, 15, 807, 887, 57, 1499, 2098, 66, 395, 573, 199, 807
1201, 1619, 1201, 1702, 28068656, 3, 15, 573, 887, 57, 1499, 2098, 66, 395, 573, 199, 807
1201, 1619, 1201, 1751, 28068656, 2, 15, 395, 887, 57, 1499, 2098, 66, 395, 573, 199, 807
869, 1801, 898, 1860, 28071577, 4, 14, 423, 30, 57, 1499, 2098, 665, 646, 839, 423, 644
869, 1801, 898, 1932, 28071578, 5, 14, 644, 30, 57, 1499, 2098, 665, 646, 839, 423, 644
601, 1939, 661, 1801, 28072019, 3, 14, 352, 837, 57, 1499, 2098, 728, 532, 352, 471, 137
601, 1939, 601, 2091, 28072019, 5, 14, 137, 837, 57, 1499, 2098, 728, 532, 352, 471, 137
601, 1939, 682, 1801, 28072019, 2, 14, 532, 837, 57, 1499, 2098, 728, 532, 352, 471, 137
898, 1860, 898, 1932, 28072481, 4, 15, 644, 423, 57, 1499, 2098, 839, 646, 383, 644, 180
898, 1860, 901, 1995, 28072481, 2, 15, 646, 423, 57, 1499, 2098, 839, 646, 383, 644, 180
1201, 1751, 1252, 1801, 28072856, 5, 16, 163, 395, 57, 1499, 2098, 640, 392, 182, 334, 163
1201, 1751, 1276, 1801, 28072856, 4, 16, 334, 395, 57, 1499, 2098, 640, 392, 182, 334, 163
1201, 1751, 1198, 1844, 28072856, 3, 16, 182, 395, 57, 1499, 2098, 640, 392, 182, 334, 163
425, 1801, 552, 1798, 28075836, 4, 13, 280, 687, 57, 1499, 2098, 686, 110, 101, 280, 304
682, 1801, 765, 1801, 28076219, 4, 15, 853, 532, 57, 1499, 2098, 423, 338, 530, 853, 30
682, 1801, 852, 1798, 28076220, 2, 15, 338, 532, 57, 1499, 2098, 423, 338, 530, 853, 30
1241, 1498, 1198, 1549, 28076585, 5, 15, 431, 978, 57, 1499, 2098, 807, 887, 755, 876, 431
1241, 1498, 1330, 1498, 28076585, 4, 15, 876, 978, 57, 1499, 2098, 807, 887, 755, 876, 431
1241, 1498, 1201, 1620, 28076585, 2, 15, 887, 978, 57, 1499, 2098, 807, 887, 755, 876, 431
901, 1995, 917, 2101, 28076682, 4, 16, 176, 646, 57, 1499, 2098, 880, 579, 839, 176, 388
901, 1995, 937, 2101, 28076682, 5, 16, 388, 646, 57, 1499, 2098, 880, 579, 839, 176, 388
901, 1995, 989, 2101, 28076682, 2, 16, 579, 646, 57, 1499, 2098, 880, 579, 839, 176, 388
852, 1798, 910, 1801, 28080420, 5, 16, 314, 338, 57, 1499, 2098, 500, 644, 423, 231, 314
852, 1798, 898, 1836, 28080420, 4, 16, 231, 338, 57, 1499, 2098, 500, 644, 423, 231, 314
852, 1798, 898, 1860, 28080420, 3, 16, 423, 338, 57, 1499, 2098, 500, 644, 423, 231, 314
852, 1798, 966, 1801, 28080420, 1, 16, 500, 338, 57, 1499, 2098, 500, 644, 423, 231, 314
852, 1798, 898, 1932, 28080420, 2, 16, 644, 338, 57, 1499, 2098, 500, 644, 423, 231, 314
1201, 1620, 1198, 1639, 28080785, 5, 16, 807, 887, 57, 1499, 2098, 66, 395, 573, 199, 807
1201, 1620, 1201, 1702, 28080785, 3, 16, 573, 887, 57, 1499, 2098, 66, 395, 573, 199, 807
1201, 1620, 1201, 1751, 28080785, 2, 16, 395, 887, 57, 1499, 2098, 66, 395, 573, 199, 807
552, 1798, 598, 1894, 28088036, 5, 14, 686, 280, 57, 1499, 2098, 728, 532, 352, 837, 686
552, 1798, 661, 1801, 28088036, 3, 14, 352, 280, 57, 1499, 2098, 728, 532, 352, 837, 686
552, 1798, 682, 1801, 28088036, 2, 14, 532, 280, 57, 1499, 2098, 728, 532, 352, 837, 686
601, 2091, 686, 2101, 28088219, 4, 15, 309, 137, 57, 1499, 2098, 618, 699, 471, 309, 370
601, 2091, 706, 2101, 28088219, 3, 15, 471, 137, 57, 1499, 2098, 618, 699, 471, 309, 370
601, 2091, 755, 2101, 28088220, 2, 15, 699, 137, 57, 1499, 2098, 618, 699, 471, 309, 370
682, 1801, 765, 1801, 28092236, 4, 15, 853, 532, 57, 1499, 2098, 423, 338, 530, 853, 30
682, 1801, 810, 1798, 28092236, 3, 15, 530, 532, 57, 1499, 2098, 423, 338, 530, 853, 30
755, 2101, 886, 2098, 28092420, 3, 16, 85, 699, 57, 1499, 2098, 176, 180, 85, 179, 48
755, 2101, 901, 2091, 28092420, 5, 16, 48, 699, 57, 1499, 2098, 176, 180, 85, 179, 48
755, 2101, 901, 2076, 28092420, 2, 16, 180, 699, 57, 1499, 2098, 176, 180, 85, 179, 48
810, 1798, 900, 1793, 28100783, 4, 16, 75, 530, 57, 1499, 2098, 423, 231, 314, 75, 205
810, 1798, 901, 1774, 28100783, 5, 16, 205, 530, 57, 1499, 2098, 423, 231, 314, 75, 205
810, 1798, 898, 1836, 28100783, 2, 16, 231, 530, 57, 1499, 2098, 423, 231, 314, 75, 205
810, 1798, 910, 1801, 28100783, 3, 16, 314, 530, 57, 1499, 2098, 423, 231, 314, 75, 205
810, 1798, 898, 1860, 28100783, 1, 16, 423, 530, 57, 1499, 2098, 423, 231, 314, 75, 205
1200, 1794, 1189, 1798, 29000200, 5, 1, 128, 66, 433, 1, 1435, 634, 807, 755, 573, 128
1200, 1794, 1201, 1715, 29000200, 4, 1, 573, 66, 433, 1, 1435, 634, 807, 755, 573, 128
1200, 1794, 1201, 1659, 29000200, 3, 1, 755, 66, 433, 1, 1435, 634, 807, 755, 573, 128
1200, 1794, 1198, 1628, 29000200, 2, 1, 807, 66, 433, 1, 1435, 634, 807, 755, 573, 128
1201, 1715, 1201, 1633, 29012400, 4, 2, 887, 573, 433, 1, 1435, 898, 431, 789, 887, 807
1201, 1715, 1198, 1628, 29012400, 5, 2, 807, 573, 433, 1, 1435, 898, 431, 789, 887, 807
1189, 1798, 1138, 1798, 29016400, 4, 2, 271, 128, 433, 1, 1435, 839, 461, 500, 271, 665
1189, 1798, 1118, 1798, 29016400, 2, 2, 461, 128, 433, 1, 1435, 839, 461, 500, 271, 665
1189, 1798, 1073, 1798, 29016400, 5, 2, 665, 128, 433, 1, 1435, 839, 461, 500, 271, 665
1189, 1798, 1051, 1798, 29016400, 1, 2, 839, 128, 433, 1, 1435, 839, 461, 500, 271, 665
1051, 1798, 901, 1781, 29016659, 4, 3, 205, 839, 433, 1, 1435, 30, 75, 871, 205, 314
1051, 1798, 858, 1801, 29016659, 1, 3, 30, 839, 433, 1, 1435, 30, 75, 871, 205, 314
858, 1801, 822, 1798, 29016917, 3, 4, 530, 30, 433, 1, 1435, 728, 853, 530, 750, 532
858, 1801, 753, 1801, 29016917, 2, 4, 853, 30, 433, 1, 1435, 728, 853, 530, 750, 532
858, 1801, 713, 1801, 29016917, 1, 4, 728, 30, 433, 1, 1435, 728, 853, 530, 750, 532
713, 1801, 600, 1794, 29017293, 3, 5, 110, 728, 433, 1, 1435, 513, 101, 110, 304, 469
713, 1801, 598, 1803, 29017293, 4, 5, 304, 728, 433, 1, 1435, 513, 101, 110, 304, 469
713, 1801, 598, 1843, 29017293, 5, 5, 469, 728, 433, 1, 1435, 513, 101, 110, 304, 469
1201, 1633, 1181, 1498, 29024600, 5, 3, 214, 887, 433, 1, 1435, 898, 789, 404, 84, 214
1201, 1633, 1070, 1501, 29024601, 1, 3, 898, 887, 433, 1, 1435, 898, 789, 404, 84, 214
1070, 1501, 1038, 1498, 29024885, 4, 4, 893, 898, 433, 1, 1435, 3, 438, 630, 893, 789
1070, 1501, 1024, 1501, 29024885, 5, 4, 789, 898, 433, 1, 1435, 3, 438, 630, 893, 789
1070, 1501, 1000, 1501, 29024885, 3, 4, 630, 898, 433, 1, 1435, 3, 438, 630, 893, 789
1070, 1501, 980, 1501, 29024885, 2, 4, 438, 898, 433, 1, 1435, 3, 438, 630, 893, 789
600, 1794, 564, 1798, 29025493, 3, 6, 280, 110, 433, 1, 1435, 715, 477, 280, 513, 372
600, 1794, 541, 1798, 29025493, 2, 6, 477, 110, 433, 1, 1435, 715, 477, 280, 513, 372
600, 1794, 601, 1735, 29025493, 4, 6, 513, 110, 433, 1, 1435, 715, 477, 280, 513, 372
980, 1501, 908, 1501, 29029085, 3, 5, 149, 438, 433, 1, 1435, 194, 583, 149, 947, 753
980, 1501, 898, 1508, 29029085, 1, 5, 194, 438, 433, 1, 1435, 194, 583, 149, 947, 753
980, 1501, 898, 1569, 29029085, 2, 5, 583, 438, 433, 1, 1435, 194, 583, 149, 947, 753
980, 1501, 901, 1596, 29029085, 4, 5, 947, 438, 433, 1, 1435, 194, 583, 149, 947, 753
898, 1508, 837, 1501, 29029632, 4, 6, 969, 194, 433, 1, 1435, 850, 927, 501, 969, 669
898, 1508, 836, 1498, 29029632, 3, 6, 501, 194, 433, 1, 1435, 850, 927, 501, 969, 669
898, 1508, 794, 1501, 29029632, 2, 6, 927, 194, 433, 1, 1435, 850, 927, 501, 969, 669
898, 1508, 742, 1501, 29029632, 1, 6, 850, 194, 433, 1, 1435, 850, 927, 501, 969, 669
541, 1798, 413, 1801, 29029693, 1, 7, 687, 477, 433, 1, 1435, 687, 177, 507, 86, 132
541, 1798, 351, 1801, 29029693, 3, 7, 507, 477, 433, 1, 1435, 687, 177, 507, 86, 132
742, 1501, 690, 1501, 29029955, 3, 7, 525, 850, 433, 1, 1435, 210, 318, 525, 161, 333
742, 1501, 669, 1501, 29029955, 5, 7, 333, 850, 433, 1, 1435, 210, 318, 525, 161, 333
413, 1801, 298, 1782, 29030147, 5, 8, 295, 687, 433, 1, 1435, 796, 279, 308, 132, 295
413, 1801, 280, 1798, 29030147, 3, 8, 308, 687, 433, 1, 1435, 796, 279, 308, 132, 295
601, 1735, 598, 1613, 29037693, 2, 7, 715, 513, 433, 1, 1435, 372, 715, 210, 575, 221
601, 1735, 598, 1569, 29037693, 4, 7, 575, 513, 433, 1, 1435, 372, 715, 210, 575, 221
690, 1501, 598, 1521, 29038156, 3, 8, 210, 525, 433, 1, 1435, 429, 494, 210, 835, 575
690, 1501, 601, 1431, 29038156, 2, 8, 494, 525, 433, 1, 1435, 429, 494, 210, 835, 575
690, 1501, 598, 1569, 29038156, 5, 8, 575, 525, 433, 1, 1435, 429, 494, 210, 835, 575
690, 1501, 574, 1498, 29038156, 1, 8, 429, 525, 433, 1, 1435, 429, 494, 210, 835, 575
280, 1798, 180, 1798, 29038347, 2, 9, 681, 308, 433, 1, 1435, 819, 681, 607, 774, 426
280, 1798, 157, 1798, 29038347, 1, 9, 819, 308, 433, 1, 1435, 819, 681, 607, 774, 426
280, 1798, 128, 1801, 29038347, 4, 9, 774, 308, 433, 1, 1435, 819, 681, 607, 774, 426
280, 1798, 85, 1801, 29038347, 3, 9, 607, 308, 433, 1, 1435, 819, 681, 607, 774, 426
574, 1498, 499, 1498, 29038453, 3, 9, 628, 429, 433, 1, 1435, 783, 902, 628, 554, 739
574, 1498, 476, 1498, 29038453, 1, 9, 783, 429, 433, 1, 1435, 783, 902, 628, 554, 739
574, 1498, 436, 1498, 29038453, 2, 9, 902, 429, 433, 1, 1435, 783, 902, 628, 554, 739
574, 1498, 418, 1501, 29038453, 5, 9, 739, 429, 433, 1, 1435, 783, 902, 628, 554, 739
157, 1798, -1, 1723, 29038723, 1, 10, 964, 819, 433, 1, 1435, 964, 821, 918, 983, 141
157, 1798, -1, 1693, 29038723, 3, 10, 918, 819, 433, 1, 1435, 964, 821, 918, 983, 141
476, 1498, 436, 1498, 29038724, 5, 10, 902, 783, 433, 1, 1435, 175, 554, 104, 966, 902
-1, 1723, -1, 1693, 29039150, 3, 11, 918, 964, 433, 1, 1435, 677, 821, 918, 484, 297
-1, 1723, -1, 1646, 29039150, 2, 11, 821, 964, 433, 1, 1435, 677, 821, 918, 484, 297
-1, 1723, -1, 1616, 29039150, 1, 11, 677, 964, 433, 1, 1435, 677, 821, 918, 484, 297
-1, 1616, -1, 1521, 29039603, 5, 12, 297, 677, 433, 1, 1435, 433, 223, 100, 330, 297
-1, 1616, 31, 1501, 29039603, 4, 12, 330, 677, 433, 1, 1435, 433, 223, 100, 330, 297
-1, 1616, 1, 1492, 29039603, 2, 12, 223, 677, 433, 1, 1435, 433, 223, 100, 330, 297
-1, 1616, 1, 1448, 29039603, 433, 12, 433, 677, 433, 1, 1435, 433, 223, 100, 330, 297
1, 1492, 1, 1448, 29043803, 433, 13, 433, 223, 433, 1, 1435, 433, 606, 931, 856, 10000000
1, 1401, 1, 1448, 29048004, 433, 14, 433, 606, 433, 1, 1435, 433, 10000000, 10000000, 10000000, 10000000
184, 1501, 1, 1448, 29051850, 433, 12, 433, 922, 433, 1, 1435, 433, 516, 484, 711, 842
1, 1402, 1, 1449, 29068250, 433, 14, 433, 606, 433, 1, 1435, 433, 10000000, 10000000, 10000000, 10000000
146, 1501, 1, 1449, 29079703, 433, 14, 433, 842, 433, 1, 1435, 433, 775, 173, 100, 297
1, 1378, 1, 1449, 29083903, 433, 15, 433, 775, 433, 1, 1435, 433, 606, 931, 223, 10000000
1, 1402, 1, 1449, 29088103, 433, 16, 433, 606, 433, 1, 1435, 433, 10000000, 10000000, 10000000, 10000000
