source_x,source_y,recv_x,recv_y,time,recv_priority,hopcount,recv_id,source_id,destination_id,destination_x,destination_y,pri_1,pri_2,pri_3,pri_4,pri_5,pri_recover
15, -1, 109, 1, 10300200, 3, 1, 38, 241, 16, 514, 601, 285, 243, 38, 278, 212, 0
109, 1, 201, 12, 10308730, 4, 2, 278, 38, 16, 514, 601, 243, 285, 212, 278, 7, 0
109, 1, 212, -1, 10308730, 2, 2, 285, 38, 16, 514, 601, 243, 285, 212, 278, 7, 0
109, 1, 219, -1, 10308730, 1, 2, 243, 38, 16, 514, 601, 243, 285, 212, 278, 7, 0
109, 1, 280, -1, 10308730, 5, 2, 7, 38, 16, 514, 601, 243, 285, 212, 278, 7, 0
219, -1, 201, 12, 10309260, 1, 3, 278, 243, 16, 514, 601, 278, 212, 150, 5, 98, 0
219, -1, 201, 18, 10309260, 2, 3, 212, 243, 16, 514, 601, 278, 212, 150, 5, 98, 0
201, 12, 201, 49, 10309790, 4, 4, 117, 278, 16, 514, 601, 60, 98, 240, 117, 7, 0
201, 12, 201, 76, 10309790, 2, 4, 98, 278, 16, 514, 601, 60, 98, 240, 117, 7, 0
201, 12, 198, 105, 10309791, 1, 4, 60, 278, 16, 514, 601, 60, 98, 240, 117, 7, 0
198, 105, 201, 212, 10310321, 3, 5, 267, 60, 16, 514, 601, 23, 126, 267, 226, 215, 0
198, 105, 201, 218, 10310321, 4, 5, 226, 60, 16, 514, 601, 23, 126, 267, 226, 215, 0
198, 105, 201, 245, 10310321, 2, 5, 126, 60, 16, 514, 601, 23, 126, 267, 226, 215, 0
201, 245, 201, 285, 10314851, 3, 6, 23, 126, 16, 514, 601, 265, 13, 23, 174, 259, 0
201, 245, 198, 315, 10314851, 2, 6, 13, 126, 16, 514, 601, 265, 13, 23, 174, 259, 0
201, 245, 198, 351, 10314851, 4, 6, 174, 126, 16, 514, 601, 265, 13, 23, 174, 259, 0
201, 245, 198, 387, 10314852, 5, 6, 259, 126, 16, 514, 601, 265, 13, 23, 174, 259, 0
198, 315, 198, 387, 10319382, 4, 7, 259, 13, 16, 514, 601, 254, 265, 65, 259, 186, 0
198, 315, 201, 412, 10319382, 2, 7, 265, 13, 16, 514, 601, 254, 265, 65, 259, 186, 0
198, 315, 201, 419, 10319382, 1, 7, 254, 13, 16, 514, 601, 254, 265, 65, 259, 186, 0
201, 419, 201, 446, 10319912, 4, 8, 186, 254, 16, 514, 601, 45, 65, 172, 186, 251, 0
201, 419, 219, 398, 10319912, 5, 8, 251, 254, 16, 514, 601, 45, 65, 172, 186, 251, 0
201, 419, 248, 398, 10319912, 3, 8, 172, 254, 16, 514, 601, 45, 65, 172, 186, 251, 0
201, 419, 201, 486, 10319912, 2, 8, 65, 254, 16, 514, 601, 45, 65, 172, 186, 251, 0
201, 486, 201, 646, 10324442, 2, 9, 191, 65, 16, 514, 601, 67, 191, 10000000, 10000000, 10000000, 0
201, 486, 201, 690, 10324443, 1, 9, 67, 65, 16, 514, 601, 67, 191, 10000000, 10000000, 10000000, 0
201, 690, 201, 646, 10324973, 2, 10, 191, 67, 16, 514, 601, 107, 191, 10000000, 10000000, 10000000, 0
248, 398, 282, 398, 10328442, 2, 9, 45, 172, 16, 514, 601, 18, 45, 162, 255, 24, 0
248, 398, 311, 401, 10328442, 1, 9, 18, 172, 16, 514, 601, 18, 45, 162, 255, 24, 0
248, 398, 354, 401, 10328442, 3, 9, 162, 172, 16, 514, 601, 18, 45, 162, 255, 24, 0
311, 401, 401, 416, 10328972, 4, 10, 255, 18, 16, 514, 601, 160, 24, 198, 255, 256, 0
401, 416, 401, 431, 10341502, 2, 11, 198, 255, 16, 514, 601, 104, 198, 24, 160, 79, 0
401, 416, 445, 398, 10341502, 4, 11, 160, 255, 16, 514, 601, 104, 198, 24, 160, 79, 0
401, 416, 401, 467, 10341502, 1, 11, 104, 255, 16, 514, 601, 104, 198, 24, 160, 79, 0
401, 431, 401, 468, 10346032, 1, 12, 104, 198, 16, 514, 601, 104, 148, 79, 10000000, 10000000, 0
445, 398, 486, 398, 10354033, 2, 12, 24, 160, 16, 514, 601, 104, 24, 138, 198, 53, 0
445, 398, 516, 401, 10354033, 5, 12, 53, 160, 16, 514, 601, 104, 24, 138, 198, 53, 0
486, 398, 516, 401, 10358563, 2, 13, 53, 24, 16, 514, 601, 104, 53, 138, 10000000, 10000000, 0
486, 398, 554, 401, 10358563, 3, 13, 138, 24, 16, 514, 601, 104, 53, 138, 10000000, 10000000, 0
198, 173, 201, 257, 11300200, 4, 1, 126, 240, 94, 801, 688, 174, 23, 153, 126, 27, 0
198, 173, 201, 298, 11300200, 2, 1, 23, 240, 94, 801, 688, 174, 23, 153, 126, 27, 0
201, 298, 198, 337, 11304730, 3, 2, 174, 23, 94, 801, 688, 259, 265, 174, 206, 254, 0
201, 298, 198, 371, 11304730, 4, 2, 206, 23, 94, 801, 688, 259, 265, 174, 206, 254, 0
201, 298, 198, 387, 11304730, 1, 2, 259, 23, 94, 801, 688, 259, 265, 174, 206, 254, 0
201, 298, 201, 412, 11304730, 2, 2, 265, 23, 94, 801, 688, 259, 265, 174, 206, 254, 0
201, 298, 201, 425, 11304730, 5, 2, 254, 23, 94, 801, 688, 259, 265, 174, 206, 254, 0
198, 387, 226, 398, 11305260, 5, 3, 251, 259, 94, 801, 688, 45, 172, 65, 186, 251, 0
198, 387, 260, 398, 11305260, 2, 3, 172, 259, 94, 801, 688, 45, 172, 65, 186, 251, 0
198, 387, 201, 459, 11305260, 4, 3, 186, 259, 94, 801, 688, 45, 172, 65, 186, 251, 0
198, 387, 201, 499, 11305261, 3, 3, 65, 259, 94, 801, 688, 45, 172, 65, 186, 251, 0
260, 398, 296, 398, 11309791, 1, 4, 45, 172, 94, 801, 688, 45, 18, 162, 255, 198, 0
260, 398, 298, 401, 11309791, 2, 4, 18, 172, 94, 801, 688, 45, 18, 162, 255, 198, 0
260, 398, 345, 401, 11309791, 3, 4, 162, 172, 94, 801, 688, 45, 18, 162, 255, 198, 0
296, 398, 298, 401, 11310321, 4, 5, 18, 45, 94, 801, 688, 160, 255, 162, 18, 198, 0
296, 398, 345, 401, 11310321, 3, 5, 162, 45, 94, 801, 688, 160, 255, 162, 18, 198, 0
296, 398, 456, 398, 11310321, 1, 5, 160, 45, 94, 801, 688, 160, 255, 162, 18, 198, 0
456, 398, 499, 398, 11310851, 2, 6, 24, 160, 94, 801, 688, 138, 24, 53, 114, 35, 0
456, 398, 504, 401, 11310851, 3, 6, 53, 160, 94, 801, 688, 138, 24, 53, 114, 35, 0
456, 398, 543, 401, 11310851, 1, 6, 138, 160, 94, 801, 688, 138, 24, 53, 114, 35, 0
543, 401, 655, 398, 11311382, 3, 7, 114, 138, 94, 801, 688, 35, 21, 114, 211, 81, 0
543, 401, 695, 398, 11311382, 1, 7, 35, 138, 94, 801, 688, 35, 21, 114, 211, 81, 0
695, 398, 705, 401, 11311912, 4, 8, 81, 35, 94, 801, 688, 260, 118, 211, 81, 21, 0
695, 398, 746, 401, 11311912, 2, 8, 118, 35, 94, 801, 688, 260, 118, 211, 81, 21, 0
695, 398, 773, 401, 11311912, 3, 8, 211, 35, 94, 801, 688, 260, 118, 211, 81, 21, 0
695, 398, 787, 401, 11311912, 1, 8, 260, 35, 94, 801, 688, 260, 118, 211, 81, 21, 0
787, 401, 798, 541, 11312443, 2, 9, 140, 260, 94, 801, 688, 87, 140, 10000000, 10000000, 10000000, 0
201, 499, 201, 705, 11313791, 1, 4, 67, 65, 94, 801, 688, 67, 191, 172, 45, 10000000, 0
798, 541, 787, 601, 11316973, 4, 10, 273, 140, 94, 801, 688, 94, 125, 238, 273, 228, 0
798, 541, 801, 625, 11316973, 3, 10, 238, 140, 94, 801, 688, 94, 125, 238, 273, 228, 0
798, 541, 801, 660, 11316973, 2, 10, 125, 140, 94, 801, 688, 94, 125, 238, 273, 228, 0
801, 660, 801, 692, 11321503, 94, 11, 94, 125, 94, 801, 688, 94, 37, 10000000, 10000000, 10000000, 0
1, 276, -1, 290, 12300200, 4, 1, 64, 170, 19, 598, 686, 168, 32, 56, 64, 197, 0
1, 276, 1, 313, 12300200, 2, 1, 32, 170, 19, 598, 686, 168, 32, 56, 64, 197, 0
1, 276, -1, 335, 12300200, 1, 1, 168, 170, 19, 598, 686, 168, 32, 56, 64, 197, 0
-1, 335, -1, 565, 12300730, 2, 2, 245, 168, 19, 598, 686, 43, 245, 110, 50, 10000000, 0
-1, 565, 1, 674, 12305261, 4, 3, 157, 245, 19, 598, 686, 34, 236, 128, 157, 28, 0
-1, 565, 1, 712, 12305261, 5, 3, 28, 245, 19, 598, 686, 34, 236, 128, 157, 28, 0
201, 110, 198, 155, 13300200, 5, 1, 240, 98, 228, 770, 601, 13, 267, 226, 126, 240, 0
201, 110, 201, 221, 13300200, 2, 1, 267, 98, 228, 770, 601, 13, 267, 226, 126, 240, 0
201, 110, 201, 242, 13300200, 3, 1, 226, 98, 228, 770, 601, 13, 267, 226, 126, 240, 0
201, 110, 198, 273, 13300200, 1, 1, 13, 98, 228, 770, 601, 13, 267, 226, 126, 240, 0
201, 110, 201, 286, 13300200, 4, 1, 126, 98, 228, 770, 601, 13, 267, 226, 126, 240, 0
198, 273, 201, 419, 13300731, 1, 2, 265, 13, 228, 770, 601, 265, 239, 251, 186, 254, 0
198, 273, 201, 444, 13300731, 5, 2, 254, 13, 228, 770, 601, 265, 239, 251, 186, 254, 0
201, 419, 246, 398, 13301261, 3, 3, 251, 265, 228, 770, 601, 172, 45, 251, 65, 186, 0
201, 419, 201, 486, 13301261, 5, 3, 186, 265, 228, 770, 601, 172, 45, 251, 65, 186, 0
246, 398, 271, 401, 13309791, 4, 4, 18, 251, 228, 770, 601, 162, 45, 172, 18, 198, 0
246, 398, 289, 398, 13309791, 3, 4, 172, 251, 228, 770, 601, 162, 45, 172, 18, 198, 0
246, 398, 321, 398, 13309791, 2, 4, 45, 251, 228, 770, 601, 162, 45, 172, 18, 198, 0
246, 398, 326, 401, 13309791, 1, 4, 162, 251, 228, 770, 601, 162, 45, 172, 18, 198, 0
326, 401, 479, 398, 13310321, 2, 5, 160, 162, 228, 770, 601, 24, 160, 255, 198, 256, 0
326, 401, 525, 398, 13310322, 1, 5, 24, 162, 228, 770, 601, 24, 160, 255, 198, 256, 0
525, 398, 681, 401, 13310852, 1, 6, 81, 24, 228, 770, 601, 81, 114, 35, 10000000, 10000000, 0
681, 401, 720, 398, 13311382, 4, 7, 35, 81, 228, 770, 601, 260, 211, 118, 35, 10000000, 0
681, 401, 720, 401, 13311382, 3, 7, 118, 81, 228, 770, 601, 260, 211, 118, 35, 10000000, 0
681, 401, 756, 401, 13311382, 2, 7, 211, 81, 228, 770, 601, 260, 211, 118, 35, 10000000, 0
681, 401, 781, 401, 13311382, 1, 7, 260, 81, 228, 770, 601, 260, 211, 118, 35, 10000000, 0
781, 401, 798, 478, 13311913, 1, 8, 87, 260, 228, 770, 601, 87, 140, 10000000, 10000000, 10000000, 0
798, 478, 798, 518, 13312443, 3, 9, 140, 87, 228, 770, 601, 273, 238, 140, 37, 228, 0
201, 486, 201, 526, 13317791, 3, 4, 65, 186, 228, 770, 601, 45, 172, 65, 10000000, 10000000, 0
798, 518, 801, 643, 13320973, 3, 10, 238, 140, 228, 770, 601, 273, 228, 238, 137, 37, 0
801, 643, 780, 601, 13329503, 1, 11, 273, 238, 228, 770, 601, 273, 228, 137, 84, 10000000, 0
801, 643, 758, 601, 13329503, 228, 11, 228, 238, 228, 770, 601, 273, 228, 137, 84, 10000000, 0
93, 198, 109, 201, 14300200, 5, 1, 123, 197, 140, 798, 511, 71, 267, 215, 56, 123, 0
93, 198, 142, 198, 14300200, 4, 1, 56, 197, 140, 798, 511, 71, 267, 215, 56, 123, 0
93, 198, 145, 201, 14300200, 3, 1, 215, 197, 140, 798, 511, 71, 267, 215, 56, 123, 0
145, 201, 201, 229, 14308730, 5, 2, 267, 215, 140, 798, 511, 27, 153, 71, 226, 267, 0
145, 201, 293, 198, 14308730, 2, 2, 153, 215, 140, 798, 511, 27, 153, 71, 226, 267, 0
293, 198, 341, 198, 14313260, 5, 3, 27, 153, 140, 798, 511, 49, 221, 268, 264, 27, 0
293, 198, 374, 201, 14313260, 4, 3, 264, 153, 140, 798, 511, 49, 221, 268, 264, 27, 0
293, 198, 428, 198, 14313261, 3, 3, 268, 153, 140, 798, 511, 49, 221, 268, 264, 27, 0
293, 198, 454, 198, 14313261, 2, 3, 221, 153, 140, 798, 511, 49, 221, 268, 264, 27, 0
293, 198, 466, 201, 14313261, 1, 3, 49, 153, 140, 798, 511, 49, 221, 268, 264, 27, 0
466, 201, 547, 201, 14313791, 3, 4, 216, 49, 140, 798, 511, 131, 266, 216, 88, 86, 0
466, 201, 554, 198, 14313791, 4, 4, 88, 49, 140, 798, 511, 131, 266, 216, 88, 86, 0
466, 201, 571, 201, 14313791, 2, 4, 266, 49, 140, 798, 511, 131, 266, 216, 88, 86, 0
571, 201, 660, 201, 14318321, 4, 5, 86, 266, 140, 798, 511, 102, 194, 131, 86, 209, 0
571, 201, 696, 198, 14318322, 3, 5, 131, 266, 140, 798, 511, 102, 194, 131, 86, 209, 0
201, 229, 198, 338, 14325260, 5, 3, 206, 267, 140, 798, 511, 259, 265, 254, 153, 206, 0
201, 229, 198, 375, 14325260, 1, 3, 259, 267, 140, 798, 511, 259, 265, 254, 153, 206, 0
198, 375, 201, 500, 14325791, 4, 4, 186, 259, 140, 798, 511, 172, 251, 45, 186, 65, 0
198, 375, 201, 539, 14325791, 5, 4, 65, 259, 140, 798, 511, 172, 251, 45, 186, 65, 0
696, 198, 710, 201, 14326852, 5, 6, 194, 131, 140, 798, 511, 274, 44, 102, 270, 194, 0
696, 198, 737, 198, 14326852, 3, 6, 102, 131, 140, 798, 511, 274, 44, 102, 270, 194, 0
696, 198, 828, 198, 14326852, 4, 6, 270, 131, 140, 798, 511, 274, 44, 102, 270, 194, 0
341, 198, 413, 198, 14329791, 5, 4, 292, 27, 140, 798, 511, 116, 221, 268, 49, 292, 0
341, 198, 428, 198, 14329791, 3, 4, 268, 27, 140, 798, 511, 116, 221, 268, 49, 292, 0
341, 198, 455, 198, 14329791, 2, 4, 221, 27, 140, 798, 511, 116, 221, 268, 49, 292, 0
341, 198, 466, 201, 14329791, 4, 4, 49, 27, 140, 798, 511, 116, 221, 268, 49, 292, 0
455, 198, 497, 201, 14334321, 5, 5, 116, 221, 140, 798, 511, 88, 112, 216, 266, 116, 0
455, 198, 505, 198, 14334321, 2, 5, 112, 221, 140, 798, 511, 88, 112, 216, 266, 116, 0
455, 198, 547, 201, 14334321, 3, 5, 216, 221, 140, 798, 511, 88, 112, 216, 266, 116, 0
455, 198, 554, 198, 14334321, 1, 5, 88, 221, 140, 798, 511, 88, 112, 216, 266, 116, 0
455, 198, 571, 201, 14334321, 4, 5, 266, 221, 140, 798, 511, 88, 112, 216, 266, 116, 0
554, 198, 696, 198, 14334852, 5, 6, 131, 88, 140, 798, 511, 249, 102, 194, 86, 131, 0
554, 198, 737, 198, 14334852, 2, 6, 102, 88, 140, 798, 511, 249, 102, 194, 86, 131, 0
554, 198, 739, 201, 14334852, 1, 6, 249, 88, 140, 798, 511, 249, 102, 194, 86, 131, 0
710, 201, 812, 198, 14343382, 1, 7, 295, 194, 140, 798, 511, 295, 120, 227, 274, 58, 0
812, 198, 801, 225, 14343912, 5, 8, 274, 295, 140, 798, 511, 120, 40, 227, 58, 274, 0
812, 198, 801, 257, 14343912, 3, 8, 227, 295, 140, 798, 511, 120, 40, 227, 58, 274, 0
801, 257, 798, 274, 14352442, 3, 9, 40, 227, 140, 798, 511, 58, 120, 40, 10000000, 10000000, 0
801, 257, 801, 303, 14352442, 2, 9, 120, 227, 140, 798, 511, 58, 120, 40, 10000000, 10000000, 0
801, 257, 801, 351, 14352442, 1, 9, 58, 227, 140, 798, 511, 58, 120, 40, 10000000, 10000000, 0
801, 351, 798, 465, 14352973, 2, 10, 87, 58, 140, 798, 511, 140, 87, 10000000, 10000000, 10000000, 0
801, 351, 798, 507, 14352973, 140, 10, 140, 58, 140, 798, 511, 140, 87, 10000000, 10000000, 10000000, 0
44, 201, 105, 198, 15300200, 4, 1, 197, 17, 175, 698, 798, 56, 267, 215, 197, 240, 0
44, 201, 132, 201, 15300200, 3, 1, 215, 17, 175, 698, 798, 56, 267, 215, 197, 240, 0
44, 201, 156, 198, 15300200, 1, 1, 56, 17, 175, 698, 798, 56, 267, 215, 197, 240, 0
156, 198, 201, 239, 15300730, 2, 2, 267, 56, 175, 698, 798, 178, 267, 153, 71, 27, 0
156, 198, 265, 201, 15300730, 4, 2, 71, 56, 175, 698, 798, 178, 267, 153, 71, 27, 0
156, 198, 290, 201, 15300730, 1, 2, 178, 56, 175, 698, 798, 178, 267, 153, 71, 27, 0
156, 198, 307, 198, 15300730, 3, 2, 153, 56, 175, 698, 798, 178, 267, 153, 71, 27, 0
290, 201, 366, 201, 15301261, 5, 3, 264, 178, 175, 698, 798, 292, 280, 221, 268, 264, 0
290, 201, 416, 198, 15301261, 1, 3, 292, 178, 175, 698, 798, 292, 280, 221, 268, 264, 0
290, 201, 438, 198, 15301261, 4, 3, 268, 178, 175, 698, 798, 292, 280, 221, 268, 264, 0
290, 201, 467, 198, 15301261, 3, 3, 221, 178, 175, 698, 798, 292, 280, 221, 268, 264, 0
416, 198, 483, 201, 15301791, 3, 4, 116, 292, 175, 698, 798, 111, 112, 116, 88, 41, 0
201, 239, 201, 266, 15305260, 5, 3, 226, 267, 175, 698, 798, 23, 206, 126, 174, 226, 0
201, 239, 198, 281, 15305260, 4, 3, 174, 267, 175, 698, 798, 23, 206, 126, 174, 226, 0
201, 239, 201, 315, 15305260, 3, 3, 126, 267, 175, 698, 798, 23, 206, 126, 174, 226, 0
201, 239, 198, 326, 15305260, 2, 3, 206, 267, 175, 698, 798, 23, 206, 126, 174, 226, 0
201, 239, 201, 352, 15305260, 1, 3, 23, 267, 175, 698, 798, 23, 206, 126, 174, 226, 0
201, 352, 198, 368, 15305791, 5, 4, 259, 23, 175, 698, 798, 254, 265, 186, 65, 259, 0
201, 352, 201, 432, 15305791, 2, 4, 265, 23, 175, 698, 798, 254, 265, 186, 65, 259, 0
201, 352, 201, 469, 15305791, 1, 4, 254, 23, 175, 698, 798, 254, 265, 186, 65, 259, 0
201, 352, 201, 513, 15305791, 3, 4, 186, 23, 175, 698, 798, 254, 265, 186, 65, 259, 0
201, 469, 201, 513, 15306321, 2, 5, 186, 254, 175, 698, 798, 65, 186, 45, 172, 251, 0
201, 469, 201, 553, 15306321, 1, 5, 65, 254, 175, 698, 798, 65, 186, 45, 172, 251, 0
201, 553, 198, 639, 15306851, 1, 6, 10, 65, 175, 698, 798, 10, 191, 172, 10000000, 10000000, 0
198, 639, 201, 714, 15307382, 3, 7, 191, 10, 175, 698, 798, 67, 59, 191, 279, 223, 0
198, 639, 201, 763, 15307382, 1, 7, 67, 10, 175, 698, 798, 67, 59, 191, 279, 223, 0
483, 201, 518, 198, 15310321, 5, 5, 112, 116, 175, 698, 798, 266, 88, 131, 216, 112, 0
483, 201, 534, 201, 15310321, 4, 5, 216, 116, 175, 698, 798, 266, 88, 131, 216, 112, 0
483, 201, 562, 201, 15310321, 1, 5, 266, 116, 175, 698, 798, 266, 88, 131, 216, 112, 0
483, 201, 568, 198, 15310321, 2, 5, 88, 116, 175, 698, 798, 266, 88, 131, 216, 112, 0
562, 201, 646, 201, 15310852, 5, 6, 86, 266, 175, 698, 798, 227, 274, 187, 194, 86, 0
562, 201, 700, 201, 15310852, 4, 6, 194, 266, 175, 698, 798, 227, 274, 187, 194, 86, 0
201, 278, 198, 313, 16300200, 5, 1, 206, 226, 69, 801, 963, 23, 126, 259, 265, 206, 0
201, 278, 201, 329, 16300200, 2, 1, 126, 226, 69, 801, 963, 23, 126, 259, 265, 206, 0
201, 278, 198, 359, 16300200, 3, 1, 259, 226, 69, 801, 963, 23, 126, 259, 265, 206, 0
201, 278, 201, 365, 16300200, 1, 1, 23, 226, 69, 801, 963, 23, 126, 259, 265, 206, 0
201, 278, 201, 441, 16300200, 4, 1, 265, 226, 69, 801, 963, 23, 126, 259, 265, 206, 0
201, 365, 201, 441, 16300730, 2, 2, 265, 23, 69, 801, 963, 254, 265, 186, 65, 10000000, 0
201, 365, 201, 483, 16300730, 1, 2, 254, 23, 69, 801, 963, 254, 265, 186, 65, 10000000, 0
201, 483, 201, 527, 16301260, 2, 3, 186, 254, 69, 801, 963, 65, 186, 45, 172, 251, 0
201, 483, 201, 567, 16301260, 1, 3, 65, 254, 69, 801, 963, 65, 186, 45, 172, 251, 0
201, 567, 198, 625, 16301791, 1, 4, 10, 65, 69, 801, 963, 10, 191, 10000000, 10000000, 10000000, 0
201, 567, 201, 728, 16301791, 2, 4, 191, 65, 69, 801, 963, 10, 191, 10000000, 10000000, 10000000, 0
198, 625, 201, 728, 16302321, 2, 5, 191, 10, 69, 801, 963, 67, 191, 248, 59, 223, 0
198, 625, 201, 776, 16302321, 1, 5, 67, 10, 69, 801, 963, 67, 191, 248, 59, 223, 0
201, 776, 198, 840, 16302851, 5, 6, 59, 67, 69, 801, 963, 223, 279, 173, 166, 59, 0
201, 776, 201, 843, 16302851, 2, 6, 279, 67, 69, 801, 963, 223, 279, 173, 166, 59, 0
201, 776, 198, 873, 16302851, 4, 6, 166, 67, 69, 801, 963, 223, 279, 173, 166, 59, 0
201, 776, 201, 882, 16302852, 1, 6, 223, 67, 69, 801, 963, 223, 279, 173, 166, 59, 0
201, 882, 201, 929, 16303382, 4, 7, 173, 223, 69, 801, 963, 248, 130, 55, 173, 3, 0
201, 882, 201, 954, 16303382, 3, 7, 55, 223, 69, 801, 963, 248, 130, 55, 173, 3, 0
98, 198, 104, 201, 17300200, 4, 1, 215, 207, 33, 443, 801, 56, 267, 197, 215, 170, 0
98, 198, 128, 198, 17300200, 3, 1, 197, 207, 33, 443, 801, 56, 267, 197, 215, 170, 0
98, 198, 182, 198, 17300200, 1, 1, 56, 207, 33, 443, 801, 56, 267, 197, 215, 170, 0
182, 198, 198, 254, 17300730, 2, 2, 174, 56, 33, 443, 801, 267, 174, 264, 218, 178, 0
182, 198, 201, 265, 17300730, 1, 2, 267, 56, 33, 443, 801, 267, 174, 264, 218, 178, 0
182, 198, 265, 201, 17300730, 5, 2, 178, 56, 33, 443, 801, 267, 174, 264, 218, 178, 0
182, 198, 304, 201, 17300730, 4, 2, 218, 56, 33, 443, 801, 267, 174, 264, 218, 178, 0
201, 265, 201, 291, 17301260, 4, 3, 226, 267, 33, 443, 801, 23, 126, 206, 226, 265, 0
201, 265, 198, 300, 17301260, 3, 3, 206, 267, 33, 443, 801, 23, 126, 206, 226, 265, 0
201, 265, 201, 343, 17301260, 2, 3, 126, 267, 33, 443, 801, 23, 126, 206, 226, 265, 0
201, 265, 201, 377, 17301260, 1, 3, 23, 267, 33, 443, 801, 23, 126, 206, 226, 265, 0
201, 377, 218, 401, 17301790, 4, 4, 18, 23, 33, 443, 801, 254, 265, 186, 18, 65, 0
201, 377, 201, 452, 17301791, 2, 4, 265, 23, 33, 443, 801, 254, 265, 186, 18, 65, 0
201, 377, 201, 496, 17301791, 1, 4, 254, 23, 33, 443, 801, 254, 265, 186, 18, 65, 0
201, 496, 201, 541, 17302321, 3, 5, 186, 254, 33, 443, 801, 65, 10, 186, 10000000, 10000000, 0
201, 496, 201, 581, 17302321, 1, 5, 65, 254, 33, 443, 801, 65, 10, 186, 10000000, 10000000, 0
201, 496, 198, 611, 17302321, 2, 5, 10, 254, 33, 443, 801, 65, 10, 186, 10000000, 10000000, 0
201, 581, 198, 611, 17302851, 1, 6, 10, 65, 33, 443, 801, 10, 191, 10000000, 10000000, 10000000, 0
198, 611, 226, 601, 17303381, 5, 7, 20, 10, 33, 443, 801, 67, 191, 248, 279, 20, 0
198, 611, 201, 742, 17303382, 2, 7, 191, 10, 33, 443, 801, 67, 191, 248, 279, 20, 0
201, 742, 201, 786, 17307912, 1, 8, 67, 191, 33, 443, 801, 67, 59, 279, 10000000, 10000000, 0
201, 742, 201, 855, 17307912, 3, 8, 279, 191, 33, 443, 801, 67, 59, 279, 10000000, 10000000, 0
201, 786, 221, 801, 17308442, 1, 9, 95, 67, 33, 443, 801, 95, 107, 10000000, 10000000, 10000000, 0
221, 801, 306, 801, 17308972, 5, 10, 204, 95, 33, 443, 801, 288, 3, 258, 130, 204, 0
221, 801, 334, 798, 17308972, 4, 10, 130, 95, 33, 443, 801, 288, 3, 258, 130, 204, 0
221, 801, 342, 801, 17308972, 3, 10, 258, 95, 33, 443, 801, 288, 3, 258, 130, 204, 0
221, 801, 373, 801, 17308972, 1, 10, 288, 95, 33, 443, 801, 288, 3, 258, 130, 204, 0
221, 801, 374, 798, 17308972, 2, 10, 3, 95, 33, 443, 801, 288, 3, 258, 130, 204, 0
373, 801, 401, 774, 17309502, 3, 11, 79, 288, 33, 443, 801, 33, 135, 79, 52, 234, 0
373, 801, 398, 835, 17309502, 4, 11, 52, 288, 33, 443, 801, 33, 135, 79, 52, 234, 0
373, 801, 440, 801, 17309503, 33, 11, 33, 288, 33, 443, 801, 33, 135, 79, 52, 234, 0
56, 201, 110, 198, 18300200, 4, 1, 207, 123, 213, 598, 698, 56, 71, 197, 207, 267, 0
56, 201, 140, 198, 18300200, 3, 1, 197, 123, 213, 598, 698, 56, 71, 197, 207, 267, 0
140, 198, 189, 198, 18308730, 5, 2, 56, 197, 213, 598, 698, 218, 178, 71, 13, 56, 0
140, 198, 198, 209, 18308730, 4, 2, 13, 197, 213, 598, 698, 218, 178, 71, 13, 56, 0
140, 198, 230, 201, 18308730, 3, 2, 71, 197, 213, 598, 698, 218, 178, 71, 13, 56, 0
140, 198, 252, 201, 18308730, 2, 2, 178, 197, 213, 598, 698, 218, 178, 71, 13, 56, 0
252, 201, 389, 198, 18313261, 5, 3, 27, 178, 213, 598, 698, 221, 268, 292, 49, 27, 0
389, 198, 398, 281, 18329791, 2, 4, 201, 27, 213, 598, 698, 256, 201, 47, 216, 268, 0
389, 198, 474, 198, 18329791, 5, 4, 268, 27, 213, 598, 698, 256, 201, 47, 216, 268, 0
389, 198, 494, 201, 18329791, 4, 4, 216, 27, 213, 598, 698, 256, 201, 47, 216, 268, 0
389, 198, 398, 314, 18329791, 1, 4, 256, 27, 213, 598, 698, 256, 201, 47, 216, 268, 0
398, 314, 401, 390, 18330321, 4, 5, 41, 256, 213, 598, 698, 255, 198, 104, 41, 160, 0
398, 314, 401, 529, 18330322, 2, 5, 198, 256, 213, 598, 698, 255, 198, 104, 41, 160, 0
401, 529, 401, 561, 18334852, 3, 6, 104, 198, 213, 598, 698, 148, 108, 104, 16, 10000000, 0
401, 529, 410, 601, 18334852, 4, 6, 16, 198, 213, 598, 698, 148, 108, 104, 16, 10000000, 0
401, 529, 398, 620, 18334852, 2, 6, 108, 198, 213, 598, 698, 148, 108, 104, 16, 10000000, 0
398, 620, 410, 601, 18339382, 2, 7, 16, 108, 213, 598, 698, 148, 16, 10000000, 10000000, 10000000, 0
494, 201, 527, 201, 18342321, 4, 5, 266, 216, 213, 598, 698, 88, 86, 112, 266, 194, 0
494, 201, 561, 198, 18342321, 3, 5, 112, 216, 213, 598, 698, 88, 86, 112, 266, 194, 0
494, 201, 592, 199, 18342321, 1, 5, 88, 216, 213, 598, 698, 88, 86, 112, 266, 194, 0
494, 201, 667, 201, 18342322, 5, 5, 194, 216, 213, 598, 698, 88, 86, 112, 266, 194, 0
592, 199, 598, 213, 18342851, 2, 6, 47, 88, 213, 598, 698, 187, 47, 86, 10000000, 10000000, 0
592, 199, 611, 201, 18342851, 3, 6, 86, 88, 213, 598, 698, 187, 47, 86, 10000000, 10000000, 0
592, 199, 598, 253, 18342851, 1, 6, 187, 88, 213, 598, 698, 187, 47, 86, 10000000, 10000000, 0
410, 601, 459, 601, 18343912, 4, 8, 167, 16, 213, 598, 698, 90, 156, 96, 167, 287, 0
459, 601, 565, 598, 18356443, 3, 9, 156, 167, 213, 598, 698, 19, 96, 156, 90, 250, 0
565, 598, 586, 598, 18364973, 3, 10, 96, 156, 213, 598, 698, 19, 90, 96, 10000000, 10000000, 0
565, 598, 598, 605, 18364973, 1, 10, 19, 156, 213, 598, 698, 19, 90, 96, 10000000, 10000000, 0
565, 598, 611, 601, 18364973, 2, 10, 90, 156, 213, 598, 698, 19, 90, 96, 10000000, 10000000, 0
598, 605, 598, 660, 18365503, 2, 11, 185, 19, 213, 598, 698, 213, 185, 263, 4, 296, 0
598, 605, 598, 682, 18365503, 213, 11, 213, 19, 213, 598, 698, 213, 185, 263, 4, 296, 0
201, 111, 201, 178, 19300200, 4, 1, 98, 212, 135, 442, 801, 267, 174, 56, 98, 13, 0
201, 111, 192, 198, 19300200, 3, 1, 56, 212, 135, 442, 801, 267, 174, 56, 98, 13, 0
201, 111, 199, 204, 19300200, 5, 1, 13, 212, 135, 442, 801, 267, 174, 56, 98, 13, 0
201, 111, 198, 228, 19300200, 2, 1, 174, 212, 135, 442, 801, 267, 174, 56, 98, 13, 0
201, 111, 201, 292, 19300200, 1, 1, 267, 212, 135, 442, 801, 267, 174, 56, 98, 13, 0
201, 292, 201, 317, 19300730, 4, 2, 226, 267, 135, 442, 801, 18, 23, 126, 226, 265, 0
201, 292, 201, 371, 19300730, 3, 2, 126, 267, 135, 442, 801, 18, 23, 126, 226, 265, 0
201, 292, 201, 392, 19300730, 2, 2, 23, 267, 135, 442, 801, 18, 23, 126, 226, 265, 0
201, 292, 208, 401, 19300730, 1, 2, 18, 267, 135, 442, 801, 18, 23, 126, 226, 265, 0
208, 401, 201, 479, 19301261, 4, 3, 265, 18, 135, 442, 801, 186, 254, 41, 265, 45, 0
208, 401, 201, 568, 19301261, 1, 3, 186, 18, 135, 442, 801, 186, 254, 41, 265, 45, 0
208, 401, 391, 398, 19301261, 5, 3, 45, 18, 135, 442, 801, 186, 254, 41, 265, 45, 0
201, 568, 198, 582, 19301791, 5, 4, 10, 186, 135, 442, 801, 191, 20, 65, 34, 10, 0
201, 568, 210, 601, 19301791, 2, 4, 20, 186, 135, 442, 801, 191, 20, 65, 34, 10, 0
201, 568, 183, 598, 19301791, 4, 4, 34, 186, 135, 442, 801, 191, 20, 65, 34, 10, 0
201, 568, 201, 609, 19301791, 3, 4, 65, 186, 135, 442, 801, 191, 20, 65, 34, 10, 0
210, 601, 406, 600, 19306322, 4, 5, 16, 20, 135, 442, 801, 107, 156, 96, 16, 10000000, 0
391, 398, 401, 403, 19317791, 3, 4, 41, 45, 135, 442, 801, 104, 198, 41, 138, 255, 0
391, 398, 435, 401, 19317791, 4, 4, 138, 45, 135, 442, 801, 104, 198, 41, 138, 255, 0
391, 398, 401, 514, 19317791, 5, 4, 255, 45, 135, 442, 801, 104, 198, 41, 138, 255, 0
391, 398, 401, 542, 19317792, 2, 4, 198, 45, 135, 442, 801, 104, 198, 41, 138, 255, 0
391, 398, 401, 573, 19317792, 1, 4, 104, 45, 135, 442, 801, 104, 198, 41, 138, 255, 0
401, 573, 406, 600, 19318322, 2, 5, 16, 104, 135, 442, 801, 108, 16, 107, 148, 79, 0
401, 573, 387, 598, 19318322, 3, 5, 107, 104, 135, 442, 801, 108, 16, 107, 148, 79, 0
401, 573, 398, 608, 19318322, 1, 5, 108, 104, 135, 442, 801, 108, 16, 107, 148, 79, 0
401, 573, 401, 749, 19318322, 4, 5, 148, 104, 135, 442, 801, 108, 16, 107, 148, 79, 0
406, 600, 448, 601, 19318852, 3, 6, 167, 16, 135, 442, 801, 148, 108, 167, 10000000, 10000000, 0
387, 598, 398, 607, 19326852, 2, 6, 108, 107, 135, 442, 801, 148, 108, 167, 16, 10000000, 0
387, 598, 406, 600, 19326852, 4, 6, 16, 107, 135, 442, 801, 148, 108, 167, 16, 10000000, 0
387, 598, 448, 601, 19326852, 3, 6, 167, 107, 135, 442, 801, 148, 108, 167, 16, 10000000, 0
387, 598, 401, 749, 19326852, 1, 6, 148, 107, 135, 442, 801, 148, 108, 167, 16, 10000000, 0
448, 601, 398, 607, 19327382, 1, 7, 108, 167, 135, 442, 801, 108, 10000000, 10000000, 10000000, 10000000, 0
401, 749, 389, 798, 19327382, 4, 7, 3, 148, 135, 442, 801, 79, 52, 163, 3, 10000000, 0
401, 749, 401, 800, 19327382, 1, 7, 79, 148, 135, 442, 801, 79, 52, 163, 3, 10000000, 0
401, 749, 398, 810, 19327382, 2, 7, 52, 148, 135, 442, 801, 79, 52, 163, 3, 10000000, 0
401, 749, 398, 845, 19327383, 3, 7, 163, 148, 135, 442, 801, 79, 52, 163, 3, 10000000, 0
401, 800, 417, 801, 19327912, 2, 8, 33, 79, 135, 442, 801, 135, 33, 234, 10000000, 10000000, 0
401, 800, 438, 801, 19327913, 135, 8, 135, 79, 135, 442, 801, 135, 33, 234, 10000000, 10000000, 0
