source_id,source_x,source_y,time,hop,pri_1_id,pri_2_id,pri_3_id,pri_4_id,pri_5_id,pri_1_r,pri_2_r,pri_3_r,pri_4_r,pri_5_r,des_id,inter_1id ,inter_2id ,inter_3id ,inter_4id ,inter_5id ,send_log
132, 201, 244, 10299999, 1, 299, 305, 399, 193, 23, 0.916736, 0.757727, 0.646528, 0.796755, 1, 171, 0, 1, 1, 0, 0, 1
23, 201, 284, 10300200, 2, 363, 305, 386, 366, 399, 0.931092, 0.860461, 0.687316, 0.646493, 0.538762, 171, 1, 1, 1, 1, 1, 0
193, 198, 351, 10300200, 2, 65, 336, 363, 205, 386, 1, 1, 0.972722, 1, 1, 171, 0, 1, 1, 0, 1, 0
305, 198, 387, 10300200, 2, 65, 188, 45, 205, 274, 1, 1, 0.863595, 1, 1, 171, 0, 0, 0, 0, 0, 1
399, 198, 387, 10300200, 2, 65, 45, 188, 205, 274, 1, 0.863595, 0.972873, 1, 1, 171, 0, 0, 0, 0, 0, 0
274, 219, 398, 10304622, 3, 45, 188, 18, 65, 395, 0.971081, 1, 0.644916, 0.859999, 0.479164, 171, 0, 0, 0, 0, 1, 0
188, 248, 398, 10304622, 3, 372, 278, 168, 45, 335, 1, 0.797089, 0.756169, 0.971081, 0.647338, 171, 1, 0, 0, 0, 1, 1
205, 201, 446, 10304622, 3, 210, 222, 65, 188, 113, 0.783207, 0.861742, 1, 0.864363, 0.603206, 171, 0, 0, 0, 0, 0, 0
65, 201, 485, 10304622, 3, 210, 276, 222, 113, 45, 0.758084, 0.697129, 0.635248, 0.723848, 0.431591, 171, 0, 0, 0, 0, 0, 1
113, 198, 532, 10305044, 4, 295, 67, 210, 276, 107, 0.190059, 0.972433, 1, 0.968843, 0.644884, 171, 1, 0, 0, 0, 0, 0
222, 198, 564, 10305045, 4, 184, 246, 271, 136, 67, 0.120881, 0.137435, 0.189033, 0.188541, 1, 171, 1, 1, 1, 1, 0, 0
276, 201, 618, 10305045, 4, 324, 107, 67, 210, 295, 0.306352, 0.859845, 0.972433, 0.968347, 0.5513, 171, 1, 0, 0, 0, 0, 1
45, 283, 398, 10309044, 4, 300, 395, 278, 166, 372, 0.965662, 0.916091, 0.862223, 0.700646, 0.685716, 171, 1, 1, 0, 0, 1, 0
168, 354, 401, 10309044, 4, 24, 104, 166, 217, 279, 1, 0.971017, 1, 1, 1, 171, 0, 0, 0, 0, 0, 0
278, 379, 401, 10309045, 4, 351, 302, 372, 339, 335, 1, 0.971058, 1, 1, 1, 171, 1, 1, 1, 1, 1, 1
335, 387, 401, 10309045, 4, 347, 115, 372, 339, 24, 1, 1, 1, 1, 1, 171, 1, 0, 1, 1, 0, 0
210, 201, 645, 10309467, 5, 55, 107, 67, 10, 295, 0.215211, 0.752007, 0.971968, 0.795391, 0.725295, 171, 1, 0, 0, 0, 0, 0
67, 201, 691, 10309467, 5, 246, 107, 324, 295, 178, 0.908954, 0.429718, 0.845428, 0.949498, 0.647777, 171, 0, 1, 1, 0, 0, 1
295, 198, 780, 10309467, 5, 136, 3, 271, 324, 246, 0.967922, 0.752974, 1, 1, 1, 171, 0, 0, 0, 1, 0, 0
335, 387, 401, 10313467, 5, 347, 115, 372, 339, 24, 1, 1, 1, 1, 1, 171, 1, 0, 1, 1, 0, 0
351, 398, 387, 10313467, 5, 24, 104, 166, 217, 115, 0.968761, 1, 1, 1, 0.697862, 171, 0, 0, 0, 0, 0, 1
302, 398, 387, 10313467, 5, 104, 166, 24, 217, 300, 1, 1, 0.861121, 1, 1, 171, 0, 0, 0, 0, 1, 0
339, 412, 398, 10313467, 5, 395, 388, 381, 349, 300, 1, 1, 1, 1, 1, 171, 1, 1, 1, 1, 1, 0
372, 412, 398, 10313467, 5, 144, 53, 24, 104, 166, 0.941544, 0.951488, 0.962707, 1, 1, 171, 0, 0, 0, 0, 0, 0
217, 401, 431, 10313889, 6, 115, 104, 24, 166, 79, 0.970881, 1, 0.753447, 0.969016, 0.436132, 171, 0, 0, 0, 0, 0, 0
166, 445, 398, 10313889, 6, 24, 53, 144, 286, 104, 1, 0.751986, 0.53935, 0.463929, 0.754841, 171, 0, 0, 0, 1, 0, 1
104, 401, 467, 10313889, 6, 115, 154, 10000000, 10000000, 10000000, 0.863005, 0.48303, 0, 0, 0, 171, 0, 0, 1, 1, 1, 1
178, 198, 757, 10317889, 6, 324, 271, 136, 3, 246, 1, 0.967616, 0.752147, 0.537352, 1, 171, 1, 1, 0, 0, 0, 0
295, 198, 780, 10317889, 6, 136, 3, 271, 324, 246, 0.967046, 0.752293, 1, 1, 1, 171, 0, 0, 0, 1, 0, 0
324, 201, 812, 10317889, 6, 3, 136, 271, 10000000, 10000000, 0.967234, 1, 1, 0, 0, 171, 0, 0, 0, 1, 1, 0
246, 201, 820, 10317889, 6, 136, 3, 271, 324, 10000000, 0.967046, 0.752293, 1, 1, 0, 171, 0, 0, 0, 1, 1, 1
115, 398, 533, 10318311, 7, 79, 154, 162, 96, 182, 0.967175, 1, 0.753573, 0.431436, 0.751948, 171, 0, 0, 0, 0, 0, 1
324, 201, 812, 10318311, 7, 3, 136, 271, 10000000, 10000000, 0.96719, 1, 1, 0, 0, 171, 0, 0, 0, 1, 1, 0
154, 401, 638, 10318311, 7, 31, 96, 108, 162, 79, 0.120611, 0.755013, 1, 0.861226, 1, 171, 1, 0, 0, 0, 0, 0
271, 220, 798, 10318312, 7, 95, 215, 352, 3, 136, 0.955061, 0.821586, 0.754576, 0.859724, 1, 171, 0, 0, 1, 0, 0, 1
154, 401, 638, 10318733, 8, 31, 96, 108, 162, 79, 0.120605, 0.754979, 1, 0.861187, 1, 171, 1, 0, 0, 0, 0, 0
79, 401, 680, 10318734, 8, 96, 108, 162, 177, 292, 0.53927, 1, 0.64589, 0.870752, 0.547666, 171, 0, 0, 1, 0, 0, 1
108, 398, 728, 10319156, 9, 181, 82, 292, 10000000, 10000000, 0.752902, 0.538036, 1, 0, 0, 171, 0, 0, 0, 1, 1, 1
24, 486, 398, 10322311, 7, 144, 286, 120, 53, 347, 1, 0.723761, 0.548283, 0.751306, 0.431338, 171, 0, 1, 0, 0, 1, 1
53, 515, 401, 10322311, 7, 35, 120, 286, 347, 179, 0.968749, 1, 1, 1, 0.861084, 171, 0, 0, 0, 1, 0, 0
144, 554, 401, 10322311, 7, 367, 179, 35, 21, 286, 1, 1, 1, 0.860962, 1, 171, 1, 0, 0, 0, 0, 0
53, 515, 401, 10322733, 8, 35, 120, 286, 347, 179, 0.968705, 1, 1, 1, 0.861044, 171, 0, 0, 0, 1, 0, 0
144, 554, 401, 10322733, 8, 367, 179, 35, 21, 286, 1, 1, 1, 0.860923, 1, 171, 1, 0, 0, 0, 0, 1
347, 601, 412, 10322733, 8, 85, 21, 332, 179, 35, 1, 1, 0.683916, 1, 0.968705, 171, 0, 0, 1, 0, 0, 0
120, 642, 398, 10322733, 8, 35, 367, 124, 81, 398, 0.968705, 0.754913, 0.757798, 0.751884, 0.685266, 171, 0, 1, 0, 0, 1, 0
286, 601, 419, 10323155, 9, 21, 332, 179, 130, 35, 1, 0.633982, 1, 0.635924, 0.861032, 171, 0, 1, 0, 0, 0, 0
179, 601, 445, 10323155, 9, 21, 332, 85, 243, 130, 1, 0.568634, 0.5372, 0.360877, 0.322546, 171, 0, 1, 0, 0, 0, 1
292, 401, 820, 10323578, 10, 82, 181, 10000000, 10000000, 10000000, 0.860448, 1, 0, 0, 0, 171, 0, 0, 1, 1, 1, 0
136, 247, 798, 10326734, 8, 215, 292, 3, 227, 352, 0.794386, 0.606322, 0.858947, 0.538436, 0.323097, 171, 0, 1, 0, 1, 1, 0
3, 276, 798, 10326734, 8, 292, 215, 352, 181, 227, 0.950409, 0.820639, 0.724502, 0.604964, 0.646123, 171, 1, 0, 1, 0, 1, 0
95, 318, 801, 10326734, 8, 82, 181, 292, 352, 304, 0.967676, 1, 1, 1, 1, 171, 0, 0, 0, 1, 1, 1
215, 354, 801, 10326734, 8, 82, 181, 292, 177, 352, 1, 1, 0.967334, 0.966262, 1, 171, 0, 0, 0, 0, 1, 0
304, 387, 801, 10327156, 9, 257, 82, 181, 141, 292, 1, 1, 1, 0.644105, 1, 171, 0, 0, 0, 0, 0, 0
352, 387, 801, 10327156, 9, 82, 33, 181, 317, 141, 1, 0.907767, 1, 0.606513, 0.601874, 171, 0, 0, 0, 1, 0, 0
21, 601, 488, 10327578, 10, 332, 130, 243, 186, 85, 1, 0.842002, 0.646343, 0.547596, 0.54806, 171, 1, 0, 0, 0, 0, 1
85, 598, 515, 10327578, 10, 4, 186, 332, 243, 273, 1, 1, 1, 1, 0.858645, 171, 0, 0, 1, 0, 1, 0
130, 598, 552, 10327578, 10, 4, 186, 19, 273, 128, 0.964906, 1, 0.903705, 0.965975, 0.8619, 171, 0, 0, 0, 1, 0, 0
243, 598, 580, 10327578, 10, 337, 4, 186, 128, 332, 1, 1, 1, 0.969638, 1, 171, 1, 0, 0, 0, 1, 0
332, 598, 587, 10327578, 10, 4, 128, 186, 19, 309, 1, 1, 1, 0.792655, 0.76502, 171, 0, 0, 0, 0, 1, 0
85, 598, 515, 10328000, 11, 4, 186, 332, 243, 273, 1, 1, 1, 1, 0.858606, 171, 0, 0, 1, 0, 1, 0
130, 598, 552, 10328000, 11, 4, 186, 19, 273, 128, 0.964862, 1, 0.903591, 0.965932, 0.861861, 171, 0, 0, 0, 1, 0, 0
243, 598, 580, 10328000, 11, 337, 4, 186, 128, 332, 1, 1, 1, 0.969593, 1, 171, 1, 0, 0, 0, 1, 0
332, 598, 587, 10328000, 11, 4, 128, 186, 19, 309, 1, 1, 1, 0.792602, 0.764773, 171, 0, 0, 0, 0, 1, 1
186, 601, 647, 10328000, 11, 309, 360, 393, 19, 4, 0.794333, 0.322775, 0.214447, 1, 1, 171, 1, 1, 1, 0, 0, 0
128, 642, 598, 10328422, 12, 371, 84, 90, 377, 261, 1, 1, 0.841103, 0.753007, 0.694093, 171, 1, 0, 0, 1, 1, 0
186, 601, 647, 10328422, 12, 309, 360, 393, 19, 4, 0.79428, 0.32276, 0.214437, 1, 1, 171, 1, 1, 1, 0, 0, 0
4, 601, 690, 10328422, 12, 309, 393, 360, 236, 204, 0.953136, 0.722174, 0.64552, 0.859752, 0.860646, 171, 1, 1, 1, 0, 0, 1
19, 598, 711, 10328422, 12, 360, 309, 393, 337, 240, 1, 1, 0.964968, 0.967739, 0.86067, 171, 1, 1, 1, 1, 1, 0
309, 598, 787, 10328423, 12, 6, 194, 240, 337, 248, 1, 1, 1, 0.967739, 0.23256, 171, 0, 0, 0, 1, 1, 0
204, 598, 752, 10328844, 13, 337, 240, 6, 194, 10000000, 1, 0.96821, 0.646519, 0.752727, 0, 171, 1, 1, 0, 0, 1, 0
236, 598, 778, 10328845, 13, 6, 194, 240, 337, 248, 0.862025, 0.967792, 1, 0.967695, 0.232537, 171, 0, 0, 0, 1, 1, 0
309, 598, 787, 10328845, 13, 6, 194, 240, 337, 248, 1, 1, 1, 0.967695, 0.232537, 171, 0, 0, 0, 1, 1, 1
360, 598, 787, 10328845, 13, 6, 194, 240, 337, 248, 1, 1, 1, 0.967695, 0.378154, 171, 0, 0, 0, 1, 1, 0
393, 598, 787, 10328845, 13, 6, 194, 240, 337, 236, 1, 1, 1, 0.967695, 1, 171, 0, 0, 0, 1, 0, 0
337, 612, 798, 10329267, 14, 301, 6, 194, 240, 223, 1, 1, 1, 1, 0.158924, 171, 1, 0, 0, 0, 1, 0
240, 618, 798, 10329267, 14, 6, 194, 211, 223, 10000000, 1, 1, 0.375391, 0.274697, 0, 171, 0, 0, 1, 1, 1, 0
194, 646, 798, 10329267, 14, 6, 301, 223, 248, 211, 1, 0.481771, 0.482321, 0.2404, 0.120278, 171, 0, 1, 1, 1, 1, 0
6, 685, 798, 10329267, 14, 301, 248, 223, 211, 133, 0.874654, 0.857844, 0.482321, 0.436261, 0.274034, 171, 1, 1, 0, 0, 1, 1
301, 812, 798, 10329689, 15, 297, 171, 10000000, 10000000, 10000000, 1, 1, 0, 0, 0, 171, 0, 0, 1, 1, 1, 1
223, 822, 798, 10329689, 15, 297, 171, 301, 10000000, 10000000, 1, 0.966663, 1, 0, 0, 171, 0, 0, 1, 1, 1, 0
297, 798, 777, 10330111, 16, 10000000, 10000000, 10000000, 10000000, 10000000, 0, 0, 0, 0, 0, 171, 1, 1, 1, 1, 1, 0
84, 685, 598, 10332844, 13, 318, 251, 261, 9, 371, 1, 0.962596, 0.755378, 1, 0.68625, 171, 1, 0, 1, 0, 1, 0
90, 712, 601, 10332844, 13, 261, 94, 371, 334, 131, 1, 0.753306, 1, 1, 0.858497, 171, 0, 0, 1, 1, 0, 0
377, 787, 601, 10332845, 13, 94, 131, 37, 297, 171, 1, 1, 0.68343, 0.604106, 0.600149, 171, 0, 0, 0, 0, 0, 0
251, 780, 601, 10337266, 14, 94, 131, 261, 37, 371, 1, 1, 1, 0.601618, 1, 171, 0, 0, 0, 0, 1, 0
318, 787, 601, 10337267, 14, 94, 131, 261, 297, 371, 1, 1, 1, 0.535612, 1, 171, 0, 0, 0, 1, 1, 0
371, 801, 612, 10337267, 14, 94, 248, 131, 37, 171, 1, 0.751923, 1, 0.601618, 0.479865, 171, 0, 1, 0, 0, 0, 0
9, 886, 598, 10337267, 14, 280, 377, 318, 371, 334, 0.858832, 1, 1, 0.967189, 0.959788, 171, 1, 1, 1, 1, 1, 0
371, 801, 612, 10337689, 15, 94, 248, 131, 37, 171, 1, 0.751685, 1, 0.601587, 0.479841, 171, 0, 1, 0, 0, 0, 0
261, 801, 621, 10337689, 15, 94, 37, 131, 171, 297, 1, 0.752508, 1, 0.536574, 0.42847, 171, 0, 0, 0, 0, 0, 0
131, 801, 640, 10337689, 15, 94, 171, 297, 37, 133, 1, 0.697518, 0.535588, 0.430004, 0.188357, 171, 0, 0, 0, 0, 1, 0
94, 801, 683, 10337689, 15, 171, 37, 297, 248, 133, 0.941859, 0.962539, 0.642705, 0.428535, 0.56507, 171, 0, 0, 0, 0, 0, 0
37, 798, 719, 10338111, 16, 297, 171, 301, 223, 10000000, 1, 1, 0.96457, 0.857651, 0, 171, 0, 0, 1, 1, 1, 0
297, 798, 777, 10338111, 16, 10000000, 10000000, 10000000, 10000000, 10000000, 0, 0, 0, 0, 0, 171, 1, 1, 1, 1, 1, 0
248, 801, 821, 10338111, 16, 297, 171, 301, 223, 37, 1, 1, 1, 1, 1, 171, 0, 0, 1, 0, 0, 0
181, 444, 798, 10339578, 10, 384, 358, 317, 82, 257, 0.843844, 0.819966, 0.749692, 1, 0.642476, 171, 1, 1, 1, 0, 0, 0
82, 484, 798, 10339578, 10, 337, 194, 257, 387, 141, 1, 0.924896, 1, 0.95099, 0.942125, 171, 1, 0, 0, 1, 0, 0
317, 587, 801, 10339579, 10, 6, 194, 240, 337, 236, 1, 1, 1, 0.966579, 1, 171, 0, 0, 0, 1, 0, 0
141, 551, 801, 10340001, 11, 6, 194, 240, 337, 393, 0.968614, 1, 1, 0.966535, 1, 171, 0, 0, 0, 1, 1, 0
257, 578, 801, 10340001, 11, 6, 194, 240, 337, 236, 1, 1, 1, 0.966535, 1, 171, 0, 0, 0, 1, 0, 0
387, 587, 801, 10340001, 11, 6, 194, 240, 337, 236, 1, 1, 1, 0.966535, 1, 171, 0, 0, 0, 1, 0, 0
337, 612, 798, 10340001, 11, 301, 6, 194, 240, 223, 1, 1, 1, 1, 0.158653, 171, 1, 0, 0, 0, 1, 0
194, 646, 798, 10340001, 11, 6, 301, 223, 248, 211, 1, 0.481149, 0.481698, 0.24009, 0.120123, 171, 0, 1, 1, 1, 1, 0
240, 618, 798, 10340423, 12, 6, 194, 211, 223, 10000000, 1, 1, 0.374606, 0.274277, 0, 171, 0, 0, 1, 1, 1, 0
194, 646, 798, 10340423, 12, 6, 301, 223, 248, 211, 1, 0.481124, 0.481673, 0.240078, 0.120117, 171, 0, 1, 1, 1, 1, 0
6, 686, 798, 10340423, 12, 301, 248, 223, 211, 133, 0.870407, 0.856819, 0.481673, 0.434148, 0.273616, 171, 1, 1, 0, 0, 1, 0
297, 798, 777, 10342533, 17, 10000000, 10000000, 10000000, 10000000, 10000000, 0, 0, 0, 0, 0, 171, 1, 1, 1, 1, 1, 0
301, 812, 798, 10344845, 13, 297, 171, 10000000, 10000000, 10000000, 1, 1, 0, 0, 0, 171, 0, 0, 1, 1, 1, 0
223, 822, 798, 10344846, 13, 297, 171, 301, 10000000, 10000000, 1, 0.965092, 1, 0, 0, 171, 0, 0, 1, 1, 1, 0
211, 849, 798, 10344846, 13, 297, 171, 301, 223, 248, 0.963319, 0.85786, 1, 1, 0.963465, 171, 1, 0, 1, 0, 1, 0
297, 798, 777, 10345268, 14, 10000000, 10000000, 10000000, 10000000, 10000000, 0, 0, 0, 0, 0, 171, 1, 1, 1, 1, 1, 0
60, 198, 89, 11299999, 1, 23, 132, 249, 368, 313, 0.965794, 1, 1, 1, 1, 223, 0, 0, 0, 1, 1, 0
368, 201, 212, 11300200, 2, 305, 386, 399, 366, 311, 0.96164, 0.725104, 0.430888, 0.430644, 0.274318, 223, 1, 1, 1, 1, 1, 0
313, 201, 212, 11300200, 2, 229, 193, 23, 305, 132, 1, 0.94881, 1, 0.724893, 1, 223, 0, 0, 0, 1, 0, 0
249, 201, 224, 11300200, 2, 305, 366, 386, 399, 363, 0.796287, 0.638018, 0.604253, 0.538609, 0.436034, 223, 1, 1, 1, 1, 1, 1
366, 198, 387, 11308622, 3, 65, 188, 45, 205, 274, 1, 1, 0.863914, 1, 1, 223, 0, 0, 0, 0, 0, 1
399, 198, 387, 11308622, 3, 65, 188, 45, 205, 274, 1, 1, 0.863914, 1, 1, 223, 0, 0, 0, 0, 0, 0
274, 225, 398, 11313045, 4, 372, 45, 18, 188, 381, 1, 1, 0.845619, 1, 0.637036, 223, 1, 0, 0, 0, 1, 0
188, 261, 398, 11313045, 4, 372, 168, 335, 45, 278, 0.877186, 0.862864, 0.752381, 1, 0.686695, 223, 1, 0, 1, 0, 0, 1
205, 201, 459, 11313045, 4, 276, 210, 222, 65, 188, 1, 0.875188, 0.966528, 1, 0.859582, 223, 0, 0, 0, 0, 0, 0
65, 201, 499, 11313045, 4, 276, 210, 222, 113, 45, 0.753042, 0.636448, 0.684446, 0.752894, 0.431751, 223, 0, 0, 0, 0, 0, 1
113, 198, 520, 11313467, 5, 67, 210, 276, 107, 222, 1, 1, 1, 0.647455, 1, 223, 0, 0, 0, 0, 0, 0
222, 198, 554, 11313467, 5, 184, 246, 271, 136, 67, 0.107747, 0.120706, 0.158768, 0.15842, 1, 223, 1, 1, 1, 1, 0, 0
276, 201, 623, 11313467, 5, 324, 107, 67, 210, 295, 0.234047, 0.863273, 1, 1, 0.605034, 223, 1, 0, 0, 0, 0, 1
210, 201, 657, 11313889, 6, 324, 55, 107, 246, 67, 1, 0.215271, 0.75533, 1, 1, 223, 1, 1, 0, 0, 0, 0
67, 201, 705, 11313890, 6, 324, 295, 107, 246, 178, 0.861674, 0.956882, 0.431617, 0.696877, 0.752384, 223, 1, 0, 1, 0, 0, 1
295, 198, 773, 11313890, 6, 136, 271, 3, 324, 246, 0.969352, 1, 0.644859, 1, 1, 223, 0, 0, 0, 1, 0, 0
45, 296, 398, 11317467, 5, 381, 335, 395, 278, 300, 1, 1, 0.93388, 0.966029, 0.860872, 223, 1, 1, 1, 0, 1, 0
168, 345, 401, 11317467, 5, 24, 104, 166, 217, 279, 1, 0.966682, 1, 1, 1, 223, 0, 0, 0, 0, 0, 1
278, 373, 401, 11317467, 5, 302, 351, 372, 339, 290, 1, 1, 1, 1, 0.274926, 223, 1, 1, 1, 1, 1, 0
335, 387, 401, 11317467, 5, 372, 339, 290, 24, 115, 1, 1, 0.304159, 1, 0.94289, 223, 1, 1, 1, 0, 0, 0
279, 425, 398, 11321889, 6, 120, 24, 166, 104, 53, 0.137123, 1, 1, 0.858865, 0.721454, 223, 1, 0, 0, 0, 0, 0
24, 499, 398, 11321889, 6, 144, 347, 286, 120, 53, 1, 0.758001, 0.645883, 0.602767, 1, 223, 0, 1, 1, 0, 0, 1
53, 503, 401, 11322312, 7, 35, 120, 286, 347, 179, 0.966611, 1, 1, 1, 0.862057, 223, 0, 0, 0, 1, 0, 0
144, 542, 401, 11322312, 7, 179, 35, 21, 286, 120, 1, 1, 0.85873, 1, 1, 223, 0, 0, 0, 0, 0, 1
178, 198, 746, 11322312, 7, 324, 271, 136, 246, 3, 1, 0.966115, 0.753257, 1, 0.429517, 223, 1, 1, 0, 0, 0, 0
295, 198, 773, 11322312, 7, 136, 271, 3, 324, 246, 0.968473, 1, 0.644276, 1, 1, 223, 0, 0, 0, 1, 0, 0
347, 601, 412, 11322312, 7, 85, 21, 130, 179, 35, 1, 0.966071, 0.796372, 1, 0.966611, 223, 0, 0, 0, 0, 0, 0
324, 201, 812, 11322312, 7, 136, 3, 271, 10000000, 10000000, 1, 0.859034, 1, 0, 0, 223, 0, 0, 0, 1, 1, 1
246, 201, 826, 11322312, 7, 136, 271, 3, 10000000, 10000000, 0.968473, 1, 0.644276, 0, 0, 223, 0, 0, 0, 1, 1, 0
120, 654, 398, 11322312, 7, 81, 367, 234, 35, 124, 1, 0.859898, 0.844455, 1, 0.796428, 223, 0, 1, 0, 0, 0, 0
286, 601, 426, 11322734, 8, 21, 179, 130, 85, 332, 1, 1, 0.685905, 0.723447, 0.547277, 223, 0, 0, 0, 0, 1, 0
271, 226, 798, 11322734, 8, 352, 95, 215, 3, 136, 0.862296, 0.960649, 0.842625, 0.858996, 1, 223, 1, 0, 0, 0, 0, 0
120, 654, 398, 11322734, 8, 81, 367, 234, 35, 124, 1, 0.859859, 0.844412, 1, 0.796375, 223, 0, 1, 0, 0, 0, 0
136, 259, 798, 11322734, 8, 352, 95, 215, 227, 3, 0.915209, 1, 0.823026, 0.725266, 0.858996, 223, 1, 0, 0, 0, 0, 1
3, 290, 798, 11323156, 9, 292, 181, 227, 215, 352, 0.82085, 0.697285, 0.754568, 0.842582, 0.646693, 223, 1, 0, 0, 0, 1, 0
95, 304, 801, 11323156, 9, 82, 181, 292, 352, 304, 0.969108, 1, 1, 1, 1, 223, 0, 0, 0, 1, 1, 0
215, 342, 801, 11323156, 9, 289, 169, 82, 181, 292, 0.214788, 0.1207, 1, 1, 1, 223, 1, 1, 0, 0, 0, 0
227, 375, 801, 11323156, 9, 33, 82, 181, 360, 257, 1, 1, 1, 0.769968, 0.604373, 223, 0, 0, 0, 1, 0, 0
352, 387, 801, 11323157, 9, 82, 33, 181, 141, 292, 1, 0.930057, 1, 0.694613, 1, 223, 0, 0, 0, 0, 0, 1
292, 401, 827, 11323579, 10, 82, 181, 10000000, 10000000, 10000000, 0.86139, 1, 0, 0, 0, 223, 0, 0, 1, 1, 1, 0
181, 457, 798, 11323579, 10, 240, 257, 384, 317, 33, 1, 0.957145, 0.862128, 0.846076, 1, 223, 0, 0, 1, 1, 0, 0
82, 498, 798, 11323579, 10, 194, 337, 384, 257, 358, 0.94183, 1, 0.965004, 1, 0.862505, 223, 0, 1, 1, 0, 1, 1
33, 508, 801, 11323579, 10, 194, 240, 337, 387, 384, 1, 1, 0.967711, 1, 1, 223, 0, 0, 1, 1, 1, 0
257, 572, 801, 11324001, 11, 6, 194, 240, 337, 393, 1, 1, 1, 1, 1, 223, 0, 0, 0, 1, 1, 0
358, 587, 801, 11324001, 11, 6, 194, 240, 337, 393, 1, 1, 1, 1, 1, 223, 0, 0, 0, 1, 1, 0
384, 587, 801, 11324001, 11, 6, 194, 240, 337, 393, 1, 1, 1, 1, 1, 223, 0, 0, 0, 1, 1, 0
337, 612, 798, 11324001, 11, 6, 301, 194, 240, 223, 1, 0.757499, 1, 1, 0.13723, 223, 0, 1, 0, 0, 1, 0
194, 658, 798, 11324001, 11, 6, 223, 301, 248, 211, 1, 0.430665, 0.430226, 0.214726, 0.107425, 223, 0, 1, 1, 1, 1, 1
6, 699, 798, 11324424, 12, 301, 248, 223, 211, 133, 0.914139, 0.858864, 0.538307, 0.304195, 0.241152, 223, 1, 1, 0, 0, 1, 1
301, 813, 798, 11324424, 12, 10000000, 10000000, 10000000, 10000000, 10000000, 0, 0, 0, 0, 0, 223, 1, 1, 1, 1, 1, 0
301, 813, 798, 11324846, 13, 10000000, 10000000, 10000000, 10000000, 10000000, 0, 0, 0, 0, 0, 223, 1, 1, 1, 1, 1, 0
179, 601, 458, 11335156, 9, 130, 21, 332, 85, 243, 1, 1, 0.636152, 0.821865, 0.428951, 223, 0, 0, 1, 0, 0, 0
21, 601, 501, 11335156, 9, 332, 243, 130, 186, 4, 1, 1, 0.858268, 0.481218, 0.21429, 223, 1, 0, 0, 0, 0, 0
85, 598, 503, 11335156, 9, 4, 186, 332, 243, 273, 0.964307, 1, 1, 1, 0.861349, 223, 0, 0, 1, 0, 1, 0
130, 598, 540, 11335156, 9, 4, 186, 19, 273, 128, 0.964307, 1, 0.924376, 0.969017, 0.860882, 223, 0, 0, 0, 1, 0, 0
332, 598, 586, 11335156, 9, 4, 186, 128, 19, 273, 1, 1, 1, 0.820177, 1, 223, 0, 0, 0, 0, 0, 0
130, 598, 540, 11335578, 10, 4, 186, 19, 273, 128, 0.964264, 1, 0.924286, 0.968973, 0.860843, 223, 0, 0, 0, 1, 0, 0
243, 598, 574, 11335578, 10, 4, 186, 128, 337, 273, 1, 1, 0.968448, 0.764677, 0.968973, 223, 0, 0, 0, 1, 1, 0
332, 598, 586, 11335578, 10, 4, 186, 128, 19, 273, 1, 1, 1, 0.82013, 1, 223, 0, 0, 0, 0, 0, 0
273, 627, 598, 11336000, 11, 90, 84, 371, 128, 4, 1, 1, 0.756296, 1, 0.749949, 223, 0, 0, 1, 0, 0, 0
186, 601, 659, 11336001, 11, 393, 309, 360, 236, 204, 1, 0.821626, 0.481241, 1, 0.942331, 223, 1, 1, 1, 0, 0, 0
19, 598, 696, 11336001, 11, 358, 387, 384, 257, 317, 0.861351, 0.861075, 0.860975, 0.860275, 0.858835, 223, 1, 1, 1, 1, 1, 0
4, 601, 703, 11336001, 11, 360, 309, 393, 236, 204, 1, 0.958564, 0.751409, 1, 1, 223, 1, 1, 1, 0, 0, 0
204, 598, 740, 11336423, 12, 393, 360, 309, 337, 240, 1, 1, 1, 1, 0.964347, 223, 1, 1, 1, 1, 1, 0
236, 598, 770, 11336423, 12, 6, 194, 240, 337, 360, 0.861073, 0.964599, 1, 1, 1, 223, 0, 0, 0, 1, 1, 0
337, 612, 798, 11336423, 12, 6, 301, 194, 240, 223, 1, 0.750438, 1, 1, 0.136996, 223, 0, 1, 0, 0, 1, 0
240, 624, 798, 11336423, 12, 6, 194, 223, 211, 10000000, 1, 1, 0.361973, 0.315709, 0, 223, 0, 0, 0, 1, 1, 0
194, 658, 798, 11336423, 12, 6, 223, 301, 248, 211, 1, 0.43009, 0.429652, 0.21444, 0.107282, 223, 0, 1, 1, 1, 1, 0
6, 699, 798, 11336424, 12, 301, 248, 223, 211, 133, 0.910809, 0.857759, 0.537612, 0.303089, 0.240804, 223, 1, 1, 0, 0, 1, 0
301, 813, 798, 11336846, 13, 10000000, 10000000, 10000000, 10000000, 10000000, 0, 0, 0, 0, 0, 223, 1, 1, 1, 1, 1, 0
211, 862, 798, 11336846, 13, 223, 301, 297, 248, 10000000, 1, 1, 0.968403, 0.964935, 0, 223, 0, 1, 1, 1, 1, 0
35, 696, 398, 11339156, 9, 398, 367, 306, 234, 124, 0.856679, 0.721159, 0.600792, 1, 0.953157, 223, 1, 1, 1, 0, 0, 0
81, 705, 401, 11339156, 9, 398, 367, 306, 111, 234, 1, 1, 1, 0.750705, 1, 223, 1, 1, 1, 0, 0, 0
124, 746, 401, 11339156, 9, 111, 398, 367, 306, 234, 0.965192, 1, 1, 1, 1, 223, 0, 1, 1, 1, 0, 0
234, 773, 401, 11339156, 9, 111, 87, 280, 367, 306, 1, 0.632434, 0.463262, 1, 1, 223, 0, 0, 1, 1, 1, 0
367, 787, 401, 11339156, 9, 334, 87, 111, 371, 280, 1, 0.959077, 1, 0.428035, 0.429447, 223, 1, 0, 0, 1, 0, 0
234, 773, 401, 11339578, 10, 111, 87, 280, 367, 306, 1, 0.632392, 0.463217, 1, 1, 223, 0, 0, 1, 1, 1, 0
306, 787, 401, 11339578, 10, 371, 111, 87, 146, 334, 1, 1, 0.685015, 0.475421, 0.119939, 223, 1, 0, 0, 0, 1, 0
367, 787, 401, 11339578, 10, 334, 87, 111, 371, 280, 1, 0.959021, 1, 0.427958, 0.429428, 223, 1, 0, 0, 1, 0, 0
398, 787, 401, 11339578, 10, 111, 87, 146, 334, 280, 1, 0.563692, 0.322087, 0.232151, 0.214714, 223, 0, 0, 0, 1, 1, 0
111, 801, 481, 11340001, 11, 371, 280, 146, 87, 131, 0.789054, 0.723746, 0.751502, 0.840418, 0.463999, 223, 1, 0, 0, 0, 0, 0
87, 798, 505, 11340001, 11, 94, 131, 261, 371, 334, 0.966503, 1, 1, 1, 1, 223, 0, 0, 0, 1, 1, 0
146, 798, 541, 11340001, 11, 94, 131, 261, 371, 334, 1, 1, 1, 1, 1, 223, 0, 0, 0, 1, 1, 0
87, 798, 505, 11340423, 12, 94, 131, 261, 371, 334, 0.96646, 1, 1, 1, 1, 223, 0, 0, 0, 1, 1, 0
146, 798, 541, 11340423, 12, 94, 131, 261, 371, 334, 1, 1, 1, 1, 1, 223, 0, 0, 0, 1, 1, 0
280, 798, 573, 11340423, 12, 94, 131, 261, 371, 334, 1, 1, 1, 1, 1, 223, 0, 0, 0, 1, 1, 0
371, 801, 612, 11340423, 12, 94, 131, 261, 171, 37, 1, 1, 1, 0.535399, 0.536821, 223, 0, 0, 0, 0, 0, 0
131, 801, 651, 11340423, 12, 94, 171, 37, 297, 133, 1, 0.754191, 0.791938, 0.645354, 0.158433, 223, 0, 0, 0, 0, 1, 0
261, 801, 629, 11340845, 13, 297, 37, 94, 131, 171, 0.940928, 1, 1, 1, 0.535374, 223, 0, 0, 0, 0, 0, 0
131, 801, 651, 11340845, 13, 94, 171, 37, 297, 133, 1, 0.754131, 0.791885, 0.645324, 0.158423, 223, 0, 0, 0, 0, 1, 0
94, 801, 696, 11340845, 13, 248, 171, 297, 37, 133, 1, 0.950599, 0.752878, 0.966235, 0.63369, 223, 0, 0, 0, 0, 0, 0
37, 798, 707, 11340845, 13, 301, 248, 297, 223, 171, 0.966258, 1, 1, 0.859771, 1, 223, 1, 0, 0, 1, 0, 0
171, 798, 744, 11340846, 13, 301, 223, 248, 297, 211, 1, 0.967242, 1, 1, 0.750618, 223, 1, 1, 0, 0, 0, 0
37, 798, 707, 11341267, 14, 301, 248, 297, 223, 171, 0.966215, 1, 1, 0.859732, 1, 223, 1, 0, 0, 1, 0, 0
171, 798, 744, 11341268, 14, 301, 223, 248, 297, 211, 1, 0.967198, 1, 1, 0.750585, 223, 1, 1, 0, 0, 0, 0
297, 798, 770, 11341268, 14, 301, 223, 211, 10000000, 10000000, 1, 1, 0.857811, 0, 0, 223, 1, 0, 0, 1, 1, 0
248, 801, 829, 11341268, 14, 223, 301, 211, 297, 10000000, 1, 1, 0.965037, 1, 0, 223, 0, 1, 0, 0, 1, 0
133, 801, 858, 11341268, 14, 301, 223, 248, 297, 211, 1, 0.967198, 1, 1, 0.857811, 223, 1, 1, 0, 0, 0, 0
301, 813, 798, 11341690, 15, 10000000, 10000000, 10000000, 10000000, 10000000, 0, 0, 0, 0, 0, 223, 1, 1, 1, 1, 1, 0
297, 798, 770, 11341690, 15, 301, 223, 211, 10000000, 10000000, 1, 1, 0.857772, 0, 0, 223, 1, 0, 0, 1, 1, 0
360, 598, 787, 11348845, 13, 6, 194, 240, 337, 248, 1, 1, 1, 1, 0.317015, 223, 0, 0, 0, 1, 1, 0
337, 612, 798, 11348845, 13, 6, 301, 194, 240, 223, 1, 0.743507, 1, 1, 0.136763, 223, 0, 1, 0, 0, 1, 0
301, 813, 798, 11349268, 14, 10000000, 10000000, 10000000, 10000000, 10000000, 0, 0, 0, 0, 0, 223, 1, 1, 1, 1, 1, 0
128, 654, 598, 11352423, 12, 371, 377, 318, 334, 94, 1, 0.859949, 0.64245, 0.359263, 0.107246, 223, 1, 1, 1, 1, 1, 0
84, 698, 598, 11352423, 12, 334, 318, 251, 9, 371, 0.939991, 1, 0.964585, 1, 0.722408, 223, 1, 1, 0, 0, 1, 0
90, 698, 601, 11352423, 12, 261, 371, 334, 94, 131, 1, 1, 1, 0.750723, 0.856634, 223, 0, 1, 1, 0, 0, 0
334, 801, 612, 11352845, 13, 171, 94, 131, 261, 37, 0.940536, 1, 1, 1, 0.536107, 223, 0, 0, 0, 0, 0, 0
301, 813, 798, 11354112, 16, 10000000, 10000000, 10000000, 10000000, 10000000, 0, 0, 0, 0, 0, 223, 1, 1, 1, 1, 1, 0
261, 801, 629, 11361267, 14, 297, 37, 94, 131, 171, 0.937325, 1, 1, 1, 0.534206, 223, 0, 0, 0, 0, 0, 0
240, 624, 798, 11361267, 14, 6, 194, 223, 211, 10000000, 1, 1, 0.360892, 0.314476, 0, 223, 0, 0, 0, 1, 1, 0
131, 801, 651, 11361267, 14, 94, 171, 37, 297, 133, 1, 0.751238, 0.789332, 0.64391, 0.157912, 223, 0, 0, 0, 0, 1, 0
194, 658, 798, 11361267, 14, 6, 223, 301, 248, 211, 1, 0.428944, 0.428509, 0.21387, 0.106997, 223, 0, 1, 1, 1, 1, 0
94, 801, 697, 11361267, 14, 248, 171, 297, 37, 133, 1, 0.947534, 0.751228, 0.964121, 0.631647, 223, 0, 0, 0, 0, 0, 0
37, 798, 707, 11361267, 14, 301, 248, 297, 223, 171, 0.964144, 1, 1, 0.857888, 1, 223, 1, 0, 0, 1, 0, 0
6, 700, 798, 11361267, 14, 301, 248, 223, 211, 133, 0.90399, 0.85548, 0.53618, 0.300824, 0.240085, 223, 1, 1, 0, 0, 1, 0
171, 798, 744, 11361268, 14, 301, 223, 248, 297, 211, 1, 0.965124, 1, 1, 0.748978, 223, 1, 1, 0, 0, 0, 0
297, 798, 770, 11361690, 15, 301, 223, 211, 10000000, 10000000, 1, 1, 0.855937, 0, 0, 223, 1, 0, 0, 1, 1, 0
248, 801, 829, 11361690, 15, 223, 301, 297, 211, 10000000, 1, 1, 1, 0.962929, 0, 223, 0, 1, 0, 0, 1, 0
211, 862, 798, 11361690, 15, 223, 301, 248, 297, 10000000, 1, 1, 0.962371, 0.965821, 0, 223, 0, 1, 1, 1, 1, 0
301, 813, 798, 11370112, 16, 10000000, 10000000, 10000000, 10000000, 10000000, 0, 0, 0, 0, 0, 223, 1, 1, 1, 1, 1, 0
297, 798, 770, 11370112, 16, 301, 223, 211, 10000000, 10000000, 1, 1, 0.855166, 0, 0, 223, 1, 0, 0, 1, 1, 0
301, 813, 798, 11374112, 16, 10000000, 10000000, 10000000, 10000000, 10000000, 0, 0, 0, 0, 0, 223, 1, 1, 1, 1, 1, 0
301, 813, 798, 11378534, 17, 10000000, 10000000, 10000000, 10000000, 10000000, 0, 0, 0, 0, 0, 223, 1, 1, 1, 1, 1, 0
29, -1, 88, 12299999, 1, 346, 379, 32, 176, 284, 1, 1, 0.970185, 0.970799, 1, 133, 1, 1, 0, 0, 0, 0
379, 1, 212, 12300200, 2, 32, 56, 216, 64, 174, 1, 0.864454, 1, 0.96541, 0.864596, 133, 0, 0, 0, 0, 0, 0
346, 1, 215, 12300200, 2, 348, 191, 32, 64, 56, 0.548065, 0.137191, 1, 1, 0.864454, 133, 1, 1, 0, 0, 0, 1
176, 1, 274, 12300200, 2, 348, 174, 32, 56, 282, 0.944757, 1, 1, 0.648341, 0.539247, 133, 1, 0, 0, 0, 0, 0
64, -1, 292, 12300622, 3, 43, 191, 348, 282, 174, 1, 0.971086, 1, 1, 1, 133, 0, 0, 1, 0, 0, 0
32, 1, 312, 12300622, 3, 348, 174, 43, 282, 191, 1, 1, 0.483121, 0.647067, 0.323695, 133, 1, 0, 0, 0, 0, 0
348, -1, 383, 12300622, 3, 43, 221, 110, 191, 50, 1, 1, 0.863756, 1, 0.72397, 133, 0, 0, 0, 0, 0, 1
191, 1, 472, 12301045, 4, 163, 328, 370, 390, 340, 1, 1, 1, 0.964701, 0.947061, 133, 0, 1, 1, 1, 1, 0
50, -1, 497, 12301045, 4, 328, 374, 390, 370, 340, 1, 0.970214, 1, 1, 1, 133, 1, 1, 1, 1, 1, 0
43, 1, 503, 12301045, 4, 163, 370, 268, 390, 267, 1, 1, 1, 0.845599, 0.761174, 133, 0, 1, 0, 1, 0, 1
268, -1, 564, 12301467, 5, 259, 34, 28, 134, 163, 1, 0.754643, 0.970408, 0.861438, 1, 133, 0, 0, 0, 0, 0, 0
370, -1, 587, 12301467, 5, 103, 134, 34, 259, 28, 1, 1, 0.862449, 1, 1, 133, 0, 0, 0, 0, 0, 1
390, -1, 587, 12301467, 5, 103, 134, 34, 242, 259, 1, 1, 0.862449, 1, 1, 133, 0, 0, 0, 0, 0, 0
267, 1, 632, 12301467, 5, 242, 275, 34, 134, 28, 0.215858, 0.4323, 0.754643, 0.861438, 1, 133, 1, 1, 0, 0, 0, 0
259, 34, 598, 12305889, 6, 34, 134, 103, 189, 210, 1, 1, 0.825975, 0.566973, 0.361254, 133, 0, 0, 0, 0, 1, 0
134, 68, 598, 12305889, 6, 34, 103, 189, 276, 210, 1, 1, 0.647338, 0.323742, 0.240836, 133, 0, 0, 0, 1, 1, 0
103, 80, 601, 12305889, 6, 107, 276, 189, 210, 67, 0.862529, 0.971227, 1, 0.753728, 0.647722, 133, 0, 0, 0, 0, 0, 1
28, 1, 712, 12305890, 6, 142, 89, 242, 275, 134, 1, 1, 1, 0.756164, 0.538143, 133, 0, 0, 0, 0, 1, 1
189, 135, 601, 12306312, 7, 107, 210, 276, 67, 20, 0.970301, 0.969035, 1, 0.755641, 0.687345, 133, 0, 0, 0, 0, 0, 1
242, -1, 765, 12322312, 7, 208, 233, 77, 308, 396, 0.858658, 1, 0.752055, 1, 1, 133, 0, 0, 0, 1, 1, 0
275, 1, 835, 12322312, 7, 208, 77, 233, 308, 396, 0.858658, 0.752055, 1, 1, 1, 133, 0, 0, 0, 1, 1, 0
142, 1, 875, 12322312, 7, 396, 392, 308, 353, 208, 1, 1, 0.9699, 0.967464, 0.751326, 133, 1, 1, 1, 1, 0, 1
89, -1, 891, 12322312, 7, 164, 142, 275, 30, 10000000, 0.643672, 1, 1, 0.430085, 0, 133, 1, 0, 0, 0, 1, 0
150, 118, 1, 13299999, 1, 7, 170, 266, 235, 323, 1, 1, 1, 0.969006, 1, 37, 0, 0, 0, 0, 0, 0
323, 201, 18, 13300200, 2, 199, 98, 123, 263, 170, 1, 1, 1, 0.845249, 0.970695, 37, 0, 0, 0, 0, 0, 1
266, 241, -1, 13300200, 2, 7, 149, 373, 320, 254, 1, 0.966415, 0.566387, 0.323098, 0.241721, 37, 0, 0, 1, 1, 1, 0
170, 287, -1, 13300200, 2, 156, 288, 320, 373, 254, 0.88323, 0.826016, 0.570251, 0.566387, 0.21599, 37, 0, 0, 1, 1, 1, 1
373, 401, 12, 13304622, 3, 48, 158, 138, 100, 156, 1, 1, 0.863038, 0.970371, 1, 37, 0, 0, 0, 0, 0, 0
288, 445, -1, 13304623, 3, 220, 200, 5, 291, 298, 0.215478, 1, 1, 0.189222, 0.847472, 37, 1, 0, 0, 1, 0, 1
200, 526, 1, 13309045, 4, 291, 155, 105, 220, 91, 0.970924, 0.860864, 0.97128, 1, 0.647061, 37, 0, 0, 0, 0, 0, 1
5, 529, -1, 13309045, 4, 46, 220, 338, 298, 105, 1, 0.824802, 0.94583, 0.968022, 0.567988, 37, 0, 0, 0, 0, 0, 0
298, 555, 1, 13309045, 4, 155, 91, 291, 105, 220, 0.968472, 0.862747, 1, 1, 0.96919, 37, 0, 0, 0, 0, 0, 0
220, 671, -1, 13313467, 5, 382, 357, 362, 155, 225, 0.937794, 0.723747, 0.120379, 0.752898, 1, 37, 1, 1, 1, 0, 0, 0
105, 714, -1, 13313467, 5, 362, 382, 357, 315, 225, 1, 1, 1, 1, 1, 37, 1, 1, 1, 0, 0, 1
123, 201, 87, 13316622, 3, 263, 249, 313, 368, 98, 0.967185, 0.725763, 0.685735, 0.322693, 1, 37, 0, 0, 0, 1, 0, 0
98, 201, 110, 13316622, 3, 13, 249, 313, 344, 368, 1, 1, 1, 0.95304, 0.845477, 37, 0, 0, 0, 0, 1, 0
199, 198, 113, 13316622, 3, 23, 132, 249, 313, 368, 0.968172, 1, 1, 1, 1, 37, 0, 0, 0, 0, 1, 1
368, 201, 212, 13317044, 4, 363, 386, 399, 366, 299, 0.696016, 0.537174, 0.483215, 0.429487, 0.241148, 37, 1, 1, 1, 1, 1, 0
313, 201, 221, 13317044, 4, 363, 366, 386, 399, 299, 1, 0.547364, 0.429739, 0.411989, 0.214986, 37, 1, 1, 1, 1, 1, 0
249, 201, 244, 13317045, 4, 399, 366, 386, 363, 299, 0.645574, 0.603408, 0.537174, 0.232005, 1, 37, 1, 1, 1, 1, 0, 1
225, 754, 1, 13321890, 6, 382, 357, 126, 315, 75, 1, 1, 0.137386, 1, 0.274383, 37, 1, 1, 1, 0, 0, 0
315, 780, 1, 13321890, 6, 75, 209, 232, 10000000, 10000000, 0.753864, 0.64704, 0.47736, 0, 0, 37, 0, 0, 0, 1, 1, 0
357, 787, 1, 13321890, 6, 209, 75, 232, 319, 10000000, 1, 0.95378, 0.643814, 0.378631, 0, 37, 0, 0, 0, 1, 1, 0
382, 787, 1, 13321890, 6, 75, 209, 232, 250, 319, 1, 0.862721, 0.536511, 0.158499, 0.1206, 37, 0, 0, 0, 1, 1, 0
362, 812, -1, 13321890, 6, 382, 357, 315, 225, 331, 1, 1, 1, 1, 1, 37, 1, 1, 0, 0, 0, 1
331, 819, -1, 13322312, 7, 382, 357, 315, 225, 362, 1, 1, 1, 1, 1, 37, 1, 1, 0, 0, 1, 0
357, 787, 1, 13322312, 7, 209, 75, 232, 319, 10000000, 1, 0.953716, 0.643784, 0.378601, 0, 37, 0, 0, 0, 1, 1, 0
382, 787, 1, 13322312, 7, 75, 209, 232, 250, 319, 1, 0.862681, 0.536487, 0.158488, 0.120593, 37, 0, 0, 0, 1, 1, 1
315, 780, 1, 13322312, 7, 75, 209, 232, 10000000, 10000000, 0.75383, 0.647011, 0.477328, 0, 0, 37, 0, 0, 0, 1, 1, 0
225, 754, 1, 13322312, 7, 382, 357, 126, 315, 75, 1, 1, 0.137378, 1, 0.274367, 37, 1, 1, 1, 0, 0, 0
75, 798, 77, 13322734, 8, 58, 250, 319, 126, 232, 0.966887, 1, 1, 0.862036, 1, 37, 0, 0, 1, 0, 0, 1
209, 798, 116, 13322734, 8, 126, 250, 58, 319, 350, 1, 1, 0.844183, 1, 1, 37, 0, 0, 0, 0, 1, 0
232, 798, 156, 13323156, 9, 122, 380, 239, 312, 58, 0.241007, 0.214728, 0.137095, 0.120719, 1, 37, 1, 1, 1, 1, 0, 0
250, 801, 244, 13323157, 9, 58, 187, 40, 126, 10000000, 1, 1, 1, 1, 0, 37, 0, 0, 0, 0, 1, 1
366, 198, 387, 13325467, 5, 188, 18, 65, 274, 205, 0.965867, 1, 1, 1, 0.96886, 37, 0, 0, 0, 0, 0, 0
386, 198, 387, 13325467, 5, 188, 18, 65, 274, 205, 0.965867, 1, 1, 1, 1, 37, 0, 0, 0, 0, 0, 0
40, 798, 286, 13327579, 10, 111, 58, 398, 367, 306, 0.967368, 1, 0.753967, 0.753377, 0.751031, 37, 0, 0, 1, 1, 1, 0
126, 801, 288, 13327579, 10, 58, 187, 10000000, 10000000, 10000000, 1, 1, 0, 0, 0, 37, 0, 0, 1, 1, 1, 0
187, 798, 321, 13327579, 10, 111, 398, 367, 306, 234, 1, 1, 1, 0.965612, 0.858168, 37, 0, 1, 1, 1, 0, 0
58, 801, 335, 13327579, 10, 398, 367, 87, 111, 10000000, 1, 1, 0.755683, 0.322456, 0, 37, 1, 1, 0, 0, 1, 1
367, 787, 401, 13328001, 11, 334, 111, 87, 280, 146, 0.876431, 1, 0.969041, 0.600936, 0.63474, 37, 1, 0, 0, 0, 0, 0
398, 787, 401, 13328001, 11, 111, 146, 87, 280, 334, 1, 0.63474, 0.68395, 0.565514, 0.317664, 37, 0, 0, 0, 0, 1, 1
87, 798, 479, 13328001, 11, 131, 261, 334, 371, 280, 1, 0.966485, 1, 1, 1, 37, 0, 0, 0, 1, 0, 0
87, 798, 479, 13328423, 12, 131, 261, 334, 371, 280, 1, 0.966441, 1, 1, 1, 37, 0, 0, 0, 1, 0, 0
111, 801, 506, 13328424, 12, 377, 371, 280, 334, 146, 1, 0.840828, 1, 0.635285, 1, 37, 1, 1, 0, 0, 0, 1
280, 798, 553, 13328424, 12, 131, 94, 261, 334, 371, 1, 1, 1, 1, 1, 37, 0, 0, 0, 0, 1, 0
146, 798, 519, 13328846, 13, 131, 94, 261, 334, 371, 1, 1, 1, 1, 1, 37, 0, 0, 0, 0, 1, 0
280, 798, 553, 13328846, 13, 131, 94, 261, 334, 371, 1, 1, 1, 1, 1, 37, 0, 0, 0, 0, 1, 0
377, 787, 601, 13328846, 13, 131, 37, 94, 261, 334, 1, 0.959436, 1, 1, 1, 37, 0, 0, 0, 0, 0, 1
371, 801, 612, 13328846, 13, 131, 261, 94, 37, 171, 1, 1, 0.968767, 0.822374, 0.722908, 37, 0, 0, 0, 0, 0, 0
334, 801, 620, 13328846, 13, 131, 37, 94, 261, 171, 1, 0.959436, 1, 1, 0.95994, 37, 0, 0, 0, 0, 0, 0
334, 801, 620, 13329268, 14, 131, 37, 94, 261, 171, 1, 0.959381, 1, 1, 0.959885, 37, 0, 0, 0, 0, 0, 0
261, 801, 650, 13329268, 14, 37, 131, 94, 171, 10000000, 1, 1, 1, 0.536343, 0, 37, 0, 0, 0, 0, 1, 0
131, 801, 675, 13329268, 14, 37, 10000000, 10000000, 10000000, 10000000, 0.843122, 0, 0, 0, 0, 37, 0, 1, 1, 1, 1, 0
94, 801, 723, 13329268, 14, 37, 131, 171, 10000000, 10000000, 1, 1, 0.963829, 0, 0, 37, 0, 0, 0, 1, 1, 0
274, 243, 398, 13329889, 6, 372, 279, 45, 188, 168, 1, 0.870421, 1, 1, 0.821111, 37, 1, 0, 0, 0, 0, 0
18, 272, 401, 13329889, 6, 166, 279, 339, 372, 349, 0.966116, 1, 1, 1, 1, 37, 0, 0, 1, 1, 1, 0
205, 201, 486, 13329889, 6, 210, 276, 65, 222, 188, 0.929785, 0.875161, 1, 1, 0.643606, 37, 0, 0, 0, 0, 0, 0
65, 201, 526, 13329889, 6, 10, 276, 210, 188, 45, 0.868999, 0.682256, 0.602284, 0.429071, 0.215089, 37, 0, 0, 0, 1, 0, 0
372, 412, 398, 13334312, 7, 24, 166, 104, 115, 144, 0.968154, 1, 1, 1, 0.840208, 37, 0, 0, 0, 0, 0, 0
339, 421, 398, 13334312, 7, 24, 53, 166, 104, 144, 1, 1, 1, 0.966662, 0.752153, 37, 0, 0, 0, 0, 0, 0
279, 443, 398, 13334312, 7, 24, 166, 53, 144, 104, 1, 1, 0.960572, 0.685449, 0.644441, 37, 0, 0, 0, 0, 0, 0
276, 201, 639, 13338312, 7, 107, 210, 10000000, 10000000, 10000000, 0.642904, 1, 0, 0, 0, 37, 0, 0, 1, 1, 1, 0
10, 198, 668, 13338312, 7, 271, 210, 136, 67, 276, 0.644504, 1, 0.429331, 0.966814, 0.947177, 37, 1, 0, 1, 0, 0, 0
53, 478, 401, 13338734, 8, 120, 347, 35, 286, 290, 0.966748, 1, 0.860239, 0.856776, 0.645443, 37, 0, 1, 0, 0, 1, 0
166, 481, 398, 13338734, 8, 120, 24, 144, 347, 286, 1, 1, 1, 0.42889, 0.272634, 37, 0, 0, 0, 1, 1, 0
210, 201, 685, 13338734, 8, 107, 10000000, 10000000, 10000000, 10000000, 0.535729, 0, 0, 0, 0, 37, 0, 1, 1, 1, 1, 0
276, 201, 639, 13338734, 8, 107, 210, 10000000, 10000000, 10000000, 0.642875, 1, 0, 0, 0, 37, 0, 0, 1, 1, 1, 0
144, 516, 401, 13338734, 8, 35, 120, 286, 347, 179, 0.967769, 1, 0.963872, 1, 0.858033, 37, 0, 0, 0, 0, 0, 0
24, 527, 398, 13338734, 8, 35, 81, 120, 347, 286, 1, 1, 1, 0.822607, 0.535485, 37, 0, 0, 0, 0, 1, 0
67, 201, 735, 13338734, 8, 210, 107, 10000000, 10000000, 10000000, 1, 0.214292, 0, 0, 0, 37, 0, 1, 1, 1, 1, 0
347, 601, 419, 13339156, 9, 21, 179, 332, 85, 130, 0.965207, 1, 0.821774, 1, 0.843849, 37, 0, 0, 1, 0, 0, 0
81, 681, 401, 13339157, 9, 398, 367, 306, 234, 283, 1, 1, 1, 1, 1, 37, 1, 1, 0, 0, 0, 0
35, 720, 398, 13339157, 9, 367, 398, 306, 234, 283, 1, 0.968179, 0.958949, 1, 0.840742, 37, 1, 1, 0, 0, 0, 0
234, 755, 401, 13339579, 10, 398, 367, 111, 87, 306, 1, 1, 0.858775, 0.480469, 1, 37, 1, 1, 0, 0, 0, 0
306, 781, 401, 13339579, 10, 111, 87, 371, 146, 10000000, 1, 0.75276, 0.433849, 0.481336, 0, 37, 0, 0, 1, 0, 1, 0
367, 787, 401, 13339579, 10, 334, 111, 87, 280, 146, 0.872007, 1, 0.967835, 0.600101, 0.633576, 37, 1, 0, 0, 0, 0, 0
398, 787, 401, 13339579, 10, 111, 146, 87, 280, 334, 1, 0.633576, 0.682868, 0.564283, 0.317081, 37, 0, 0, 0, 0, 1, 0
87, 798, 479, 13340001, 11, 131, 261, 334, 371, 280, 1, 0.965241, 1, 1, 1, 37, 0, 0, 0, 1, 0, 0
111, 801, 506, 13340001, 11, 377, 371, 280, 334, 146, 1, 0.839661, 1, 0.634119, 1, 37, 1, 1, 0, 0, 0, 0
146, 798, 519, 13340001, 11, 131, 94, 261, 334, 371, 1, 1, 1, 1, 1, 37, 0, 0, 0, 0, 1, 0
146, 798, 518, 13344423, 12, 131, 94, 261, 334, 371, 1, 1, 1, 1, 1, 37, 0, 0, 0, 0, 1, 0
280, 798, 553, 13344423, 12, 131, 94, 261, 334, 371, 1, 1, 1, 1, 1, 37, 0, 0, 0, 0, 1, 0
377, 787, 601, 13344424, 12, 131, 37, 94, 261, 334, 1, 0.957392, 1, 1, 1, 37, 0, 0, 0, 0, 0, 0
371, 801, 612, 13344424, 12, 131, 261, 94, 37, 171, 1, 1, 0.967146, 0.820622, 0.721554, 37, 0, 0, 0, 0, 0, 0
334, 801, 620, 13344424, 12, 131, 37, 94, 261, 171, 1, 0.957392, 1, 1, 0.957894, 37, 0, 0, 0, 0, 0, 0
334, 801, 620, 13344846, 13, 131, 37, 94, 261, 171, 1, 0.957337, 1, 1, 0.957839, 37, 0, 0, 0, 0, 0, 0
261, 801, 650, 13344846, 13, 37, 131, 171, 94, 10000000, 1, 1, 0.535448, 1, 0, 37, 0, 0, 0, 0, 1, 0
131, 801, 676, 13344846, 13, 37, 10000000, 10000000, 10000000, 10000000, 0.841543, 0, 0, 0, 0, 37, 0, 1, 1, 1, 1, 0
94, 801, 723, 13344846, 13, 37, 131, 171, 10000000, 10000000, 1, 1, 0.962023, 0, 0, 37, 0, 0, 0, 1, 1, 0
85, 598, 478, 13351579, 10, 186, 332, 243, 21, 4, 0.964472, 1, 1, 1, 0.75171, 37, 0, 0, 0, 0, 0, 0
179, 601, 483, 13351579, 10, 243, 21, 130, 332, 186, 0.947176, 1, 1, 0.602103, 0.119803, 37, 0, 0, 0, 0, 1, 0
130, 598, 513, 13351579, 10, 186, 332, 273, 243, 19, 1, 1, 0.752184, 1, 0.788188, 37, 0, 0, 1, 0, 0, 0
21, 601, 529, 13351579, 10, 332, 243, 186, 4, 10000000, 1, 1, 0.535818, 0.3743, 0, 37, 0, 0, 0, 0, 1, 0
243, 598, 557, 13352001, 11, 186, 393, 360, 236, 309, 1, 0.272979, 0.214124, 0.136859, 0.120214, 37, 0, 1, 1, 1, 1, 0
332, 598, 579, 13352001, 11, 128, 273, 360, 309, 337, 0.963296, 0.96705, 0.472325, 0.230863, 0.240388, 37, 0, 0, 1, 1, 1, 0
394, 8, -1, 14299999, 1, 369, 330, 365, 323, 235, 1, 0.241594, 0.233569, 0.317718, 0.215928, 69, 1, 1, 1, 1, 1, 0
369, 9, -1, 14300200, 2, 270, 11, 160, 323, 153, 1, 0.968601, 1, 0.635415, 1, 69, 0, 0, 0, 1, 0, 1
153, 97, -1, 14300622, 3, 266, 330, 365, 343, 62, 1, 1, 0.934142, 0.96094, 0.780356, 69, 0, 0, 1, 0, 0, 1
160, 1, 95, 14300622, 3, 64, 346, 379, 11, 284, 1, 0.932689, 0.952214, 1, 0.611707, 69, 0, 0, 1, 0, 0, 0
11, 1, 134, 14300622, 3, 174, 346, 64, 379, 284, 1, 1, 0.887492, 1, 0.60387, 69, 0, 0, 0, 1, 0, 1
379, 1, 212, 14305044, 4, 32, 176, 216, 174, 282, 1, 1, 0.967512, 0.96892, 0.845368, 69, 0, 0, 0, 0, 0, 0
346, 1, 225, 14305044, 4, 32, 282, 176, 64, 216, 1, 0.966135, 1, 1, 0.860011, 69, 0, 0, 0, 0, 0, 0
64, -1, 264, 14305044, 4, 348, 32, 282, 191, 176, 1, 1, 1, 0.753176, 1, 69, 0, 0, 0, 0, 0, 0
174, -1, 301, 14305045, 4, 191, 43, 348, 282, 32, 1, 0.863426, 1, 1, 0.971089, 69, 0, 0, 0, 0, 0, 1
32, 1, 344, 14305467, 5, 268, 50, 348, 43, 191, 1, 1, 1, 0.482579, 0.322775, 69, 0, 0, 0, 0, 0, 0
282, -1, 345, 14305467, 5, 43, 201, 191, 50, 370, 0.97131, 1, 1, 0.946829, 0.323929, 69, 0, 0, 0, 0, 1, 0
348, -1, 371, 14305467, 5, 43, 191, 201, 340, 221, 0.97131, 1, 0.959575, 0.704413, 0.864165, 69, 0, 0, 0, 1, 0, 1
191, 1, 500, 14313889, 6, 370, 390, 374, 328, 340, 1, 0.97098, 0.646616, 0.86676, 0.959912, 69, 1, 1, 1, 0, 0, 0
43, 1, 532, 14313889, 6, 163, 2, 267, 370, 390, 1, 0.874026, 0.82555, 1, 0.965761, 69, 0, 0, 0, 1, 1, 1
370, -1, 587, 14314311, 7, 134, 392, 259, 28, 163, 0.967989, 1, 1, 1, 1, 69, 0, 1, 0, 0, 0, 0
390, -1, 587, 14314311, 7, 134, 259, 28, 242, 163, 0.967989, 1, 1, 1, 1, 69, 0, 0, 0, 0, 0, 0
267, 1, 654, 14314312, 7, 28, 242, 214, 163, 34, 1, 1, 0.961142, 1, 0.538784, 69, 0, 0, 0, 0, 0, 0
2, -1, 660, 14314312, 7, 353, 308, 396, 392, 233, 0.647645, 0.646144, 0.644985, 0.644575, 0.538771, 69, 1, 1, 1, 1, 1, 1
343, 175, 1, 14317044, 4, 98, 123, 7, 170, 235, 1, 1, 1, 1, 1, 69, 0, 0, 0, 0, 0, 0
365, 213, -1, 14317044, 4, 7, 170, 123, 235, 60, 0.967573, 1, 0.861429, 1, 1, 69, 0, 0, 0, 0, 0, 1
60, 198, 42, 14325466, 5, 249, 368, 344, 263, 313, 0.970245, 1, 1, 1, 0.861376, 69, 0, 1, 0, 0, 1, 1
170, 300, -1, 14325466, 5, 61, 288, 7, 156, 373, 1, 0.723847, 1, 0.607962, 0.632711, 69, 0, 0, 0, 0, 1, 0
7, 330, -1, 14325467, 5, 200, 61, 320, 156, 373, 1, 1, 1, 0.861646, 0.722219, 69, 0, 0, 0, 0, 1, 1
373, 401, 12, 14325889, 6, 48, 158, 138, 100, 254, 1, 1, 0.858619, 1, 1, 69, 0, 0, 0, 0, 0, 0
320, 401, 25, 14325889, 6, 48, 158, 138, 260, 100, 1, 1, 0.965017, 0.751967, 1, 69, 0, 0, 0, 0, 0, 1
61, 462, 1, 14325889, 6, 338, 220, 298, 5, 291, 1, 0.86149, 1, 1, 0.753211, 69, 0, 0, 0, 0, 0, 1
5, 543, -1, 14330311, 7, 46, 220, 338, 298, 105, 1, 0.843807, 0.951229, 0.969248, 0.475959, 69, 0, 0, 0, 0, 0, 0
298, 543, 1, 14330311, 7, 155, 291, 357, 382, 91, 0.857649, 0.967954, 0.31599, 0.272934, 0.751724, 69, 0, 0, 1, 1, 0, 0
338, 573, 1, 14330311, 7, 155, 291, 12, 91, 105, 1, 1, 0.956834, 0.751724, 1, 69, 0, 0, 0, 0, 0, 1
12, 598, 58, 14330734, 8, 114, 285, 91, 155, 183, 0.860683, 1, 0.966459, 0.964812, 1, 69, 0, 0, 0, 0, 0, 0
291, 601, 57, 14330734, 8, 91, 155, 285, 183, 10000000, 1, 1, 0.645117, 0.644445, 0, 69, 0, 0, 0, 0, 1, 1
100, 398, 58, 14334311, 7, 118, 325, 378, 48, 260, 0.964694, 1, 0.968164, 1, 1, 69, 0, 0, 1, 0, 0, 0
158, 401, 98, 14334311, 7, 378, 118, 48, 325, 260, 0.968164, 0.758957, 1, 0.750748, 0.858614, 69, 1, 0, 0, 0, 0, 0
138, 398, 105, 14334311, 7, 118, 41, 356, 378, 325, 1, 0.861016, 1, 1, 1, 69, 0, 0, 1, 1, 0, 0
48, 401, 132, 14334311, 7, 118, 378, 325, 41, 10000000, 0.819195, 0.954152, 0.965247, 0.603736, 0, 69, 0, 1, 0, 0, 1, 1
260, 398, 134, 14334311, 7, 118, 41, 356, 314, 378, 1, 0.861016, 1, 0.964386, 1, 69, 0, 0, 1, 1, 1, 0
325, 398, 172, 14334733, 8, 41, 118, 381, 117, 314, 1, 1, 0.755334, 0.861004, 1, 69, 0, 0, 1, 0, 0, 0
378, 398, 186, 14334733, 8, 41, 118, 49, 116, 244, 0.968599, 1, 1, 0.819583, 1, 69, 0, 0, 0, 0, 0, 1
183, 598, 93, 14335156, 9, 114, 310, 47, 285, 91, 0.860274, 0.214296, 0.755241, 1, 0.966, 69, 0, 1, 0, 0, 0, 0
155, 601, 101, 14335156, 9, 91, 285, 10000000, 10000000, 10000000, 1, 0.752279, 0, 0, 0, 69, 0, 0, 1, 1, 1, 0
91, 601, 135, 14335156, 9, 47, 380, 114, 285, 10000000, 1, 1, 0.602489, 0.859748, 0, 69, 0, 1, 0, 0, 1, 1
285, 598, 141, 14335156, 9, 114, 47, 380, 312, 239, 1, 0.963618, 1, 0.968186, 0.859573, 69, 0, 0, 1, 1, 0, 0
285, 598, 141, 14335578, 10, 114, 47, 380, 312, 239, 1, 0.963569, 1, 0.968142, 0.859534, 69, 0, 0, 1, 1, 0, 0
47, 598, 261, 14335578, 10, 347, 179, 286, 290, 206, 1, 0.858578, 0.859451, 1, 1, 69, 0, 0, 0, 0, 0, 1
114, 601, 303, 14335578, 10, 286, 85, 347, 290, 179, 0.789948, 0.753272, 0.791649, 1, 0.41029, 69, 0, 0, 0, 0, 0, 0
206, 598, 306, 14336000, 11, 179, 286, 347, 21, 290, 1, 1, 1, 0.644771, 1, 69, 0, 0, 0, 0, 0, 0
290, 598, 338, 14336001, 11, 21, 179, 286, 347, 85, 0.967157, 0.965857, 1, 1, 0.818691, 69, 0, 0, 0, 0, 0, 0
347, 601, 426, 14336001, 11, 21, 179, 130, 332, 85, 0.967157, 1, 0.86094, 0.723055, 1, 69, 0, 0, 0, 1, 0, 1
85, 598, 465, 14336423, 12, 186, 332, 243, 21, 130, 0.857276, 1, 1, 1, 1, 69, 0, 0, 0, 0, 0, 0
179, 601, 497, 14336423, 12, 21, 243, 332, 130, 186, 1, 0.956354, 0.64592, 1, 0.107159, 69, 0, 0, 0, 0, 1, 1
130, 598, 501, 14336423, 12, 186, 332, 19, 243, 21, 1, 1, 0.81872, 1, 1, 69, 0, 0, 0, 0, 0, 0
332, 598, 572, 14336423, 12, 4, 186, 19, 128, 204, 1, 1, 0.965583, 0.860152, 0.722334, 69, 0, 0, 0, 0, 0, 0
49, 465, 201, 14339156, 9, 380, 285, 137, 287, 312, 1, 0.429689, 1, 1, 1, 69, 1, 1, 0, 0, 0, 1
116, 398, 289, 14339156, 9, 104, 300, 349, 395, 388, 1, 1, 1, 1, 1, 69, 0, 0, 1, 1, 1, 0
118, 401, 297, 14339156, 9, 349, 381, 302, 300, 388, 1, 1, 1, 0.818367, 0.818932, 69, 0, 1, 0, 0, 1, 0
41, 401, 339, 14339156, 9, 115, 300, 395, 351, 388, 1, 1, 1, 0.965026, 0.840848, 69, 0, 0, 1, 1, 1, 1
351, 398, 384, 14339578, 10, 104, 217, 166, 300, 279, 1, 1, 0.96648, 1, 1, 69, 0, 0, 0, 0, 0, 0
388, 401, 412, 14339578, 10, 104, 115, 217, 166, 300, 1, 1, 1, 1, 1, 69, 0, 0, 0, 0, 0, 0
395, 401, 412, 14339578, 10, 104, 217, 166, 115, 300, 1, 1, 1, 0.860138, 1, 69, 0, 0, 0, 0, 0, 0
300, 401, 443, 14339578, 10, 104, 115, 217, 24, 166, 1, 1, 1, 0.642682, 0.751707, 69, 0, 0, 0, 0, 0, 0
115, 398, 488, 14339578, 10, 79, 154, 104, 162, 182, 0.966209, 0.861029, 1, 0.429742, 0.428717, 69, 0, 0, 0, 0, 0, 1
104, 401, 515, 14340000, 11, 108, 154, 10000000, 10000000, 10000000, 1, 0.538118, 0, 0, 0, 69, 0, 0, 1, 1, 1, 1
130, 598, 501, 14340845, 13, 186, 332, 19, 243, 21, 1, 1, 0.818226, 1, 1, 69, 0, 0, 0, 0, 0, 0
21, 601, 543, 14340845, 13, 19, 186, 332, 4, 243, 1, 0.681372, 1, 0.315827, 1, 69, 0, 0, 0, 0, 0, 1
243, 598, 546, 14340845, 13, 186, 4, 19, 204, 332, 1, 0.857926, 0.954598, 0.685428, 1, 69, 0, 0, 0, 0, 0, 0
332, 598, 571, 14340845, 13, 4, 186, 19, 128, 204, 1, 1, 0.965125, 0.859743, 0.721949, 69, 0, 0, 0, 0, 0, 0
243, 598, 546, 14341267, 14, 186, 4, 19, 204, 332, 1, 0.857887, 0.954543, 0.685388, 1, 69, 0, 0, 0, 0, 0, 0
332, 598, 571, 14341267, 14, 4, 186, 19, 128, 204, 1, 1, 0.965081, 0.859704, 0.721913, 69, 0, 0, 0, 0, 0, 0
19, 598, 650, 14341268, 14, 393, 360, 309, 4, 236, 1, 1, 1, 1, 1, 69, 1, 1, 0, 0, 0, 1
4, 601, 744, 14341268, 14, 387, 384, 358, 393, 360, 1, 1, 1, 1, 1, 69, 1, 1, 1, 1, 1, 0
236, 598, 734, 14341690, 15, 112, 109, 387, 358, 384, 1, 0.960862, 1, 1, 0.968178, 69, 0, 0, 1, 1, 1, 0
4, 601, 744, 14341690, 15, 387, 384, 358, 393, 360, 1, 1, 1, 1, 1, 69, 1, 1, 1, 1, 1, 0
360, 598, 786, 14341690, 15, 194, 112, 240, 219, 6, 1, 1, 1, 0.910313, 0.752339, 69, 0, 0, 0, 0, 0, 0
393, 598, 787, 14341690, 15, 194, 112, 219, 240, 6, 1, 1, 1, 1, 0.752339, 69, 0, 0, 0, 0, 0, 1
263, 198, 144, 14341889, 6, 132, 249, 23, 13, 313, 1, 1, 0.85741, 0.955165, 1, 69, 0, 0, 0, 0, 0, 0
344, 198, 175, 14341889, 6, 132, 229, 23, 249, 13, 1, 0.930954, 0.85741, 1, 0.964882, 69, 0, 0, 0, 0, 0, 1
313, 201, 228, 14341889, 6, 363, 23, 132, 193, 305, 1, 0.964587, 1, 0.962528, 0.751006, 69, 1, 0, 0, 0, 1, 0
240, 652, 798, 14342112, 16, 6, 301, 194, 223, 112, 1, 0.862806, 1, 0.411354, 0.64322, 69, 0, 0, 0, 0, 0, 1
112, 601, 914, 14342112, 16, 194, 6, 10000000, 10000000, 10000000, 0.428213, 0.322417, 0, 0, 0, 69, 0, 0, 1, 1, 1, 1
219, 598, 915, 14342112, 16, 361, 322, 253, 80, 140, 0.963877, 0.859897, 0.75205, 0.428595, 0.535389, 69, 1, 1, 0, 0, 0, 0
312, 571, 201, 14347578, 10, 232, 380, 359, 319, 114, 0.273588, 1, 0.3175, 0.317064, 0.966517, 69, 1, 1, 1, 1, 0, 0
380, 586, 201, 14347578, 10, 290, 114, 47, 206, 213, 1, 1, 1, 0.84156, 1, 69, 0, 0, 0, 0, 0, 1
287, 659, 198, 14347578, 10, 389, 359, 385, 350, 319, 0.902686, 0.854452, 0.360676, 0.722667, 0.479373, 69, 1, 1, 1, 1, 1, 0
47, 598, 261, 14348000, 11, 347, 179, 286, 290, 206, 1, 0.857435, 0.858306, 1, 1, 69, 0, 0, 0, 0, 0, 0
114, 601, 303, 14348000, 11, 286, 85, 347, 290, 179, 0.788401, 0.746289, 0.790095, 1, 0.409594, 69, 0, 0, 0, 0, 0, 1
206, 598, 306, 14348000, 11, 179, 286, 347, 21, 290, 1, 1, 1, 0.643941, 1, 69, 0, 0, 0, 0, 0, 1
213, 711, 201, 14348000, 11, 389, 385, 359, 350, 126, 1, 1, 1, 1, 0.749659, 69, 1, 1, 1, 1, 0, 1
108, 398, 674, 14348423, 12, 304, 352, 292, 227, 177, 0.752058, 0.749889, 1, 0.535422, 0.860355, 69, 1, 1, 0, 1, 0, 1
249, 201, 257, 14350311, 7, 23, 229, 305, 299, 386, 0.963717, 0.959256, 0.857517, 0.742139, 0.791369, 69, 0, 0, 0, 0, 1, 0
13, 198, 258, 14350311, 7, 205, 299, 311, 363, 399, 0.967349, 1, 1, 0.967187, 1, 69, 0, 0, 0, 1, 1, 0
132, 201, 301, 14350311, 7, 366, 311, 399, 386, 363, 1, 0.946729, 0.962115, 0.949643, 0.951963, 69, 1, 0, 1, 1, 1, 1
366, 198, 386, 14350733, 8, 65, 205, 113, 18, 274, 1, 0.967305, 1, 1, 1, 69, 0, 0, 0, 0, 0, 1
399, 198, 387, 14350733, 8, 65, 205, 18, 274, 299, 1, 1, 1, 1, 1, 69, 0, 0, 0, 0, 0, 0
363, 201, 412, 14350734, 8, 65, 205, 222, 113, 188, 1, 1, 0.963872, 0.965829, 0.859206, 69, 0, 0, 0, 0, 0, 0
311, 201, 425, 14350734, 8, 65, 205, 188, 299, 274, 1, 1, 0.859206, 1, 1, 69, 0, 0, 0, 0, 0, 0
18, 258, 401, 14351156, 9, 279, 372, 349, 395, 388, 1, 1, 1, 1, 1, 69, 0, 1, 1, 1, 1, 1
113, 198, 483, 14351156, 9, 210, 276, 10, 65, 222, 0.965355, 0.857001, 0.819907, 1, 1, 69, 0, 0, 0, 0, 0, 0
205, 201, 500, 14351156, 9, 276, 10, 210, 65, 222, 0.907287, 0.86777, 0.751409, 1, 1, 69, 0, 0, 0, 0, 0, 0
65, 201, 540, 14351156, 9, 10, 276, 210, 10000000, 10000000, 0.902863, 0.718572, 0.536308, 0, 0, 69, 0, 0, 0, 1, 1, 1
276, 201, 650, 14351578, 10, 324, 67, 295, 178, 210, 0.136785, 0.967117, 0.9558, 1, 1, 69, 1, 0, 0, 0, 0, 1
210, 201, 699, 14351579, 10, 59, 246, 67, 295, 324, 1, 0.920903, 1, 1, 0.601992, 69, 0, 0, 0, 0, 0, 0
194, 699, 798, 14354534, 17, 51, 6, 223, 301, 248, 1, 0.96596, 0.684424, 0.535833, 0.315905, 69, 0, 0, 0, 0, 1, 0
6, 741, 798, 14354534, 17, 248, 301, 133, 10000000, 10000000, 0.600523, 0.950588, 0.214456, 0, 0, 69, 1, 0, 1, 1, 1, 1
301, 828, 798, 14354535, 17, 133, 248, 69, 10000000, 10000000, 0.857824, 0.966231, 0.534553, 0, 0, 69, 0, 0, 0, 1, 1, 0
301, 828, 798, 14354957, 18, 133, 248, 69, 10000000, 10000000, 0.857785, 0.966187, 0.534529, 0, 0, 69, 0, 0, 0, 1, 1, 0
210, 201, 699, 14356001, 11, 59, 246, 67, 295, 324, 1, 0.919967, 1, 1, 0.601192, 69, 0, 0, 0, 0, 0, 0
178, 198, 707, 14356001, 11, 190, 246, 324, 59, 55, 1, 1, 1, 0.919725, 0.856655, 69, 0, 0, 0, 0, 0, 0
295, 198, 740, 14356001, 11, 55, 190, 271, 296, 246, 1, 1, 0.856435, 1, 1, 69, 0, 0, 0, 0, 0, 0
67, 201, 750, 14356001, 11, 324, 246, 190, 55, 10000000, 1, 0.816656, 0.720778, 0.545867, 0, 69, 0, 0, 0, 0, 1, 1
324, 201, 825, 14360423, 12, 136, 271, 3, 55, 190, 0.854767, 0.963034, 0.53611, 1, 1, 69, 0, 0, 0, 0, 0, 1
190, 201, 902, 14360845, 13, 136, 271, 55, 3, 10000000, 0.534205, 0.641993, 1, 0.214434, 0, 69, 0, 1, 0, 0, 1, 0
55, 201, 930, 14360845, 13, 136, 3, 10000000, 10000000, 10000000, 0.320523, 0, 0, 0, 0, 69, 1, 0, 1, 1, 1, 1
388, 401, 412, 14363578, 10, 104, 115, 217, 166, 300, 1, 1, 1, 1, 1, 69, 0, 0, 0, 0, 0, 0
395, 401, 412, 14363578, 10, 104, 217, 166, 115, 300, 1, 1, 1, 0.857924, 1, 69, 0, 0, 0, 0, 0, 0
372, 412, 398, 14363578, 10, 104, 115, 24, 217, 166, 0.964745, 1, 0.961551, 1, 1, 69, 0, 0, 0, 0, 0, 1
350, 786, 201, 14364423, 12, 58, 126, 40, 250, 187, 1, 1, 1, 1, 0.718288, 69, 0, 0, 0, 0, 0, 0
385, 812, 198, 14364423, 12, 126, 40, 250, 58, 319, 0.962155, 1, 1, 0.64283, 1, 69, 0, 0, 0, 0, 0, 0
389, 812, 198, 14364423, 12, 126, 40, 250, 58, 319, 0.962155, 1, 1, 0.64283, 1, 69, 0, 0, 0, 0, 0, 1
359, 813, 198, 14364423, 12, 126, 40, 250, 319, 58, 0.962155, 1, 1, 1, 0.535691, 69, 0, 0, 0, 0, 0, 0
319, 801, 227, 14364845, 13, 58, 187, 126, 40, 250, 1, 1, 1, 1, 1, 69, 0, 0, 0, 0, 0, 0
250, 801, 257, 14364845, 13, 58, 187, 126, 40, 10000000, 1, 1, 1, 1, 0, 69, 0, 0, 0, 0, 1, 0
40, 798, 273, 14364845, 13, 111, 58, 187, 126, 398, 0.856842, 1, 1, 1, 0.642407, 69, 0, 0, 0, 0, 1, 1
166, 493, 398, 14368000, 11, 347, 286, 120, 24, 144, 0.480587, 0.239088, 0.74281, 1, 1, 69, 1, 1, 0, 0, 0, 0
115, 398, 488, 14368001, 11, 79, 154, 104, 162, 182, 0.96327, 0.858403, 1, 0.428434, 0.427415, 69, 0, 0, 0, 0, 0, 1
24, 542, 398, 14368001, 11, 124, 120, 81, 35, 347, 1, 1, 1, 0.844842, 0.841028, 69, 0, 0, 0, 0, 0, 1
126, 801, 303, 14369267, 14, 58, 187, 10000000, 10000000, 10000000, 1, 1, 0, 0, 0, 69, 0, 0, 1, 1, 1, 0
187, 798, 305, 14369267, 14, 111, 146, 398, 367, 306, 1, 1, 0.963154, 0.961978, 0.855117, 69, 0, 0, 1, 1, 1, 0
58, 801, 351, 14369267, 14, 146, 87, 398, 367, 111, 1, 0.845668, 1, 1, 0.407589, 69, 0, 0, 1, 1, 0, 1
104, 401, 515, 14372423, 12, 108, 154, 10000000, 10000000, 10000000, 1, 0.536247, 0, 0, 0, 69, 0, 0, 1, 1, 1, 1
367, 786, 401, 14373689, 15, 334, 111, 87, 280, 146, 0.901532, 1, 1, 0.533843, 0.544404, 69, 0, 0, 0, 0, 0, 0
398, 787, 401, 14373689, 15, 111, 280, 87, 146, 334, 1, 0.629862, 0.718033, 0.544404, 0.272418, 69, 0, 0, 0, 0, 1, 0
87, 798, 466, 14373690, 15, 131, 334, 371, 261, 280, 1, 1, 1, 0.856879, 1, 69, 0, 0, 1, 0, 0, 0
111, 801, 519, 14373690, 15, 377, 371, 334, 280, 261, 1, 0.853753, 0.681045, 1, 0.535549, 69, 1, 1, 0, 0, 0, 0
347, 601, 426, 14376423, 12, 21, 179, 130, 332, 85, 0.962974, 1, 0.857211, 0.71955, 1, 69, 0, 0, 0, 1, 0, 0
81, 669, 401, 14376423, 12, 398, 367, 306, 234, 283, 1, 1, 1, 1, 1, 69, 1, 1, 0, 0, 0, 0
120, 691, 398, 14376423, 12, 367, 398, 306, 234, 35, 1, 0.962417, 0.961271, 1, 1, 69, 1, 1, 0, 0, 0, 0
124, 705, 401, 14376423, 12, 398, 367, 111, 306, 234, 1, 1, 0.641835, 1, 1, 69, 1, 1, 0, 0, 0, 1
234, 746, 401, 14376845, 13, 398, 367, 111, 87, 306, 1, 1, 0.748774, 0.427238, 1, 69, 1, 1, 0, 0, 0, 0
306, 775, 401, 14376845, 13, 111, 87, 146, 371, 10000000, 0.96271, 0.640857, 0.427924, 0.299203, 0, 69, 0, 0, 0, 1, 1, 0
367, 786, 401, 14376845, 13, 334, 111, 87, 280, 146, 0.900677, 1, 1, 0.533663, 0.544171, 69, 0, 0, 0, 0, 0, 0
398, 787, 401, 14376845, 13, 111, 280, 87, 146, 334, 1, 0.629549, 0.717761, 0.544171, 0.272301, 69, 0, 0, 0, 0, 1, 1
87, 798, 466, 14377268, 14, 131, 334, 371, 261, 280, 1, 1, 1, 0.856551, 1, 69, 0, 0, 1, 0, 0, 0
146, 798, 507, 14377268, 14, 94, 131, 261, 334, 371, 0.961145, 1, 1, 1, 1, 69, 0, 0, 0, 0, 1, 0
111, 801, 519, 14377268, 14, 377, 371, 334, 280, 261, 1, 0.853427, 0.680714, 1, 0.535344, 69, 1, 1, 0, 0, 0, 1
280, 798, 539, 14377268, 14, 94, 131, 261, 334, 371, 0.961145, 1, 1, 1, 1, 69, 0, 0, 0, 0, 1, 0
280, 798, 539, 14377690, 15, 94, 131, 261, 334, 371, 0.961102, 1, 1, 1, 1, 69, 0, 0, 0, 0, 1, 0
371, 801, 613, 14377690, 15, 131, 94, 261, 171, 37, 1, 0.854313, 1, 0.748771, 0.838846, 69, 0, 0, 0, 0, 0, 1
334, 801, 627, 14377690, 15, 94, 171, 131, 261, 37, 1, 0.959122, 1, 1, 0.958681, 69, 0, 0, 0, 0, 0, 0
261, 801, 663, 14377690, 15, 94, 297, 131, 171, 37, 1, 0.957998, 1, 0.787099, 1, 69, 0, 0, 0, 0, 0, 0
108, 398, 673, 14380845, 13, 304, 352, 292, 227, 177, 0.749448, 0.747294, 1, 0.533569, 0.857365, 69, 1, 1, 0, 1, 0, 1
261, 801, 663, 14382112, 16, 94, 297, 131, 171, 37, 1, 0.957491, 1, 0.786551, 1, 69, 0, 0, 0, 0, 0, 0
37, 798, 670, 14382112, 16, 133, 248, 94, 297, 171, 0.962207, 0.963379, 1, 1, 1, 69, 0, 0, 0, 0, 0, 0
131, 801, 688, 14382112, 16, 74, 248, 94, 297, 171, 1, 0.844549, 1, 0.837804, 0.838787, 69, 0, 0, 0, 0, 0, 1
171, 798, 709, 14382112, 16, 133, 248, 69, 301, 74, 1, 1, 0.746174, 0.854807, 0.690414, 69, 0, 0, 0, 1, 0, 0
94, 801, 737, 14382113, 16, 248, 133, 69, 10000000, 10000000, 0.943604, 0.534559, 0.3738, 0, 0, 69, 0, 0, 0, 1, 1, 0
171, 798, 709, 14382534, 17, 133, 248, 69, 301, 74, 1, 1, 0.74614, 0.854768, 0.690347, 69, 0, 0, 0, 1, 0, 0
94, 801, 737, 14382535, 17, 248, 133, 69, 10000000, 10000000, 0.943541, 0.534535, 0.373771, 0, 0, 69, 0, 0, 0, 1, 1, 0
297, 798, 737, 14382535, 17, 69, 133, 248, 301, 223, 0.959323, 1, 1, 0.961614, 0.746266, 69, 0, 0, 0, 1, 0, 0
248, 801, 862, 14382535, 17, 69, 133, 74, 10000000, 10000000, 1, 1, 0.962907, 0, 0, 69, 0, 0, 0, 1, 1, 1
74, 798, 866, 14386957, 18, 69, 133, 281, 10000000, 10000000, 1, 1, 0.426639, 0, 0, 69, 0, 0, 1, 1, 1, 0
133, 801, 895, 14386957, 18, 69, 10000000, 10000000, 10000000, 10000000, 1, 0, 0, 0, 0, 69, 0, 1, 1, 1, 1, 0
85, 598, 465, 14392845, 13, 186, 332, 243, 21, 130, 0.852124, 1, 1, 1, 1, 69, 0, 0, 0, 0, 0, 0
179, 601, 498, 14392845, 13, 21, 243, 332, 130, 186, 1, 0.949038, 0.642021, 1, 0.106515, 69, 0, 0, 0, 0, 1, 0
130, 598, 500, 14392845, 13, 186, 332, 19, 243, 21, 1, 1, 0.812465, 1, 1, 69, 0, 0, 0, 0, 0, 0
21, 601, 543, 14392845, 13, 19, 186, 332, 4, 10000000, 1, 0.676577, 1, 0.313255, 0, 69, 0, 0, 0, 0, 1, 0
332, 598, 571, 14392845, 13, 4, 186, 19, 128, 204, 1, 1, 0.959773, 0.854965, 0.71746, 69, 0, 0, 0, 0, 0, 0
332, 598, 571, 14393267, 14, 4, 186, 19, 128, 204, 1, 1, 0.95973, 0.854926, 0.717424, 69, 0, 0, 0, 0, 0, 0
19, 598, 650, 14393268, 14, 393, 360, 309, 4, 236, 1, 1, 1, 1, 1, 69, 1, 1, 0, 0, 0, 0
236, 598, 733, 14393690, 15, 112, 109, 387, 358, 384, 1, 0.954898, 1, 1, 0.962792, 69, 0, 0, 1, 1, 1, 0
4, 601, 744, 14393690, 15, 387, 384, 358, 393, 360, 1, 1, 1, 1, 1, 69, 1, 1, 1, 1, 1, 0
309, 598, 772, 14393690, 15, 112, 194, 240, 337, 6, 1, 0.851724, 0.962094, 1, 0.748158, 69, 0, 0, 0, 0, 0, 0
360, 598, 786, 14393690, 15, 194, 112, 240, 6, 219, 1, 1, 1, 0.748158, 0.896172, 69, 0, 0, 0, 0, 0, 0
393, 598, 787, 14393690, 15, 194, 112, 240, 219, 6, 1, 1, 1, 1, 0.748158, 69, 0, 0, 0, 0, 0, 0
240, 653, 798, 14394112, 16, 6, 301, 194, 223, 112, 1, 0.843875, 1, 0.408442, 0.639654, 69, 0, 0, 0, 0, 0, 0
219, 598, 914, 14394112, 16, 361, 322, 253, 80, 140, 0.958539, 0.855118, 0.747872, 0.426221, 0.532424, 69, 1, 1, 0, 0, 0, 0
112, 601, 915, 14394112, 16, 194, 6, 10000000, 10000000, 10000000, 0.425843, 0.320625, 0, 0, 0, 69, 0, 0, 1, 1, 1, 0
194, 699, 798, 14402534, 17, 51, 6, 223, 301, 248, 1, 0.961009, 0.679957, 0.533091, 0.313528, 69, 0, 0, 0, 0, 1, 0
6, 741, 798, 14402535, 17, 248, 301, 133, 10000000, 10000000, 0.597081, 0.943413, 0.213358, 0, 0, 69, 1, 0, 1, 1, 1, 0
301, 829, 798, 14402957, 18, 133, 248, 69, 10000000, 10000000, 0.853393, 0.961234, 0.5318, 0, 0, 69, 0, 0, 0, 1, 1, 0
98, 201, 132, 15299999, 1, 193, 249, 313, 368, 13, 1, 1, 1, 1, 0.884133, 211, 0, 0, 0, 1, 0, 0
313, 201, 236, 15300200, 2, 311, 363, 23, 132, 305, 1, 0.914322, 0.969294, 1, 0.843489, 211, 0, 1, 0, 0, 0, 0
13, 198, 245, 15300200, 2, 299, 399, 386, 311, 366, 0.972419, 1, 0.971366, 0.970722, 1, 211, 0, 1, 1, 0, 1, 0
249, 201, 269, 15300200, 2, 386, 399, 363, 311, 299, 0.825531, 0.755539, 0.47669, 1, 0.87057, 211, 1, 1, 1, 0, 0, 0
193, 198, 281, 15300200, 2, 363, 386, 399, 205, 299, 1, 1, 0.971408, 0.969849, 1, 211, 1, 1, 1, 0, 0, 1
386, 198, 387, 15300622, 3, 274, 205, 18, 299, 65, 1, 1, 1, 1, 0.86461, 211, 0, 0, 0, 0, 0, 0
399, 198, 387, 15300622, 3, 274, 65, 205, 18, 299, 1, 0.972686, 1, 1, 1, 211, 0, 0, 0, 0, 0, 0
363, 201, 415, 15300622, 3, 65, 274, 205, 188, 18, 0.972686, 1, 1, 0.756382, 1, 211, 0, 0, 0, 0, 0, 1
299, 201, 469, 15300623, 3, 65, 210, 205, 222, 188, 0.972686, 0.770137, 1, 0.952538, 0.540273, 211, 0, 0, 0, 0, 0, 0
205, 201, 513, 15301045, 4, 45, 276, 10, 65, 210, 0.216148, 0.93975, 0.921759, 1, 0.637631, 211, 0, 0, 0, 0, 0, 0
65, 201, 553, 15301045, 4, 178, 210, 276, 10, 188, 1, 0.822568, 0.752705, 0.70214, 0.216099, 211, 0, 0, 0, 0, 1, 1
10, 198, 640, 15301467, 5, 67, 210, 295, 324, 178, 1, 1, 1, 0.863304, 1, 211, 0, 0, 0, 0, 0, 0
276, 201, 662, 15301467, 5, 67, 59, 210, 295, 107, 0.97156, 1, 1, 0.966931, 0.431259, 211, 0, 0, 0, 0, 0, 0
178, 198, 694, 15301467, 5, 324, 67, 271, 246, 210, 1, 1, 0.540177, 0.970572, 1, 211, 0, 0, 1, 0, 0, 1
210, 201, 711, 15301467, 5, 67, 107, 324, 246, 10000000, 1, 0.323444, 0.702216, 0.755651, 0, 211, 0, 0, 0, 0, 1, 0
210, 201, 711, 15301889, 6, 67, 107, 324, 246, 10000000, 1, 0.32343, 0.702146, 0.755591, 0, 211, 0, 0, 0, 0, 1, 0
67, 201, 764, 15301890, 6, 10000000, 10000000, 10000000, 10000000, 10000000, 0, 0, 0, 0, 0, 211, 1, 1, 1, 1, 1, 0
246, 201, 870, 15301890, 6, 271, 136, 324, 67, 3, 0.756213, 0.538036, 1, 1, 0.215337, 211, 0, 0, 0, 0, 0, 1
324, 201, 833, 15314312, 7, 136, 271, 3, 10000000, 10000000, 0.752245, 0.863085, 0.430098, 0, 0, 211, 0, 0, 0, 1, 1, 1
67, 201, 764, 15314312, 7, 10000000, 10000000, 10000000, 10000000, 10000000, 0, 0, 0, 0, 0, 211, 1, 1, 1, 1, 1, 0
284, 1, 279, 16299999, 1, 32, 348, 176, 282, 230, 1, 0.968558, 1, 0.755376, 0.645523, 297, 0, 0, 0, 0, 0, 0
282, -1, 322, 16300200, 2, 191, 201, 43, 50, 32, 0.971083, 0.938449, 0.753549, 0.824683, 0.967969, 297, 0, 0, 0, 0, 0, 0
176, 1, 335, 16300200, 2, 201, 50, 32, 348, 191, 1, 1, 1, 0.968537, 0.323694, 297, 0, 0, 0, 0, 0, 0
348, -1, 351, 16300200, 2, 191, 340, 390, 259, 43, 1, 0.479724, 0.137727, 0.240983, 0.861199, 297, 0, 1, 1, 1, 0, 0
32, 1, 374, 16300200, 2, 370, 340, 201, 50, 43, 1, 1, 1, 1, 0.63979, 297, 0, 0, 0, 0, 0, 1
50, -1, 454, 16300622, 3, 390, 259, 370, 43, 340, 1, 0.32354, 1, 1, 1, 297, 1, 1, 0, 0, 0, 1
201, -1, 477, 16300622, 3, 390, 328, 374, 370, 43, 1, 1, 1, 1, 1, 297, 1, 0, 0, 0, 0, 0
340, -1, 555, 16300622, 3, 390, 353, 308, 259, 163, 1, 0.466336, 0.137809, 0.754926, 1, 297, 1, 1, 1, 0, 0, 1
390, -1, 587, 16305045, 4, 189, 259, 134, 103, 163, 1, 1, 0.753975, 0.950268, 1, 297, 0, 0, 0, 0, 0, 1
103, 22, 601, 16305467, 5, 34, 134, 189, 259, 276, 1, 1, 1, 1, 0.537532, 297, 0, 0, 0, 0, 0, 0
189, 91, 601, 16305467, 5, 20, 34, 276, 134, 210, 0.822184, 1, 0.752545, 1, 0.537572, 297, 0, 0, 0, 0, 0, 1
163, 1, 722, 16305467, 5, 134, 34, 259, 10000000, 10000000, 0.323117, 0.215036, 0.431161, 0, 0, 297, 0, 0, 1, 1, 1, 0
134, 124, 598, 16305889, 6, 182, 107, 34, 20, 10000000, 1, 0.608279, 1, 0, 0, 297, 0, 0, 0, 0, 1, 0
34, 148, 598, 16305889, 6, 20, 182, 107, 276, 10000000, 0.882069, 0.7724, 0.539918, 0.215003, 0, 297, 0, 0, 0, 1, 1, 1
20, 236, 601, 16310311, 7, 107, 182, 16, 154, 162, 1, 1, 0.607559, 0.323637, 0.646233, 297, 0, 0, 0, 0, 0, 1
182, 280, 601, 16310311, 7, 162, 107, 16, 154, 79, 0.861644, 1, 0.638021, 0.539396, 0.322591, 297, 0, 0, 0, 0, 0, 0
182, 280, 601, 16310733, 8, 162, 107, 16, 154, 79, 0.861605, 1, 0.637978, 0.539371, 0.322576, 297, 0, 0, 0, 0, 0, 0
107, 353, 598, 16310734, 8, 173, 16, 162, 10000000, 10000000, 0.792049, 0.755442, 0.538503, 0, 0, 297, 0, 0, 0, 1, 1, 1
16, 427, 601, 16310734, 8, 90, 96, 273, 162, 173, 1, 1, 0.860764, 1, 1, 297, 0, 0, 0, 0, 0, 0
16, 427, 601, 16311156, 9, 90, 96, 273, 162, 173, 1, 1, 0.860725, 1, 1, 297, 0, 0, 0, 0, 0, 1
340, -1, 555, 16313044, 4, 390, 353, 308, 259, 163, 1, 0.464989, 0.137574, 0.753916, 1, 297, 1, 1, 1, 0, 0, 0
43, 1, 561, 16313044, 4, 214, 163, 328, 374, 267, 1, 0.957543, 1, 1, 0.863275, 297, 0, 0, 0, 0, 0, 0
370, -1, 580, 16313045, 4, 259, 392, 396, 390, 134, 0.96932, 0.874284, 0.306251, 1, 0.753326, 297, 0, 1, 1, 1, 0, 0
390, -1, 587, 16313045, 4, 189, 259, 134, 103, 163, 1, 1, 0.753326, 0.948825, 1, 297, 0, 0, 0, 0, 0, 1
103, 22, 601, 16313467, 5, 34, 134, 189, 259, 276, 1, 1, 1, 1, 0.53707, 297, 0, 0, 0, 0, 0, 0
189, 91, 601, 16313467, 5, 20, 34, 276, 134, 210, 0.821284, 1, 0.751898, 1, 0.53711, 297, 0, 0, 0, 0, 0, 1
163, 1, 722, 16313467, 5, 134, 34, 259, 10000000, 10000000, 0.322839, 0.214851, 0.430789, 0, 0, 297, 0, 0, 1, 1, 1, 1
134, 124, 598, 16313889, 6, 182, 107, 34, 20, 10000000, 1, 0.606803, 1, 0, 0, 297, 0, 0, 0, 0, 1, 0
34, 149, 598, 16313889, 6, 20, 182, 107, 276, 10000000, 0.878968, 0.767656, 0.539452, 0.214818, 0, 297, 0, 0, 0, 1, 1, 0
20, 236, 601, 16313889, 6, 107, 182, 16, 154, 162, 1, 1, 0.6069, 0.323513, 0.645984, 297, 0, 0, 0, 0, 0, 1
182, 280, 601, 16314311, 7, 162, 107, 16, 154, 79, 0.861273, 1, 0.637614, 0.539163, 0.322452, 297, 0, 0, 0, 0, 0, 1
107, 353, 598, 16314312, 7, 173, 16, 162, 10000000, 10000000, 0.789811, 0.754932, 0.538296, 0, 0, 297, 0, 0, 0, 1, 1, 1
173, 485, 601, 16315578, 10, 273, 128, 96, 162, 90, 1, 0.859186, 1, 1, 0.753628, 297, 0, 0, 0, 0, 0, 0
162, 536, 598, 16315578, 10, 143, 273, 90, 19, 96, 1, 1, 1, 1, 1, 297, 0, 0, 0, 0, 0, 0
90, 630, 601, 16315579, 10, 371, 377, 318, 84, 251, 0.970817, 1, 1, 1, 1, 297, 1, 0, 0, 0, 0, 1
251, 717, 601, 16316001, 11, 334, 261, 131, 371, 377, 0.969413, 0.85935, 0.753794, 1, 1, 297, 0, 0, 0, 0, 0, 0
377, 779, 601, 16316001, 11, 131, 261, 94, 37, 334, 1, 1, 0.967663, 1, 1, 297, 0, 0, 0, 0, 0, 1
37, 798, 647, 16320423, 12, 297, 131, 94, 261, 171, 1, 1, 1, 1, 1, 297, 0, 0, 0, 0, 0, 1
334, 801, 648, 16320423, 12, 297, 131, 94, 261, 171, 1, 1, 0.967203, 1, 0.967476, 297, 0, 0, 0, 0, 0, 0
171, 798, 686, 16332845, 13, 297, 131, 94, 261, 10000000, 1, 1, 1, 1, 0, 297, 0, 0, 0, 0, 1, 0
261, 801, 688, 16332845, 13, 297, 131, 94, 10000000, 10000000, 1, 1, 1, 0, 0, 297, 0, 0, 0, 1, 1, 0
131, 801, 712, 16332846, 13, 297, 10000000, 10000000, 10000000, 10000000, 1, 0, 0, 0, 0, 297, 0, 1, 1, 1, 1, 0
27, 382, 198, 17299999, 1, 312, 239, 116, 244, 122, 1, 1, 1, 0.968681, 1, 248, 0, 0, 0, 0, 0, 0
116, 398, 246, 17300200, 2, 300, 381, 395, 388, 41, 0.968679, 1, 1, 1, 1, 248, 0, 0, 1, 1, 0, 1
122, 455, 201, 17300200, 2, 88, 114, 380, 287, 312, 1, 0.323032, 1, 0.864593, 1, 248, 1, 0, 0, 0, 0, 0
244, 492, 198, 17300200, 2, 86, 88, 380, 117, 312, 1, 1, 1, 1, 0.825075, 248, 0, 0, 0, 0, 0, 0
312, 540, 201, 17300200, 2, 88, 114, 287, 47, 86, 1, 0.725045, 1, 0.95992, 0.964611, 248, 1, 0, 0, 0, 0, 1
88, 588, 198, 17300622, 3, 114, 206, 272, 47, 213, 1, 1, 1, 1, 1, 248, 0, 0, 0, 0, 0, 1
47, 598, 223, 17300622, 3, 114, 290, 347, 206, 85, 1, 1, 0.754231, 1, 0.27548, 248, 0, 0, 0, 0, 0, 0
86, 619, 201, 17300622, 3, 385, 232, 389, 350, 345, 0.971126, 0.215695, 0.754072, 0.972234, 1, 248, 1, 1, 1, 0, 0, 0
47, 598, 223, 17301044, 4, 114, 290, 347, 206, 85, 1, 1, 0.754197, 1, 0.275464, 248, 0, 0, 0, 0, 0, 0
206, 598, 265, 17301044, 4, 286, 347, 114, 290, 85, 0.968263, 1, 1, 1, 0.60367, 248, 0, 0, 0, 0, 0, 0
213, 677, 201, 17301044, 4, 389, 385, 319, 350, 250, 1, 1, 0.75583, 1, 0.539265, 248, 1, 1, 0, 0, 0, 0
272, 701, 201, 17301045, 4, 389, 385, 319, 250, 126, 1, 1, 0.863806, 0.754971, 0.539127, 248, 1, 1, 0, 0, 0, 1
114, 601, 334, 17301045, 4, 130, 286, 347, 85, 179, 1, 0.860678, 0.861939, 0.698811, 0.567635, 248, 0, 0, 0, 0, 0, 1
85, 598, 428, 17301467, 5, 21, 332, 179, 243, 286, 1, 1, 1, 1, 1, 248, 0, 0, 0, 0, 0, 0
347, 601, 457, 17301467, 5, 21, 179, 243, 286, 332, 0.972439, 1, 0.964015, 1, 0.753037, 248, 0, 0, 0, 0, 0, 0
130, 598, 463, 17301467, 5, 21, 19, 332, 179, 243, 1, 0.861459, 1, 1, 1, 248, 0, 1, 0, 0, 0, 1
286, 601, 503, 17301467, 5, 19, 21, 204, 179, 332, 1, 1, 0.797864, 1, 0.968478, 248, 1, 0, 0, 0, 0, 0
243, 598, 513, 17301889, 6, 186, 19, 204, 21, 332, 0.862456, 1, 0.823393, 1, 1, 248, 0, 1, 0, 0, 0, 0
179, 601, 537, 17301889, 6, 204, 19, 21, 273, 10000000, 1, 0.909657, 1, 0.790985, 0, 248, 0, 1, 0, 0, 1, 0
332, 598, 539, 17301889, 6, 186, 204, 19, 4, 21, 0.970263, 1, 1, 0.753205, 1, 248, 0, 0, 1, 0, 0, 0
21, 601, 581, 17301889, 6, 360, 309, 236, 204, 186, 1, 1, 1, 1, 0.688504, 248, 0, 0, 0, 0, 0, 1
19, 598, 611, 17301890, 6, 393, 186, 360, 309, 4, 0.971613, 1, 0.9718, 1, 0.860806, 248, 1, 0, 0, 0, 0, 0
204, 598, 672, 17302312, 7, 4, 393, 360, 186, 309, 1, 1, 1, 1, 1, 248, 0, 1, 0, 0, 0, 0
236, 598, 695, 17302312, 7, 393, 109, 4, 387, 358, 1, 1, 1, 0.755542, 0.753649, 248, 1, 0, 0, 1, 1, 1
186, 601, 747, 17302312, 7, 109, 4, 393, 387, 384, 1, 1, 0.961943, 1, 1, 248, 0, 0, 1, 1, 1, 0
388, 401, 412, 17308622, 3, 104, 217, 300, 279, 115, 1, 1, 1, 1, 1, 248, 0, 0, 0, 0, 0, 0
389, 812, 198, 17309467, 5, 250, 187, 319, 40, 126, 0.969797, 1, 1, 1, 0.646365, 248, 0, 0, 0, 0, 0, 1
40, 798, 235, 17309889, 6, 58, 126, 250, 187, 319, 1, 1, 1, 1, 1, 248, 1, 0, 0, 0, 0, 0
319, 801, 258, 17309889, 6, 87, 58, 126, 250, 187, 1, 0.970443, 1, 1, 1, 248, 0, 0, 0, 0, 0, 0
187, 798, 261, 17309889, 6, 87, 58, 126, 250, 367, 0.966872, 1, 1, 1, 0.646462, 248, 0, 1, 0, 0, 1, 1
4, 601, 781, 17310734, 8, 219, 109, 112, 10000000, 10000000, 0.93121, 1, 0.752256, 0, 0, 248, 0, 0, 0, 1, 1, 0
393, 598, 787, 17310734, 8, 240, 337, 194, 219, 109, 1, 1, 0.753914, 1, 0.969807, 248, 0, 0, 0, 0, 0, 1
109, 598, 832, 17310734, 8, 219, 10000000, 10000000, 10000000, 10000000, 1, 0, 0, 0, 0, 248, 0, 1, 1, 1, 1, 0
109, 598, 832, 17311156, 9, 219, 10000000, 10000000, 10000000, 10000000, 1, 0, 0, 0, 0, 248, 0, 1, 1, 1, 1, 0
337, 656, 798, 17311156, 9, 6, 194, 51, 240, 301, 1, 1, 0.775333, 1, 0.273699, 248, 0, 0, 0, 0, 0, 1
219, 598, 875, 17311156, 9, 253, 140, 10000000, 10000000, 10000000, 0.430332, 0.215204, 0, 0, 0, 248, 0, 0, 1, 1, 1, 0
250, 801, 299, 17314311, 7, 87, 58, 126, 10000000, 10000000, 1, 1, 1, 0, 0, 248, 0, 1, 0, 1, 1, 0
126, 801, 347, 17314311, 7, 87, 146, 280, 398, 58, 1, 0.866546, 0.781121, 1, 1, 248, 0, 0, 0, 1, 1, 0
58, 801, 396, 17314312, 7, 146, 280, 111, 87, 398, 1, 0.864691, 0.70225, 0.941612, 1, 248, 0, 0, 0, 0, 1, 0
87, 798, 430, 17314312, 7, 334, 111, 371, 280, 146, 0.863456, 1, 0.86125, 1, 1, 248, 0, 0, 0, 0, 0, 1
146, 798, 476, 17314734, 8, 334, 371, 261, 131, 111, 1, 1, 0.861904, 0.754963, 1, 248, 0, 0, 0, 0, 0, 0
280, 798, 499, 17314734, 8, 297, 261, 334, 371, 131, 1, 0.969642, 1, 1, 0.845885, 248, 0, 0, 0, 0, 0, 0
111, 801, 555, 17314734, 8, 171, 334, 371, 261, 37, 1, 0.959375, 1, 0.823388, 0.917954, 248, 0, 0, 0, 0, 0, 0
240, 691, 798, 17315578, 10, 6, 51, 194, 301, 196, 1, 1, 1, 0.944914, 0.783323, 248, 0, 0, 0, 0, 0, 0
194, 740, 798, 17315579, 10, 6, 51, 301, 196, 248, 0.966358, 0.915036, 0.754885, 0.864482, 0.215237, 248, 0, 0, 0, 0, 1, 0
6, 780, 798, 17315579, 10, 74, 248, 10000000, 10000000, 10000000, 1, 0.322856, 0, 0, 0, 248, 0, 1, 1, 1, 1, 1
74, 798, 827, 17316001, 11, 248, 133, 10000000, 10000000, 10000000, 1, 1, 0, 0, 0, 248, 0, 0, 1, 1, 1, 1
133, 801, 931, 17316423, 12, 248, 10000000, 10000000, 10000000, 10000000, 1, 0, 0, 0, 0, 248, 0, 1, 1, 1, 1, 0
371, 801, 628, 17319156, 9, 131, 261, 297, 334, 171, 1, 1, 0.950017, 1, 0.860779, 248, 0, 0, 0, 0, 0, 0
37, 798, 635, 17319156, 9, 94, 131, 297, 261, 171, 1, 1, 1, 1, 1, 248, 0, 0, 0, 0, 0, 0
171, 798, 675, 17319157, 9, 248, 94, 133, 131, 297, 0.968195, 1, 0.755117, 1, 1, 248, 0, 0, 0, 0, 0, 0
297, 798, 702, 17319579, 10, 248, 94, 133, 131, 74, 0.860579, 1, 0.755082, 1, 0.634334, 248, 0, 0, 0, 0, 0, 0
131, 801, 724, 17319579, 10, 74, 94, 248, 133, 10000000, 1, 1, 0.565441, 0.566612, 0, 248, 0, 0, 0, 0, 1, 0
94, 801, 776, 17319579, 10, 248, 74, 133, 69, 6, 0.968151, 1, 0.961028, 0.241315, 0, 248, 0, 0, 0, 0, 0, 0
115, 398, 454, 17321044, 4, 104, 217, 300, 108, 154, 1, 1, 1, 0.317371, 0.537793, 248, 0, 0, 0, 0, 0, 0
300, 401, 481, 17321044, 4, 108, 104, 217, 166, 24, 1, 1, 1, 0.430814, 0.322013, 248, 0, 0, 0, 0, 0, 0
217, 401, 516, 17321045, 4, 108, 104, 79, 10000000, 10000000, 0.878985, 1, 0.107526, 0, 0, 248, 0, 0, 0, 1, 1, 0
104, 401, 549, 17321045, 4, 154, 108, 10000000, 10000000, 10000000, 0.601472, 0.700458, 0, 0, 0, 248, 0, 0, 1, 1, 1, 0
108, 398, 634, 17321467, 5, 79, 154, 352, 304, 227, 1, 1, 0.431189, 0.430963, 0.215496, 248, 0, 0, 1, 1, 1, 0
154, 401, 724, 17321467, 5, 289, 52, 79, 292, 169, 1, 1, 1, 0.842827, 0.760261, 248, 0, 0, 0, 0, 0, 0
79, 401, 774, 17321889, 6, 292, 169, 289, 52, 177, 1, 1, 1, 1, 0.64516, 248, 0, 0, 0, 0, 0, 0
52, 398, 836, 17321890, 6, 292, 169, 289, 177, 10000000, 1, 1, 1, 1, 0, 248, 0, 0, 0, 0, 1, 0
6, 780, 798, 17324001, 11, 74, 248, 10000000, 10000000, 10000000, 1, 0.322564, 0, 0, 0, 248, 0, 1, 1, 1, 1, 0
74, 798, 827, 17324001, 11, 248, 133, 10000000, 10000000, 10000000, 1, 1, 0, 0, 0, 248, 0, 0, 1, 1, 1, 0
169, 398, 869, 17326312, 7, 292, 231, 10000000, 10000000, 10000000, 0.970051, 0.323071, 0, 0, 0, 248, 0, 1, 1, 1, 1, 0
292, 401, 889, 17326312, 7, 181, 82, 10000000, 10000000, 10000000, 0.429494, 0.215317, 0, 0, 0, 248, 0, 0, 1, 1, 1, 0
289, 398, 900, 17326312, 7, 231, 292, 195, 327, 42, 0.538452, 0.754484, 0.322903, 0.64372, 0.214534, 248, 0, 0, 0, 1, 0, 0
177, 401, 937, 17326312, 7, 292, 169, 181, 289, 10000000, 1, 1, 0.214747, 1, 0, 248, 0, 0, 0, 0, 1, 0
133, 801, 931, 17328423, 12, 248, 10000000, 10000000, 10000000, 10000000, 1, 0, 0, 0, 0, 248, 0, 1, 1, 1, 1, 0
323, 201, 64, 18299999, 1, 193, 368, 13, 98, 123, 1, 1, 1, 1, 1, 57, 0, 0, 1, 0, 0, 0
123, 201, 146, 18300200, 2, 313, 193, 368, 229, 13, 1, 1, 1, 0.796357, 0.940892, 57, 0, 0, 0, 0, 1, 0
193, 198, 241, 18300200, 2, 363, 23, 386, 366, 132, 1, 1, 1, 1, 1, 57, 0, 1, 1, 0, 0, 1
132, 201, 356, 18300622, 3, 311, 363, 222, 18, 23, 0.960232, 1, 0.874852, 1, 1, 57, 0, 0, 0, 1, 1, 0
366, 198, 365, 18300623, 3, 205, 299, 65, 399, 386, 0.968599, 1, 0.646089, 1, 1, 57, 0, 0, 0, 1, 1, 0
386, 198, 387, 18300623, 3, 168, 274, 205, 299, 311, 1, 0.86104, 0.968599, 1, 1, 57, 0, 0, 0, 0, 0, 0
23, 201, 388, 18300623, 3, 205, 299, 311, 363, 113, 1, 0.968371, 1, 1, 1, 57, 0, 0, 0, 0, 0, 0
363, 201, 435, 18300623, 3, 65, 10, 188, 205, 274, 0.646089, 0, 0.431915, 0.968599, 0.75341, 57, 0, 1, 0, 0, 0, 1
205, 201, 554, 18301045, 4, 178, 276, 65, 295, 10, 1, 0.826851, 1, 0.779658, 0.959287, 57, 0, 0, 1, 0, 1, 0
65, 201, 594, 18301045, 4, 182, 276, 295, 20, 178, 1, 0.964033, 1, 1, 0.912745, 57, 0, 0, 0, 0, 0, 1
10, 198, 596, 18301045, 4, 182, 67, 210, 276, 295, 1, 1, 1, 1, 1, 57, 0, 1, 0, 0, 0, 0
20, 214, 601, 18301467, 5, 107, 16, 182, 162, 96, 1, 0.757143, 1, 0.484005, 0.430497, 57, 0, 0, 0, 0, 0, 0
182, 255, 601, 18301467, 5, 107, 16, 154, 162, 96, 1, 0.726344, 0.322811, 0.646335, 0.322873, 57, 0, 0, 0, 0, 0, 1
178, 198, 655, 18301467, 5, 67, 210, 324, 59, 276, 1, 1, 0.969883, 0.964484, 1, 57, 0, 0, 0, 0, 0, 0
295, 198, 694, 18301468, 5, 59, 67, 210, 324, 276, 0.964484, 0.967972, 1, 1, 1, 57, 0, 1, 0, 0, 0, 0
276, 201, 698, 18301468, 5, 67, 210, 324, 59, 10000000, 1, 1, 1, 1, 0, 57, 1, 0, 0, 0, 1, 1
107, 379, 598, 18301890, 6, 173, 162, 108, 16, 10000000, 0.922026, 0.684788, 1, 0.823489, 0, 57, 0, 0, 0, 1, 1, 1
16, 410, 601, 18301890, 6, 96, 162, 90, 173, 332, 1, 1, 0.878704, 1, 0.323946, 57, 0, 0, 0, 0, 1, 0
108, 398, 621, 18302312, 7, 79, 154, 292, 177, 304, 1, 1, 0.753805, 0.430766, 0.324074, 57, 0, 0, 0, 0, 1, 0
16, 410, 601, 18302312, 7, 96, 162, 90, 173, 332, 1, 1, 0.878541, 1, 0.323931, 57, 0, 0, 0, 0, 1, 0
173, 462, 601, 18302312, 7, 273, 143, 19, 21, 96, 1, 1, 1, 1, 1, 57, 0, 0, 1, 1, 0, 1
162, 564, 598, 18302312, 7, 318, 273, 251, 143, 90, 1, 1, 1, 1, 1, 57, 0, 0, 0, 0, 1, 0
96, 585, 598, 18302735, 8, 273, 251, 143, 84, 236, 1, 1, 1, 0.753596, 1, 57, 0, 0, 0, 0, 0, 0
19, 598, 605, 18302735, 8, 128, 318, 273, 251, 143, 1, 1, 1, 1, 1, 57, 0, 0, 0, 0, 0, 0
210, 201, 752, 18305890, 6, 67, 10000000, 10000000, 10000000, 10000000, 1, 0, 0, 0, 0, 57, 1, 1, 1, 1, 1, 0
67, 201, 792, 18305890, 6, 352, 271, 227, 95, 3, 1, 1, 1, 0.796179, 0, 57, 0, 0, 0, 0, 0, 1
59, 198, 815, 18305890, 6, 67, 210, 10000000, 10000000, 10000000, 0.953137, 0.910799, 0, 0, 0, 57, 1, 0, 1, 1, 1, 0
324, 201, 867, 18305890, 6, 208, 67, 136, 271, 3, 0.241629, 1, 0.429877, 0.538103, 0.215439, 57, 0, 1, 0, 0, 0, 0
95, 213, 801, 18306312, 7, 3, 352, 33, 136, 304, 1, 0.968194, 0.883141, 1, 1, 57, 0, 0, 0, 0, 0, 0
227, 292, 801, 18306312, 7, 33, 3, 352, 136, 304, 0.970577, 1, 1, 1, 1, 57, 0, 0, 0, 0, 0, 0
271, 317, 798, 18306312, 7, 141, 33, 3, 352, 136, 1, 0.913559, 1, 0.968194, 1, 57, 0, 0, 0, 0, 0, 0
352, 365, 801, 18306312, 7, 181, 257, 141, 82, 33, 0.969899, 1, 1, 0.753818, 1, 57, 0, 0, 0, 0, 0, 1
33, 428, 801, 18306735, 8, 82, 387, 384, 358, 181, 1, 1, 1, 1, 1, 57, 0, 1, 1, 0, 0, 0
141, 450, 801, 18306735, 8, 337, 82, 387, 384, 358, 0.966312, 1, 1, 1, 1, 57, 0, 1, 1, 1, 0, 0
257, 483, 801, 18306735, 8, 337, 240, 82, 387, 384, 0.966312, 0.861872, 1, 1, 1, 57, 0, 0, 1, 1, 1, 0
181, 563, 798, 18306735, 8, 337, 4, 393, 109, 240, 1, 1, 1, 1, 0.685722, 57, 0, 1, 1, 0, 0, 1
393, 598, 787, 18307157, 9, 240, 337, 194, 4, 6, 0.969562, 1, 0.646771, 1, 0.324044, 57, 0, 0, 0, 1, 0, 0
4, 601, 788, 18307157, 9, 10000000, 10000000, 10000000, 10000000, 10000000, 0, 0, 0, 0, 0, 57, 1, 1, 1, 1, 1, 0
109, 598, 819, 18307157, 9, 4, 186, 393, 10000000, 10000000, 1, 1, 1, 0, 0, 57, 1, 0, 1, 1, 1, 0
337, 668, 798, 18307157, 9, 6, 51, 194, 240, 301, 1, 0.874979, 1, 1, 0.240868, 57, 1, 0, 0, 0, 0, 1
240, 705, 798, 18307580, 10, 252, 6, 301, 51, 194, 1, 1, 0.795737, 0.784735, 1, 57, 0, 1, 0, 0, 0, 0
194, 754, 798, 18307580, 10, 252, 196, 301, 51, 74, 1, 0.907571, 0.842996, 0.936646, 1, 57, 0, 0, 0, 0, 0, 0
6, 787, 798, 18307580, 10, 329, 223, 301, 252, 196, 1, 0.971419, 1, 0.916095, 1, 57, 0, 0, 0, 0, 0, 1
51, 829, 801, 18307580, 10, 57, 211, 329, 223, 252, 1, 1, 1, 1, 1, 57, 1, 0, 0, 0, 0, 0
196, 853, 801, 18308002, 11, 57, 211, 329, 223, 355, 1, 1, 1, 1, 0.860517, 57, 1, 0, 0, 0, 1, 0
301, 872, 798, 18308002, 11, 54, 211, 223, 57, 329, 1, 1, 1, 0.7556, 0.755185, 57, 1, 0, 0, 1, 0, 0
252, 890, 801, 18308002, 11, 57, 54, 355, 211, 329, 1, 1, 0.968082, 0.969288, 1, 57, 1, 1, 0, 0, 0, 0
223, 918, 798, 18308002, 11, 57, 54, 101, 211, 329, 1, 1, 1, 1, 1, 57, 1, 1, 0, 0, 0, 0
329, 931, 801, 18308002, 11, 57, 54, 355, 211, 101, 1, 1, 1, 1, 0.826651, 57, 1, 1, 0, 0, 0, 1
211, 955, 798, 18308424, 12, 57, 54, 101, 226, 355, 1, 1, 1, 0.215262, 1, 57, 1, 1, 0, 1, 0, 0
101, 998, 815, 18308425, 12, 57, 54, 10000000, 10000000, 10000000, 1, 0.958388, 0, 0, 0, 57, 1, 1, 1, 1, 1, 0
54, 1001, 790, 18308425, 12, 57, 10000000, 10000000, 10000000, 10000000, 1, 0, 0, 0, 0, 57, 1, 1, 1, 1, 1, 0
154, 401, 736, 18310734, 8, 79, 10000000, 10000000, 10000000, 10000000, 1, 0, 0, 0, 0, 57, 0, 1, 1, 1, 1, 0
143, 666, 601, 18311157, 9, 84, 377, 371, 128, 318, 1, 1, 0.859452, 1, 1, 57, 0, 0, 1, 0, 0, 0
251, 690, 601, 18311157, 9, 70, 371, 84, 377, 277, 1, 0.966883, 1, 1, 0.752341, 57, 0, 0, 0, 0, 0, 0
273, 706, 598, 18311157, 9, 70, 202, 84, 377, 371, 1, 0.883082, 1, 1, 0.824569, 57, 0, 0, 0, 0, 1, 0
318, 731, 601, 18311157, 9, 148, 334, 202, 371, 70, 0.968918, 0.970741, 1, 1, 1, 57, 0, 0, 0, 0, 0, 0
128, 741, 598, 18311157, 9, 256, 202, 37, 277, 70, 1, 1, 1, 0.823426, 0.918485, 57, 0, 0, 0, 0, 0, 0
37, 798, 623, 18311579, 10, 94, 74, 131, 261, 297, 1, 1, 1, 1, 1, 57, 0, 0, 0, 0, 0, 0
70, 821, 601, 18311579, 10, 9, 303, 397, 354, 148, 1, 0.323669, 0.323357, 0.322761, 1, 57, 1, 1, 1, 1, 0, 0
202, 844, 601, 18311579, 10, 9, 397, 354, 303, 376, 0.96659, 0.646713, 0.645521, 0.431559, 1, 57, 1, 1, 1, 1, 0, 0
79, 401, 787, 18315157, 9, 33, 10000000, 10000000, 10000000, 10000000, 1, 0, 0, 0, 0, 57, 0, 1, 1, 1, 1, 0
33, 428, 801, 18315579, 10, 82, 387, 384, 358, 181, 1, 1, 1, 1, 1, 57, 0, 1, 1, 0, 0, 0
181, 563, 798, 18316001, 11, 337, 4, 393, 109, 240, 1, 1, 1, 1, 0.684852, 57, 0, 1, 1, 0, 0, 0
358, 566, 801, 18316001, 11, 194, 240, 337, 6, 393, 1, 1, 1, 0.647469, 1, 57, 0, 0, 0, 0, 1, 0
384, 587, 801, 18316001, 11, 194, 240, 6, 337, 4, 1, 1, 0.863292, 1, 1, 57, 0, 0, 0, 0, 1, 0
376, 968, 601, 18316002, 11, 145, 255, 151, 54, 307, 0.862191, 0.863149, 1, 0.644453, 0.362304, 57, 0, 0, 0, 0, 1, 0
4, 601, 788, 18319579, 10, 10000000, 10000000, 10000000, 10000000, 10000000, 0, 0, 0, 0, 0, 57, 1, 1, 1, 1, 1, 0
393, 598, 787, 18319579, 10, 240, 337, 194, 4, 6, 0.968267, 1, 0.645906, 1, 0.32361, 57, 0, 0, 0, 1, 0, 0
186, 601, 762, 18319579, 10, 4, 273, 10000000, 10000000, 10000000, 1, 0.215709, 0, 0, 0, 57, 1, 1, 1, 1, 1, 0
297, 798, 689, 18320001, 11, 94, 74, 131, 261, 301, 1, 0.684345, 1, 1, 0.536573, 57, 0, 0, 0, 0, 1, 0
261, 801, 711, 18320002, 11, 94, 74, 131, 148, 10000000, 1, 1, 1, 0.322665, 0, 57, 0, 0, 0, 0, 1, 0
131, 801, 736, 18320002, 11, 94, 74, 10000000, 10000000, 10000000, 1, 1, 0, 0, 0, 57, 0, 0, 1, 1, 1, 0
94, 801, 786, 18320002, 11, 51, 10000000, 10000000, 10000000, 10000000, 1, 0, 0, 0, 0, 57, 0, 1, 1, 1, 1, 0
51, 828, 801, 18320424, 12, 57, 211, 329, 223, 252, 1, 1, 1, 1, 1, 57, 1, 0, 0, 0, 0, 0
252, 890, 801, 18320846, 13, 57, 54, 355, 211, 329, 1, 1, 0.966746, 0.967949, 1, 57, 1, 1, 0, 0, 0, 0
223, 918, 798, 18320846, 13, 57, 54, 101, 211, 329, 1, 1, 1, 1, 1, 57, 1, 1, 0, 0, 0, 0
329, 931, 801, 18320846, 13, 57, 54, 355, 211, 101, 1, 1, 1, 1, 0.825191, 57, 1, 1, 0, 0, 0, 0
211, 955, 798, 18320846, 13, 57, 54, 101, 226, 10000000, 1, 1, 1, 0.214974, 0, 57, 1, 1, 0, 1, 1, 0
4, 601, 788, 18324002, 11, 10000000, 10000000, 10000000, 10000000, 10000000, 0, 0, 0, 0, 0, 57, 1, 1, 1, 1, 1, 0
101, 998, 815, 18325268, 14, 57, 54, 10000000, 10000000, 10000000, 1, 0.955817, 0, 0, 0, 57, 1, 1, 1, 1, 1, 0
54, 1001, 791, 18325268, 14, 57, 10000000, 10000000, 10000000, 10000000, 1, 0, 0, 0, 0, 57, 1, 1, 1, 1, 1, 0
151, 998, 643, 18332424, 12, 54, 101, 145, 307, 355, 1, 1, 1, 0.964441, 0.84437, 57, 1, 0, 0, 0, 0, 0
145, 1001, 755, 18340846, 13, 57, 54, 101, 355, 10000000, 1, 1, 0.925385, 1, 0, 57, 1, 1, 0, 0, 1, 0
54, 1001, 791, 18340846, 13, 57, 10000000, 10000000, 10000000, 10000000, 1, 0, 0, 0, 0, 57, 1, 1, 1, 1, 1, 0
101, 998, 815, 18340847, 13, 57, 54, 10000000, 10000000, 10000000, 1, 0.95345, 0, 0, 0, 57, 1, 1, 1, 1, 1, 0
266, 317, -1, 19299999, 1, 61, 100, 7, 298, 200, 1, 1, 1, 0.79327, 0.791071, 301, 1, 1, 1, 0, 0, 0
7, 392, -1, 19300200, 2, 12, 320, 260, 288, 373, 1, 1, 1, 0.971887, 1, 301, 1, 0, 0, 0, 0, 0
100, 398, 8, 19300200, 2, 48, 158, 12, 254, 325, 1, 1, 1, 1, 1, 301, 0, 0, 1, 0, 0, 0
61, 406, 2, 19300200, 2, 100, 5, 46, 158, 320, 1, 0.862255, 0.378442, 1, 1, 301, 1, 1, 0, 0, 0, 1
298, 482, 1, 19300200, 2, 46, 5, 12, 156, 288, 1, 1, 1, 1, 1, 301, 1, 1, 1, 0, 0, 0
100, 398, 8, 19300622, 3, 48, 158, 12, 254, 325, 1, 1, 1, 1, 1, 301, 0, 0, 1, 0, 0, 1
320, 401, 81, 19300622, 3, 116, 48, 27, 158, 378, 1, 1, 1, 1, 1, 301, 0, 1, 1, 0, 0, 0
158, 401, 170, 19300622, 3, 351, 224, 302, 116, 49, 1, 1, 0.879056, 1, 1, 301, 0, 0, 0, 0, 1, 0
5, 592, -1, 19300622, 3, 91, 285, 382, 357, 183, 1, 1, 1, 1, 1, 301, 1, 0, 0, 0, 0, 1
325, 398, 104, 19301044, 4, 116, 48, 27, 118, 158, 0.969525, 1, 1, 0.754316, 1, 301, 0, 1, 1, 0, 0, 0
254, 401, 131, 19301044, 4, 224, 116, 48, 27, 158, 1, 1, 1, 1, 1, 301, 0, 0, 1, 1, 0, 0
158, 401, 170, 19301044, 4, 351, 224, 302, 116, 49, 1, 1, 0.878893, 1, 1, 301, 0, 0, 0, 0, 1, 0
48, 401, 191, 19301044, 4, 91, 117, 380, 312, 224, 1, 1, 1, 1, 1, 301, 1, 0, 0, 0, 0, 1
224, 398, 268, 19301467, 5, 45, 349, 381, 395, 388, 1, 1, 1, 1, 1, 301, 1, 0, 0, 1, 1, 0
312, 517, 201, 19301467, 5, 91, 88, 86, 47, 287, 1, 1, 0.972124, 0.968414, 0.967695, 301, 1, 1, 1, 1, 0, 0
380, 552, 201, 19301467, 5, 137, 102, 86, 287, 88, 1, 0.75394, 1, 1, 1, 301, 0, 0, 1, 0, 1, 0
117, 573, 198, 19301467, 5, 345, 287, 206, 213, 272, 1, 1, 1, 1, 0.875343, 301, 0, 0, 0, 0, 0, 1
183, 598, 28, 19305045, 4, 91, 88, 47, 155, 291, 1, 1, 0.964115, 0.969669, 1, 301, 1, 1, 1, 0, 0, 0
285, 598, 66, 19305045, 4, 47, 91, 88, 155, 290, 1, 1, 1, 1, 0.775565, 301, 1, 1, 1, 0, 0, 1
357, 755, 1, 19305045, 4, 105, 75, 209, 185, 73, 1, 1, 0.97139, 1, 1, 301, 1, 1, 0, 0, 0, 0
382, 779, 1, 19305045, 4, 75, 232, 209, 185, 73, 1, 0.844266, 0.863457, 1, 1, 301, 1, 0, 0, 0, 0, 1
206, 598, 237, 19305889, 6, 24, 347, 114, 85, 290, 1, 0.864117, 1, 0.823195, 1, 301, 1, 0, 0, 0, 0, 0
213, 655, 201, 19305889, 6, 385, 102, 389, 44, 350, 1, 1, 0.96828, 0.645697, 1, 301, 1, 1, 1, 0, 0, 0
272, 676, 201, 19305889, 6, 389, 385, 102, 44, 40, 1, 1, 0.96889, 0.86093, 0, 301, 1, 1, 1, 1, 1, 0
345, 712, 201, 19305889, 6, 389, 385, 102, 44, 319, 1, 1, 0.96889, 0.968546, 0.861606, 301, 1, 1, 1, 1, 0, 1
102, 791, 198, 19306312, 7, 250, 319, 187, 40, 192, 1, 1, 1, 1, 0.934755, 301, 0, 0, 0, 1, 0, 0
44, 808, 201, 19306312, 7, 250, 319, 187, 192, 40, 1, 1, 1, 0.971713, 0, 301, 0, 0, 0, 0, 1, 0
385, 812, 198, 19306312, 7, 319, 187, 250, 40, 126, 1, 1, 0.646789, 0.957669, 0.431734, 301, 0, 0, 0, 1, 0, 0
389, 812, 198, 19306312, 7, 319, 250, 187, 40, 126, 1, 0.754587, 1, 0.957669, 0.431734, 301, 0, 0, 0, 1, 0, 1
40, 798, 210, 19306734, 8, 58, 126, 250, 319, 187, 0.968049, 1, 1, 1, 1, 301, 1, 0, 0, 0, 0, 0
187, 798, 235, 19306734, 8, 58, 126, 87, 250, 319, 0.968049, 1, 0.86084, 1, 1, 301, 1, 0, 0, 0, 0, 1
155, 601, 171, 19309467, 5, 290, 206, 47, 86, 91, 1, 1, 1, 1, 1, 301, 0, 0, 1, 1, 1, 0
91, 601, 199, 19309467, 5, 24, 114, 290, 102, 345, 1, 0.842478, 1, 1, 1, 301, 1, 0, 0, 1, 0, 0
88, 593, 200, 19309467, 5, 114, 290, 287, 206, 272, 0.866764, 1, 1, 1, 1, 301, 0, 0, 0, 0, 0, 0
47, 598, 205, 19309467, 5, 114, 290, 137, 345, 206, 0.96864, 1, 1, 1, 1, 301, 0, 0, 0, 0, 0, 1
206, 598, 237, 19309889, 6, 24, 347, 114, 85, 290, 1, 0.863743, 1, 0.822743, 1, 301, 1, 0, 0, 0, 0, 0
290, 598, 275, 19309889, 6, 347, 286, 24, 114, 85, 1, 0.862969, 1, 1, 0.863061, 301, 0, 0, 1, 0, 1, 0
114, 601, 356, 19309890, 6, 347, 286, 130, 24, 85, 1, 0.862969, 1, 1, 0.793417, 301, 0, 0, 0, 1, 1, 1
24, 592, 398, 19310312, 7, 21, 96, 179, 286, 332, 1, 1, 1, 1, 1, 301, 1, 1, 0, 0, 0, 0
85, 598, 410, 19310312, 7, 81, 96, 21, 179, 286, 1, 1, 0.969196, 1, 1, 301, 1, 1, 1, 0, 0, 0
130, 598, 438, 19310312, 7, 90, 21, 96, 19, 179, 1, 1, 1, 0.96569, 1, 301, 1, 1, 1, 1, 0, 0
347, 601, 484, 19310312, 7, 236, 90, 19, 21, 179, 1, 1, 1, 0.969196, 1, 301, 0, 1, 1, 1, 0, 1
286, 601, 533, 19310312, 7, 236, 90, 19, 21, 96, 1, 1, 1, 1, 1, 301, 0, 1, 1, 1, 1, 0
179, 601, 562, 19310734, 8, 96, 19, 21, 309, 236, 1, 0.942189, 1, 1, 1, 301, 1, 1, 1, 0, 0, 0
21, 601, 592, 19310734, 8, 84, 128, 273, 393, 360, 1, 1, 1, 1, 1, 301, 1, 0, 0, 1, 0, 0
90, 608, 601, 19310734, 8, 84, 377, 128, 318, 273, 1, 1, 0.968757, 1, 1, 301, 1, 0, 0, 0, 0, 1
19, 599, 602, 19310734, 8, 84, 377, 128, 273, 251, 1, 1, 1, 1, 1, 301, 1, 0, 0, 0, 0, 0
75, 798, 8, 19313467, 5, 102, 232, 40, 209, 319, 1, 1, 0.637718, 1, 0.538065, 301, 1, 0, 1, 0, 0, 1
209, 798, 36, 19313467, 5, 102, 319, 232, 350, 40, 1, 0.645677, 1, 0.539542, 0.318859, 301, 1, 0, 0, 1, 1, 0
73, 832, 1, 19313467, 5, 75, 293, 185, 10000000, 10000000, 1, 0.322604, 1, 0, 0, 301, 1, 0, 0, 1, 1, 0
185, 853, 1, 19313467, 5, 75, 293, 161, 10000000, 10000000, 1, 0.322604, 0.215544, 0, 0, 301, 1, 0, 0, 1, 1, 0
209, 798, 36, 19313889, 6, 102, 319, 232, 350, 40, 1, 0.645648, 1, 0.539518, 0.318837, 301, 1, 0, 0, 1, 1, 0
232, 798, 76, 19313889, 6, 319, 40, 44, 102, 187, 0.968472, 1, 1, 1, 0.754137, 301, 0, 1, 1, 1, 0, 0
319, 801, 285, 19315156, 9, 87, 126, 58, 250, 10000000, 1, 1, 0.859709, 1, 0, 301, 1, 0, 0, 0, 1, 0
250, 801, 329, 19315156, 9, 280, 146, 58, 87, 398, 1, 1, 1, 1, 1, 301, 0, 0, 0, 1, 1, 0
58, 801, 426, 19315157, 9, 84, 280, 146, 111, 10000000, 1, 0.927255, 1, 0.637671, 0, 301, 1, 0, 0, 0, 1, 1
318, 718, 601, 19315157, 9, 371, 70, 334, 84, 202, 0.966881, 1, 0.860508, 1, 1, 301, 0, 1, 0, 1, 0, 0
273, 719, 598, 19315157, 9, 70, 84, 37, 202, 377, 1, 1, 1, 0.917769, 1, 301, 1, 1, 1, 0, 0, 0
128, 753, 598, 19315157, 9, 84, 70, 371, 202, 256, 1, 0.936714, 0.85945, 1, 0.766369, 301, 1, 1, 0, 0, 0, 0
377, 754, 601, 19315157, 9, 261, 371, 334, 131, 94, 0.861383, 1, 0.860508, 0.751677, 0.644774, 301, 0, 0, 0, 0, 0, 0
146, 798, 454, 19315579, 10, 371, 334, 111, 37, 280, 0.966838, 0.860469, 1, 0.688063, 1, 301, 0, 0, 0, 0, 0, 0
280, 798, 476, 19315579, 10, 334, 371, 297, 84, 111, 0.968027, 1, 0.928043, 1, 1, 301, 0, 0, 0, 1, 0, 0
111, 801, 579, 19315579, 10, 297, 261, 171, 371, 334, 1, 0.861344, 1, 1, 0.860469, 301, 0, 0, 0, 0, 0, 0
84, 791, 598, 19315579, 10, 334, 297, 171, 371, 256, 1, 1, 1, 1, 0.914849, 301, 0, 0, 0, 0, 0, 1
371, 801, 648, 19316001, 11, 74, 131, 261, 334, 297, 1, 1, 1, 1, 0.962403, 301, 1, 0, 0, 0, 0, 0
171, 798, 652, 19316001, 11, 94, 131, 261, 334, 297, 1, 1, 1, 1, 1, 301, 0, 0, 0, 0, 0, 0
297, 798, 677, 19316001, 11, 94, 131, 261, 74, 334, 1, 1, 1, 0.722695, 1, 301, 1, 0, 0, 1, 0, 0
256, 883, 601, 19316001, 11, 54, 255, 145, 10000000, 10000000, 0.215616, 0.537116, 0.32371, 0, 0, 301, 0, 0, 0, 1, 1, 0
334, 801, 692, 19316001, 11, 94, 131, 74, 261, 6, 0.967073, 1, 0.915723, 1, 0, 301, 1, 0, 1, 0, 1, 1
261, 801, 723, 19316424, 12, 94, 74, 131, 6, 10000000, 1, 1, 1, 0, 0, 301, 1, 1, 0, 1, 1, 0
131, 801, 748, 19316424, 12, 94, 74, 6, 10000000, 10000000, 1, 0.95008, 0, 0, 0, 301, 1, 0, 1, 1, 1, 0
94, 802, 793, 19316424, 12, 252, 301, 196, 51, 223, 1, 1, 1, 0.766353, 1, 301, 0, 0, 0, 0, 0, 1
6, 791, 798, 19316424, 12, 301, 252, 196, 329, 51, 1, 0.933791, 1, 1, 0.820298, 301, 0, 0, 0, 0, 0, 0
74, 798, 800, 19316424, 12, 252, 301, 196, 329, 51, 1, 1, 1, 1, 1, 301, 0, 0, 0, 0, 0, 0
51, 818, 801, 19316846, 13, 252, 301, 196, 329, 10000000, 1, 1, 1, 1, 0, 301, 0, 0, 0, 0, 1, 0
196, 840, 801, 19316846, 13, 252, 301, 10000000, 10000000, 10000000, 1, 1, 0, 0, 0, 301, 0, 0, 1, 1, 1, 0
252, 876, 801, 19316846, 13, 10000000, 10000000, 10000000, 10000000, 10000000, 0, 0, 0, 0, 0, 301, 1, 1, 1, 1, 1, 0
223, 932, 798, 19316846, 13, 252, 301, 196, 329, 51, 1, 1, 1, 1, 1, 301, 0, 0, 0, 0, 0, 0
45, 390, 398, 19317889, 6, 24, 166, 279, 217, 339, 1, 1, 1, 1, 1, 301, 1, 0, 0, 0, 0, 0
395, 401, 412, 19317889, 6, 104, 217, 339, 300, 279, 1, 1, 1, 1, 0.862574, 301, 0, 0, 0, 0, 0, 0
381, 401, 433, 19317889, 6, 104, 217, 300, 339, 279, 1, 1, 1, 0.860443, 0.754752, 301, 0, 0, 0, 0, 0, 0
339, 494, 398, 19318311, 7, 85, 24, 166, 279, 217, 1, 1, 1, 1, 0.431376, 301, 1, 1, 0, 0, 0, 0
279, 525, 398, 19318312, 7, 306, 234, 85, 24, 81, 1, 1, 1, 1, 0.875715, 301, 0, 0, 1, 1, 0, 0
217, 401, 542, 19318312, 7, 154, 16, 108, 104, 10000000, 1, 1, 0.936194, 1, 0, 301, 0, 1, 1, 0, 1, 0
102, 791, 198, 19318312, 7, 250, 319, 187, 40, 192, 1, 1, 1, 1, 0.932141, 301, 0, 0, 0, 1, 0, 0
44, 808, 201, 19318312, 7, 250, 319, 187, 192, 40, 1, 1, 1, 0.970456, 0, 301, 0, 0, 0, 0, 1, 0
40, 798, 210, 19318312, 7, 58, 126, 250, 319, 187, 0.966845, 1, 1, 1, 1, 301, 1, 0, 0, 0, 0, 0
24, 592, 398, 19318312, 7, 21, 96, 179, 286, 332, 1, 1, 1, 1, 1, 301, 1, 1, 0, 0, 0, 0
40, 798, 210, 19318734, 8, 58, 126, 250, 319, 187, 0.966801, 1, 1, 1, 1, 301, 1, 0, 0, 0, 0, 0
192, 824, 201, 19318734, 8, 40, 10000000, 10000000, 10000000, 10000000, 0, 0, 0, 0, 0, 301, 1, 1, 1, 1, 1, 0
187, 798, 234, 19318734, 8, 58, 126, 250, 87, 319, 0.966801, 1, 1, 0.85973, 1, 301, 1, 0, 0, 0, 0, 0
319, 801, 286, 19318734, 8, 87, 126, 58, 250, 10000000, 1, 1, 0.859379, 1, 0, 301, 1, 0, 0, 0, 1, 0
250, 801, 329, 19318734, 8, 280, 146, 58, 87, 398, 1, 1, 1, 1, 1, 301, 0, 0, 0, 1, 1, 0
286, 601, 533, 19318734, 8, 236, 90, 19, 21, 96, 1, 1, 1, 1, 1, 301, 0, 1, 1, 1, 1, 0
179, 601, 563, 19318734, 8, 96, 19, 21, 309, 236, 1, 0.940771, 1, 1, 1, 301, 1, 1, 1, 0, 0, 0
187, 798, 234, 19319156, 9, 58, 126, 250, 87, 319, 0.966757, 1, 1, 0.859691, 1, 301, 1, 0, 0, 0, 0, 0
398, 787, 401, 19319156, 9, 111, 280, 146, 58, 87, 0.859811, 0.959493, 0.962478, 1, 1, 301, 0, 0, 0, 0, 1, 0
87, 798, 409, 19319156, 9, 111, 280, 146, 371, 58, 0.967287, 1, 1, 0.644311, 0.797355, 301, 0, 0, 0, 0, 0, 0
58, 801, 426, 19319157, 9, 84, 280, 146, 111, 10000000, 1, 0.926396, 1, 0.637264, 0, 301, 1, 0, 0, 0, 1, 0
146, 798, 454, 19319157, 9, 371, 334, 111, 37, 280, 0.966466, 0.860138, 1, 0.687724, 1, 301, 0, 0, 0, 0, 0, 0
371, 801, 648, 19319579, 10, 74, 131, 261, 334, 297, 1, 1, 1, 1, 0.961989, 301, 1, 0, 0, 0, 0, 0
250, 801, 329, 19323156, 9, 280, 146, 58, 87, 398, 1, 1, 1, 1, 1, 301, 0, 0, 0, 1, 1, 0
126, 801, 375, 19323156, 9, 111, 280, 58, 87, 76, 0.776069, 0.912116, 1, 1, 1, 301, 0, 0, 0, 1, 0, 0
87, 798, 409, 19323156, 9, 111, 280, 146, 371, 58, 0.966872, 1, 1, 0.644034, 0.796846, 301, 0, 0, 0, 0, 0, 0
58, 801, 426, 19323157, 9, 84, 280, 146, 111, 10000000, 1, 0.925538, 1, 0.636859, 0, 301, 1, 0, 0, 0, 1, 0
58, 801, 426, 19323579, 10, 84, 280, 146, 111, 10000000, 1, 0.925448, 1, 0.636816, 0, 301, 1, 0, 0, 0, 1, 0
297, 798, 677, 19324001, 11, 94, 131, 261, 74, 334, 1, 1, 1, 0.722, 1, 301, 1, 0, 0, 1, 0, 0
334, 801, 692, 19324001, 11, 94, 131, 74, 261, 6, 0.966242, 1, 0.913492, 1, 0, 301, 1, 0, 1, 0, 1, 0
261, 801, 723, 19324001, 11, 94, 74, 131, 6, 10000000, 1, 1, 1, 0, 0, 301, 1, 1, 0, 1, 1, 0
131, 801, 748, 19324001, 11, 94, 74, 6, 10000000, 10000000, 1, 0.948941, 0, 0, 0, 301, 1, 0, 1, 1, 1, 0
252, 876, 801, 19325268, 14, 10000000, 10000000, 10000000, 10000000, 10000000, 0, 0, 0, 0, 0, 301, 1, 1, 1, 1, 1, 0
21, 601, 592, 19327156, 9, 84, 128, 273, 393, 360, 1, 1, 1, 1, 1, 301, 1, 0, 0, 1, 0, 0
96, 592, 597, 19327156, 9, 37, 273, 251, 309, 143, 1, 1, 1, 1, 1, 301, 1, 0, 0, 0, 0, 0
19, 599, 602, 19327156, 9, 84, 377, 128, 273, 251, 1, 1, 1, 1, 1, 301, 1, 0, 0, 0, 0, 0
236, 598, 671, 19327157, 9, 82, 384, 358, 387, 393, 1, 0.53798, 0.537802, 0.536896, 1, 301, 1, 1, 1, 1, 1, 0
309, 598, 713, 19327157, 9, 82, 384, 387, 393, 109, 1, 0.968363, 0.966413, 1, 1, 301, 1, 1, 1, 1, 1, 0
143, 655, 601, 19327579, 10, 84, 377, 128, 318, 273, 1, 1, 1, 1, 1, 301, 1, 0, 0, 0, 0, 0
251, 678, 601, 19327579, 10, 70, 84, 371, 377, 128, 1, 1, 0.858305, 1, 1, 301, 1, 1, 0, 0, 0, 0
309, 598, 713, 19327579, 10, 82, 384, 387, 393, 109, 1, 0.968319, 0.96637, 1, 1, 301, 1, 1, 1, 1, 1, 0
273, 719, 598, 19327579, 10, 70, 84, 37, 202, 377, 1, 1, 1, 0.914295, 1, 301, 1, 1, 1, 0, 0, 0
94, 802, 793, 19328424, 12, 252, 301, 196, 51, 223, 1, 1, 1, 0.75937, 1, 301, 0, 0, 0, 0, 0, 0
6, 791, 798, 19328424, 12, 301, 252, 196, 329, 51, 1, 0.931182, 1, 1, 0.818955, 301, 0, 0, 0, 0, 0, 0
74, 798, 799, 19328424, 12, 252, 301, 196, 329, 51, 1, 1, 1, 1, 1, 301, 0, 0, 0, 0, 0, 0
51, 818, 801, 19328846, 13, 252, 301, 196, 329, 10000000, 1, 1, 1, 1, 0, 301, 0, 0, 0, 0, 1, 0
196, 840, 801, 19328846, 13, 252, 301, 10000000, 10000000, 10000000, 1, 1, 0, 0, 0, 301, 0, 0, 1, 1, 1, 0
252, 876, 801, 19328846, 13, 10000000, 10000000, 10000000, 10000000, 10000000, 0, 0, 0, 0, 0, 301, 1, 1, 1, 1, 1, 0
223, 932, 798, 19328846, 13, 252, 301, 196, 329, 51, 1, 1, 1, 1, 1, 301, 0, 0, 0, 0, 0, 0
196, 840, 801, 19329268, 14, 252, 301, 10000000, 10000000, 10000000, 1, 1, 0, 0, 0, 301, 0, 0, 1, 1, 1, 0
252, 876, 801, 19329268, 14, 10000000, 10000000, 10000000, 10000000, 10000000, 0, 0, 0, 0, 0, 301, 1, 1, 1, 1, 1, 0
329, 917, 801, 19329268, 14, 252, 196, 301, 10000000, 10000000, 1, 1, 0.750638, 0, 0, 301, 0, 0, 0, 1, 1, 0
104, 401, 572, 19330734, 8, 108, 16, 154, 10000000, 10000000, 0.794584, 1, 0.429732, 0, 0, 301, 1, 1, 0, 1, 1, 0
16, 407, 601, 19330734, 8, 96, 162, 79, 173, 90, 1, 1, 1, 1, 0.605158, 301, 1, 0, 1, 0, 0, 0
108, 398, 608, 19330734, 8, 173, 79, 154, 16, 292, 1, 1, 1, 1, 0.645067, 301, 0, 0, 0, 1, 0, 0
377, 754, 601, 19332001, 11, 261, 371, 334, 131, 94, 0.859824, 1, 0.858951, 0.75032, 0.643609, 301, 0, 0, 0, 0, 0, 0
84, 791, 598, 19332001, 11, 334, 297, 171, 371, 256, 1, 1, 1, 1, 0.91029, 301, 0, 0, 0, 0, 0, 0
37, 798, 612, 19332001, 11, 131, 94, 261, 334, 297, 1, 0.965413, 1, 1, 1, 301, 0, 0, 0, 0, 0, 0
70, 812, 601, 19332001, 11, 37, 256, 202, 341, 255, 1, 1, 1, 1, 0.214478, 301, 1, 0, 0, 0, 0, 0
202, 832, 601, 19332001, 11, 256, 145, 255, 10000000, 10000000, 1, 0.215435, 0.321717, 0, 0, 301, 0, 0, 0, 1, 1, 0
37, 798, 612, 19332423, 12, 131, 94, 261, 334, 297, 1, 0.96537, 1, 1, 1, 301, 0, 0, 0, 0, 0, 0
202, 832, 601, 19332423, 12, 256, 145, 255, 10000000, 10000000, 1, 0.215425, 0.321702, 0, 0, 301, 0, 0, 0, 1, 1, 0
256, 882, 601, 19332423, 12, 54, 255, 145, 10000000, 10000000, 0.215235, 0.53617, 0.323138, 0, 0, 301, 0, 0, 0, 1, 1, 0
297, 798, 677, 19332845, 13, 94, 131, 261, 74, 334, 1, 1, 1, 0.721232, 1, 301, 1, 0, 0, 1, 0, 0
334, 801, 692, 19332845, 13, 94, 131, 74, 261, 6, 0.965326, 1, 0.911039, 1, 0, 301, 1, 0, 1, 0, 1, 0
131, 801, 748, 19332846, 13, 94, 74, 6, 10000000, 10000000, 1, 0.947616, 0, 0, 0, 301, 1, 0, 1, 1, 1, 0
94, 802, 793, 19333268, 14, 252, 301, 196, 51, 223, 1, 1, 1, 0.756587, 1, 301, 0, 0, 0, 0, 0, 0
6, 791, 798, 19333268, 14, 301, 252, 196, 329, 51, 1, 0.930133, 1, 1, 0.818413, 301, 0, 0, 0, 0, 0, 0
74, 798, 799, 19333268, 14, 252, 301, 196, 329, 51, 1, 1, 1, 1, 1, 301, 0, 0, 0, 0, 0, 0
51, 818, 801, 19333690, 15, 252, 301, 196, 329, 10000000, 1, 1, 1, 1, 0, 301, 0, 0, 0, 0, 1, 0
196, 840, 801, 19333690, 15, 252, 301, 10000000, 10000000, 10000000, 1, 1, 0, 0, 0, 301, 0, 0, 1, 1, 1, 0
252, 876, 801, 19333690, 15, 10000000, 10000000, 10000000, 10000000, 10000000, 0, 0, 0, 0, 0, 301, 1, 1, 1, 1, 1, 0
173, 451, 601, 19335156, 9, 19, 143, 96, 162, 90, 1, 0.923832, 1, 1, 0.860032, 301, 1, 0, 1, 0, 1, 0
96, 592, 597, 19335156, 9, 37, 273, 251, 309, 143, 1, 1, 1, 1, 1, 301, 1, 0, 0, 0, 0, 0
143, 655, 601, 19335579, 10, 84, 377, 128, 318, 273, 1, 1, 1, 1, 1, 301, 1, 0, 0, 0, 0, 0
251, 678, 601, 19335579, 10, 70, 84, 371, 377, 128, 1, 1, 0.857569, 1, 1, 301, 1, 1, 0, 0, 0, 0
273, 719, 598, 19335579, 10, 70, 84, 37, 202, 377, 1, 1, 1, 0.912071, 1, 301, 1, 1, 1, 0, 0, 0
128, 753, 598, 19336001, 11, 84, 70, 371, 202, 277, 1, 0.932164, 0.85753, 1, 0.842209, 301, 1, 1, 0, 0, 0, 0
377, 754, 601, 19336001, 11, 261, 371, 334, 131, 94, 0.859454, 1, 0.858583, 0.749999, 0.643333, 301, 0, 0, 0, 0, 0, 0
84, 791, 598, 19336001, 11, 334, 297, 171, 371, 256, 1, 1, 1, 1, 0.909187, 301, 0, 0, 0, 0, 0, 0
70, 812, 601, 19336001, 11, 37, 256, 202, 341, 255, 1, 1, 1, 1, 0.214386, 301, 1, 0, 0, 0, 0, 0
171, 798, 652, 19336423, 12, 94, 131, 261, 334, 297, 1, 1, 1, 1, 1, 301, 0, 0, 0, 0, 0, 0
297, 798, 677, 19336423, 12, 94, 131, 261, 74, 334, 1, 1, 1, 0.720922, 1, 301, 1, 0, 0, 1, 0, 0
256, 882, 601, 19336423, 12, 54, 255, 145, 10000000, 10000000, 0.215142, 0.53594, 0.322999, 0, 0, 301, 0, 0, 0, 1, 1, 0
334, 801, 692, 19336423, 12, 94, 131, 74, 261, 6, 0.964955, 1, 0.91005, 1, 0, 301, 1, 0, 1, 0, 1, 0
261, 801, 723, 19336845, 13, 94, 74, 131, 6, 10000000, 1, 1, 1, 0, 0, 301, 1, 1, 0, 1, 1, 0
131, 801, 748, 19336846, 13, 94, 74, 6, 10000000, 10000000, 1, 0.947017, 0, 0, 0, 301, 1, 0, 1, 1, 1, 0
94, 802, 793, 19336846, 13, 252, 301, 196, 51, 223, 1, 1, 1, 0.754544, 1, 301, 0, 0, 0, 0, 0, 0
6, 791, 798, 19336846, 13, 301, 252, 196, 329, 51, 1, 0.92936, 1, 1, 0.818014, 301, 0, 0, 0, 0, 0, 0
74, 798, 799, 19336846, 13, 252, 301, 196, 329, 51, 1, 1, 1, 1, 1, 301, 0, 0, 0, 0, 0, 0
51, 818, 801, 19337268, 14, 252, 301, 196, 329, 10000000, 1, 1, 1, 1, 0, 301, 0, 0, 0, 0, 1, 0
196, 840, 801, 19337268, 14, 252, 301, 10000000, 10000000, 10000000, 1, 1, 0, 0, 0, 301, 0, 0, 1, 1, 1, 0
252, 876, 801, 19337268, 14, 10000000, 10000000, 10000000, 10000000, 10000000, 0, 0, 0, 0, 0, 301, 1, 1, 1, 1, 1, 0
252, 876, 801, 19337690, 15, 10000000, 10000000, 10000000, 10000000, 10000000, 0, 0, 0, 0, 0, 301, 1, 1, 1, 1, 1, 0
146, 798, 454, 19340001, 11, 371, 334, 111, 37, 280, 0.964308, 0.858214, 1, 0.685758, 1, 301, 0, 0, 0, 0, 0, 0
280, 798, 475, 19340001, 11, 334, 371, 297, 84, 111, 0.965491, 1, 0.922814, 1, 1, 301, 0, 0, 0, 1, 0, 0
393, 598, 787, 19340001, 11, 337, 240, 194, 4, 186, 1, 0.856907, 0.538136, 1, 1, 301, 0, 0, 0, 1, 0, 0
82, 591, 798, 19340001, 11, 240, 337, 6, 194, 4, 1, 1, 0.601785, 0.538136, 1, 301, 0, 0, 0, 0, 1, 0
109, 598, 806, 19340001, 11, 6, 194, 337, 4, 186, 1, 1, 1, 1, 1, 301, 1, 0, 0, 1, 0, 0
84, 791, 598, 19340001, 11, 334, 297, 171, 371, 256, 1, 1, 1, 1, 0.908086, 301, 0, 0, 0, 0, 0, 0
4, 601, 792, 19340423, 12, 194, 240, 337, 10000000, 10000000, 1, 1, 1, 0, 0, 301, 0, 0, 0, 1, 1, 0
371, 801, 648, 19340423, 12, 74, 131, 261, 334, 297, 1, 1, 1, 1, 0.959584, 301, 1, 0, 0, 0, 0, 0
171, 798, 652, 19340423, 12, 94, 131, 261, 334, 297, 1, 1, 1, 1, 1, 301, 0, 0, 0, 0, 0, 0
297, 798, 677, 19340423, 12, 94, 131, 261, 74, 334, 1, 1, 1, 0.720576, 1, 301, 1, 0, 0, 1, 0, 0
337, 679, 798, 19340423, 12, 94, 74, 6, 51, 194, 1, 1, 1, 0.903877, 1, 301, 1, 1, 1, 0, 0, 0
256, 882, 601, 19340423, 12, 54, 255, 145, 10000000, 10000000, 0.215049, 0.53571, 0.32286, 0, 0, 301, 0, 0, 0, 1, 1, 0
334, 801, 692, 19340423, 12, 94, 131, 74, 261, 6, 0.964542, 1, 0.908947, 1, 0, 301, 1, 0, 1, 0, 1, 0
74, 798, 799, 19340846, 13, 252, 301, 196, 329, 51, 1, 1, 1, 1, 1, 301, 0, 0, 0, 0, 0, 0
194, 767, 798, 19344846, 13, 252, 196, 301, 51, 94, 1, 0.921066, 0.856441, 0.942005, 1, 301, 0, 0, 0, 0, 1, 0
6, 791, 798, 19344846, 13, 301, 252, 196, 329, 51, 1, 0.927636, 1, 1, 0.817123, 301, 0, 0, 0, 0, 0, 0
74, 798, 799, 19344846, 13, 252, 301, 196, 329, 51, 1, 1, 1, 1, 1, 301, 0, 0, 0, 0, 0, 0
94, 802, 793, 19344846, 13, 252, 301, 196, 51, 223, 1, 1, 1, 0.750017, 1, 301, 0, 0, 0, 0, 0, 0
51, 818, 801, 19344846, 13, 252, 301, 196, 329, 10000000, 1, 1, 1, 1, 0, 301, 0, 0, 0, 0, 1, 0
51, 818, 801, 19345268, 14, 252, 301, 196, 329, 10000000, 1, 1, 1, 1, 0, 301, 0, 0, 0, 0, 1, 0
196, 840, 801, 19349690, 15, 252, 301, 10000000, 10000000, 10000000, 1, 1, 0, 0, 0, 301, 0, 0, 1, 1, 1, 0
252, 875, 801, 19349690, 15, 10000000, 10000000, 10000000, 10000000, 10000000, 0, 0, 0, 0, 0, 301, 1, 1, 1, 1, 1, 0
329, 917, 801, 19349690, 15, 252, 196, 301, 10000000, 10000000, 1, 1, 0.748998, 0, 0, 301, 0, 0, 0, 1, 1, 0
252, 875, 801, 19358112, 16, 10000000, 10000000, 10000000, 10000000, 10000000, 0, 0, 0, 0, 0, 301, 1, 1, 1, 1, 1, 0
94, 802, 793, 19361268, 14, 252, 301, 196, 51, 223, 1, 1, 1, 0.740892, 1, 301, 0, 0, 0, 0, 0, 0
51, 818, 801, 19361268, 14, 252, 301, 196, 329, 10000000, 1, 1, 1, 1, 0, 301, 0, 0, 0, 0, 1, 0
196, 840, 801, 19361268, 14, 252, 301, 10000000, 10000000, 10000000, 1, 1, 0, 0, 0, 301, 0, 0, 1, 1, 1, 0
252, 875, 801, 19361268, 14, 10000000, 10000000, 10000000, 10000000, 10000000, 0, 0, 0, 0, 0, 301, 1, 1, 1, 1, 1, 0
196, 840, 801, 19361690, 15, 252, 301, 10000000, 10000000, 10000000, 1, 1, 0, 0, 0, 301, 0, 0, 1, 1, 1, 0
252, 875, 801, 19361690, 15, 10000000, 10000000, 10000000, 10000000, 10000000, 0, 0, 0, 0, 0, 301, 1, 1, 1, 1, 1, 0
329, 917, 801, 19361690, 15, 252, 196, 301, 10000000, 10000000, 1, 1, 0.748037, 0, 0, 301, 0, 0, 0, 1, 1, 0
252, 875, 801, 19362112, 16, 10000000, 10000000, 10000000, 10000000, 10000000, 0, 0, 0, 0, 0, 301, 1, 1, 1, 1, 1, 0
196, 840, 801, 19362112, 16, 252, 301, 10000000, 10000000, 10000000, 1, 1, 0, 0, 0, 301, 0, 0, 1, 1, 1, 0
252, 875, 801, 19366534, 17, 10000000, 10000000, 10000000, 10000000, 10000000, 0, 0, 0, 0, 0, 301, 1, 1, 1, 1, 1, 0
