source_x,source_y,recv_x,recv_y,time,recv_priority,hopcount,recv_id,source_id,destination_id,destination_x,destination_y,pri_1,pri_2,pri_3,pri_4,pri_5
108, 1, 212, -1, 10300200, 5, 1, 365, 38, 63, 1001, 864, 7, 170, 235, 266, 365
108, 1, 219, -1, 10300200, 4, 1, 266, 38, 63, 1001, 864, 7, 170, 235, 266, 365
219, -1, 280, -1, 10312652, 4, 2, 7, 266, 63, 1001, 864, 288, 156, 149, 7, 98
219, -1, 354, 1, 10312652, 3, 2, 149, 266, 63, 1001, 864, 288, 156, 149, 7, 98
1, 212, 1, 259, 11300200, 4, 1, 176, 379, 281, 776, 1001, 32, 56, 348, 176, 174
1, 212, 1, 297, 11300200, 1, 1, 32, 379, 281, 776, 1001, 32, 56, 348, 176, 174
1, 212, -1, 344, 11300200, 5, 1, 174, 379, 281, 776, 1001, 32, 56, 348, 176, 174
1, 297, -1, 344, 11300652, 2, 2, 174, 32, 281, 776, 1001, 348, 174, 282, 191, 43
1, 297, -1, 375, 11300652, 3, 2, 282, 32, 281, 776, 1001, 348, 174, 282, 191, 43
1, 297, -1, 386, 11300652, 1, 2, 348, 32, 281, 776, 1001, 348, 174, 282, 191, 43
-1, 386, 40, 398, 11301104, 5, 3, 221, 348, 281, 776, 1001, 374, 110, 43, 191, 221
-1, 386, 1, 459, 11301104, 4, 3, 191, 348, 281, 776, 1001, 374, 110, 43, 191, 221
-1, 386, 1, 488, 11301104, 3, 3, 43, 348, 281, 776, 1001, 374, 110, 43, 191, 221
1, 488, -1, 587, 11309557, 5, 4, 340, 43, 281, 776, 1001, 370, 390, 267, 328, 340
1, 488, -1, 587, 11309557, 1, 4, 370, 43, 281, 776, 1001, 370, 390, 267, 328, 340
1, 488, -1, 587, 11309557, 2, 4, 390, 43, 281, 776, 1001, 370, 390, 267, 328, 340
1, 488, 1, 612, 11309557, 4, 4, 328, 43, 281, 776, 1001, 370, 390, 267, 328, 340
1, 488, 1, 625, 11309557, 3, 4, 267, 43, 281, 776, 1001, 370, 390, 267, 328, 340
-1, 587, 55, 598, 11310009, 3, 5, 134, 370, 281, 776, 1001, 103, 34, 134, 28, 163
-1, 587, 1, 658, 11310009, 5, 5, 163, 370, 281, 776, 1001, 103, 34, 134, 28, 163
-1, 587, 95, 601, 11310009, 1, 5, 103, 370, 281, 776, 1001, 103, 34, 134, 28, 163
-1, 587, 1, 698, 11310009, 4, 5, 28, 370, 281, 776, 1001, 103, 34, 134, 28, 163
95, 601, 146, 601, 11310461, 5, 6, 189, 103, 281, 776, 1001, 107, 276, 210, 67, 189
40, 398, 72, 398, 11317556, 3, 4, 110, 221, 281, 776, 1001, 336, 262, 110, 83, 363
40, 398, 109, 401, 11317556, 4, 4, 83, 221, 281, 776, 1001, 336, 262, 110, 83, 363
40, 398, 173, 401, 11317557, 2, 4, 262, 221, 281, 776, 1001, 336, 262, 110, 83, 363
40, 398, 187, 401, 11317557, 1, 4, 336, 221, 281, 776, 1001, 336, 262, 110, 83, 363
187, 401, 201, 499, 11318009, 4, 5, 65, 336, 281, 776, 1001, 339, 395, 222, 65, 45
187, 401, 296, 398, 11318009, 5, 5, 45, 336, 281, 776, 1001, 339, 395, 222, 65, 45
187, 401, 198, 554, 11318009, 3, 5, 222, 336, 281, 776, 1001, 339, 395, 222, 65, 45
1, 698, -1, 745, 11322461, 3, 6, 214, 28, 281, 776, 1001, 242, 275, 214, 142, 34
1, 698, -1, 774, 11322461, 1, 6, 242, 28, 281, 776, 1001, 242, 275, 214, 142, 34
1, 698, 1, 863, 11322462, 4, 6, 142, 28, 281, 776, 1001, 242, 275, 214, 142, 34
-1, 774, 25, 798, 11322913, 3, 7, 233, 242, 281, 776, 1001, 208, 77, 233, 22, 89
-1, 774, -1, 903, 11322914, 5, 7, 89, 242, 281, 776, 1001, 208, 77, 233, 22, 89
-1, 774, 1, 913, 11322914, 4, 7, 22, 242, 281, 776, 1001, 208, 77, 233, 22, 89
198, 554, 201, 624, 11326461, 4, 6, 276, 222, 281, 776, 1001, 67, 210, 184, 276, 246
198, 554, 201, 658, 11326462, 2, 6, 210, 222, 281, 776, 1001, 67, 210, 184, 276, 246
146, 601, 201, 624, 11326913, 3, 7, 276, 189, 281, 776, 1001, 107, 210, 276, 67, 20
146, 601, 300, 601, 11326914, 5, 7, 20, 189, 281, 776, 1001, 107, 210, 276, 67, 20
201, 658, 201, 706, 11330914, 3, 7, 67, 210, 281, 776, 1001, 246, 324, 67, 190, 107
201, 658, 201, 812, 11330914, 2, 7, 324, 210, 281, 776, 1001, 246, 324, 67, 190, 107
201, 658, 201, 826, 11330914, 1, 7, 246, 210, 281, 776, 1001, 246, 324, 67, 190, 107
25, 798, 59, 798, 11331366, 4, 8, 208, 233, 281, 776, 1001, 184, 77, 68, 208, 246
25, 798, 92, 801, 11331366, 3, 8, 68, 233, 281, 776, 1001, 184, 77, 68, 208, 246
25, 798, 104, 798, 11331366, 2, 8, 77, 233, 281, 776, 1001, 184, 77, 68, 208, 246
201, 826, 201, 859, 11331366, 5, 8, 190, 246, 281, 776, 1001, 136, 3, 55, 271, 190
201, 826, 201, 892, 11331366, 3, 8, 55, 246, 281, 776, 1001, 136, 3, 55, 271, 190
296, 398, 372, 401, 11334461, 5, 6, 278, 45, 281, 776, 1001, 335, 381, 339, 300, 278
296, 398, 387, 401, 11334461, 1, 6, 335, 45, 281, 776, 1001, 335, 381, 339, 300, 278
296, 398, 401, 412, 11334461, 2, 6, 381, 45, 281, 776, 1001, 335, 381, 339, 300, 278
296, 398, 412, 398, 11334461, 3, 6, 339, 45, 281, 776, 1001, 335, 381, 339, 300, 278
387, 401, 412, 398, 11334913, 1, 7, 372, 335, 281, 776, 1001, 372, 339, 290, 347, 120
387, 401, 412, 398, 11334913, 2, 7, 339, 335, 281, 776, 1001, 372, 339, 290, 347, 120
412, 398, 401, 440, 11335366, 5, 8, 217, 372, 281, 776, 1001, 104, 144, 53, 24, 217
412, 398, 401, 479, 11335366, 1, 8, 104, 372, 281, 776, 1001, 104, 144, 53, 24, 217
412, 398, 499, 398, 11335366, 4, 8, 24, 372, 281, 776, 1001, 104, 144, 53, 24, 217
412, 398, 503, 401, 11335366, 3, 8, 53, 372, 281, 776, 1001, 104, 144, 53, 24, 217
1, 913, -1, 948, 11335366, 4, 8, 180, 22, 281, 776, 1001, 164, 208, 77, 180, 30
201, 812, 226, 798, 11335366, 5, 8, 271, 324, 281, 776, 1001, 3, 136, 296, 55, 271
201, 812, 259, 798, 11335366, 2, 8, 136, 324, 281, 776, 1001, 3, 136, 296, 55, 271
201, 812, 201, 892, 11335366, 4, 8, 55, 324, 281, 776, 1001, 3, 136, 296, 55, 271
401, 479, 398, 521, 11335818, 1, 9, 115, 104, 281, 776, 1001, 115, 154, 10000000, 10000000, 10000000
401, 479, 401, 648, 11335818, 2, 9, 154, 104, 281, 776, 1001, 115, 154, 10000000, 10000000, 10000000
398, 521, 401, 648, 11336270, 2, 10, 154, 115, 281, 776, 1001, 79, 154, 162, 182, 96
398, 521, 401, 694, 11336270, 1, 10, 79, 115, 281, 776, 1001, 79, 154, 162, 182, 96
401, 694, 398, 714, 11336723, 3, 11, 108, 79, 281, 776, 1001, 177, 31, 108, 292, 10000000
259, 798, 290, 798, 11339818, 5, 9, 3, 136, 281, 776, 1001, 352, 215, 95, 227, 3
259, 798, 304, 801, 11339818, 3, 9, 95, 136, 281, 776, 1001, 352, 215, 95, 227, 3
201, 892, 198, 944, 11339819, 3, 9, 172, 55, 281, 776, 1001, 296, 136, 172, 3, 10000000
259, 798, 341, 801, 11339819, 2, 9, 215, 136, 281, 776, 1001, 352, 215, 95, 227, 3
201, 892, 198, 972, 11339819, 1, 9, 296, 55, 281, 776, 1001, 296, 136, 172, 3, 10000000
259, 798, 375, 801, 11339819, 4, 9, 227, 136, 281, 776, 1001, 352, 215, 95, 227, 3
259, 798, 387, 801, 11339819, 1, 9, 352, 136, 281, 776, 1001, 352, 215, 95, 227, 3
387, 801, 457, 798, 11340271, 4, 10, 181, 352, 281, 776, 1001, 384, 33, 82, 181, 317
387, 801, 507, 801, 11340271, 2, 10, 33, 352, 281, 776, 1001, 384, 33, 82, 181, 317
300, 601, 344, 601, 11343366, 5, 8, 182, 20, 281, 776, 1001, 96, 162, 154, 79, 182
300, 601, 460, 598, 11343366, 2, 8, 162, 20, 281, 776, 1001, 96, 162, 154, 79, 182
300, 601, 497, 598, 11343366, 1, 8, 96, 20, 281, 776, 1001, 96, 162, 154, 79, 182
59, 798, 92, 801, 11343818, 5, 9, 68, 208, 281, 776, 1001, 184, 77, 324, 271, 68
59, 798, 104, 798, 11343818, 2, 9, 77, 208, 281, 776, 1001, 184, 77, 324, 271, 68
59, 798, 145, 801, 11343818, 1, 9, 184, 208, 281, 776, 1001, 184, 77, 324, 271, 68
59, 798, 201, 812, 11343818, 3, 9, 324, 208, 281, 776, 1001, 184, 77, 324, 271, 68
503, 401, 601, 412, 11343818, 2, 9, 347, 53, 281, 776, 1001, 286, 347, 35, 120, 21
497, 598, 542, 601, 11343819, 4, 9, 173, 96, 281, 776, 1001, 128, 186, 4, 173, 273
497, 598, 654, 598, 11343819, 1, 9, 128, 96, 281, 776, 1001, 128, 186, 4, 173, 273
145, 801, 201, 827, 11344270, 5, 10, 246, 184, 281, 776, 1001, 136, 271, 3, 190, 246
145, 801, 226, 798, 11344270, 2, 10, 271, 184, 281, 776, 1001, 136, 271, 3, 190, 246
145, 801, 259, 798, 11344270, 1, 10, 136, 184, 281, 776, 1001, 136, 271, 3, 190, 246
145, 801, 290, 798, 11344270, 3, 10, 3, 184, 281, 776, 1001, 136, 271, 3, 190, 246
654, 598, 787, 601, 11344271, 3, 10, 318, 128, 281, 776, 1001, 377, 371, 318, 334, 94
654, 598, 787, 601, 11344271, 1, 10, 377, 128, 281, 776, 1001, 377, 371, 318, 334, 94
654, 598, 801, 612, 11344271, 4, 10, 334, 128, 281, 776, 1001, 377, 371, 318, 334, 94
259, 798, 290, 798, 11344722, 5, 11, 3, 136, 281, 776, 1001, 352, 215, 95, 227, 3
259, 798, 304, 801, 11344722, 3, 11, 95, 136, 281, 776, 1001, 352, 215, 95, 227, 3
259, 798, 341, 801, 11344723, 2, 11, 215, 136, 281, 776, 1001, 352, 215, 95, 227, 3
787, 601, 801, 612, 11344723, 3, 11, 371, 377, 281, 776, 1001, 297, 94, 371, 334, 131
787, 601, 801, 612, 11344723, 4, 11, 334, 377, 281, 776, 1001, 297, 94, 371, 334, 131
507, 801, 612, 798, 11344723, 5, 11, 337, 33, 281, 776, 1001, 194, 240, 309, 393, 337
787, 601, 801, 651, 11344724, 5, 11, 131, 377, 281, 776, 1001, 297, 94, 371, 334, 131
787, 601, 801, 696, 11344724, 2, 11, 94, 377, 281, 776, 1001, 297, 94, 371, 334, 131
398, 714, 401, 827, 11345175, 5, 12, 292, 108, 281, 776, 1001, 31, 352, 304, 177, 292
398, 714, 401, 897, 11345175, 1, 12, 31, 108, 281, 776, 1001, 31, 352, 304, 177, 292
401, 897, 398, 945, 11345627, 2, 13, 169, 31, 281, 776, 1001, 289, 169, 82, 10000000, 10000000
401, 897, 398, 973, 11345627, 1, 13, 289, 31, 281, 776, 1001, 289, 169, 82, 10000000, 10000000
398, 973, 412, 998, 11346079, 4, 14, 364, 289, 281, 776, 1001, 195, 42, 231, 364, 327
398, 973, 412, 998, 11346079, 5, 14, 327, 289, 281, 776, 1001, 195, 42, 231, 364, 327
601, 412, 601, 458, 11348270, 4, 10, 179, 347, 281, 776, 1001, 85, 21, 130, 179, 332
601, 412, 601, 501, 11348270, 2, 10, 21, 347, 281, 776, 1001, 85, 21, 130, 179, 332
601, 412, 598, 502, 11348270, 1, 10, 85, 347, 281, 776, 1001, 85, 21, 130, 179, 332
601, 412, 598, 540, 11348271, 3, 10, 130, 347, 281, 776, 1001, 85, 21, 130, 179, 332
598, 502, 598, 574, 11348723, 4, 11, 243, 85, 281, 776, 1001, 4, 186, 332, 243, 273
341, 801, 457, 798, 11349175, 4, 12, 181, 215, 281, 776, 1001, 289, 169, 82, 181, 177
341, 801, 498, 798, 11349175, 3, 12, 82, 215, 281, 776, 1001, 289, 169, 82, 181, 177
801, 696, 798, 707, 11349176, 5, 12, 37, 94, 281, 776, 1001, 248, 171, 133, 297, 37
801, 696, 798, 744, 11349176, 2, 12, 171, 94, 281, 776, 1001, 248, 171, 133, 297, 37
801, 696, 798, 770, 11349176, 4, 12, 297, 94, 281, 776, 1001, 248, 171, 133, 297, 37
801, 696, 801, 829, 11349176, 1, 12, 248, 94, 281, 776, 1001, 248, 171, 133, 297, 37
801, 696, 801, 858, 11349176, 3, 12, 133, 94, 281, 776, 1001, 248, 171, 133, 297, 37
801, 829, 801, 859, 11349628, 2, 13, 133, 248, 281, 776, 1001, 69, 133, 74, 10000000, 10000000
801, 829, 801, 902, 11349628, 1, 13, 69, 248, 281, 776, 1001, 69, 133, 74, 10000000, 10000000
801, 829, 798, 907, 11349628, 3, 13, 74, 248, 281, 776, 1001, 69, 133, 74, 10000000, 10000000
801, 902, 798, 907, 11350080, 1, 14, 74, 69, 281, 776, 1001, 74, 10000000, 10000000, 10000000, 10000000
498, 798, 572, 801, 11357627, 4, 13, 257, 82, 281, 776, 1001, 194, 337, 358, 257, 387
498, 798, 587, 801, 11357627, 3, 13, 358, 82, 281, 776, 1001, 194, 337, 358, 257, 387
498, 798, 587, 801, 11357627, 5, 13, 387, 82, 281, 776, 1001, 194, 337, 358, 257, 387
498, 798, 612, 798, 11357627, 2, 13, 337, 82, 281, 776, 1001, 194, 337, 358, 257, 387
412, 998, 427, 998, 11358532, 4, 15, 231, 364, 281, 776, 1001, 42, 195, 361, 231, 322
412, 998, 453, 998, 11358532, 2, 15, 195, 364, 281, 776, 1001, 42, 195, 361, 231, 322
412, 998, 505, 998, 11358532, 1, 15, 42, 364, 281, 776, 1001, 42, 195, 361, 231, 322
505, 998, 612, 998, 11358984, 3, 16, 361, 42, 281, 776, 1001, 322, 253, 361, 140, 80
505, 998, 612, 998, 11358984, 1, 16, 322, 42, 281, 776, 1001, 322, 253, 361, 140, 80
505, 998, 626, 998, 11358984, 2, 16, 253, 42, 281, 776, 1001, 322, 253, 361, 140, 80
505, 998, 654, 998, 11358984, 4, 16, 140, 42, 281, 776, 1001, 322, 253, 361, 140, 80
612, 998, 626, 998, 11359436, 4, 17, 253, 322, 281, 776, 1001, 80, 140, 147, 253, 281
612, 998, 654, 998, 11359436, 2, 17, 140, 322, 281, 776, 1001, 80, 140, 147, 253, 281
612, 998, 697, 998, 11359436, 1, 17, 80, 322, 281, 776, 1001, 80, 140, 147, 253, 281
612, 998, 741, 1001, 11359437, 3, 17, 147, 322, 281, 776, 1001, 80, 140, 147, 253, 281
344, 601, 461, 598, 11359818, 2, 9, 162, 182, 281, 776, 1001, 96, 162, 154, 79, 16
344, 601, 497, 598, 11359818, 1, 9, 96, 182, 281, 776, 1001, 96, 162, 154, 79, 16
697, 998, 702, 1001, 11359888, 3, 18, 36, 80, 281, 776, 1001, 147, 281, 36, 10000000, 10000000
697, 998, 741, 1001, 11359889, 1, 18, 147, 80, 281, 776, 1001, 147, 281, 36, 10000000, 10000000
697, 998, 773, 1001, 11359889, 281, 18, 281, 80, 281, 776, 1001, 147, 281, 36, 10000000, 10000000
201, 14, 198, 73, 12300200, 5, 1, 60, 323, 301, 815, 798, 199, 98, 263, 123, 60
201, 14, 201, 75, 12300200, 4, 1, 123, 323, 301, 815, 798, 199, 98, 263, 123, 60
201, 14, 201, 98, 12300200, 2, 1, 98, 323, 301, 815, 798, 199, 98, 263, 123, 60
201, 14, 198, 164, 12300200, 3, 1, 263, 323, 301, 815, 798, 199, 98, 263, 123, 60
201, 98, 198, 164, 12304652, 5, 2, 263, 98, 301, 815, 798, 132, 313, 249, 344, 263
201, 98, 198, 185, 12304652, 4, 2, 344, 98, 301, 815, 798, 132, 313, 249, 344, 263
198, 185, 201, 271, 12317104, 4, 3, 132, 344, 301, 815, 798, 229, 366, 27, 132, 13
198, 185, 198, 287, 12317104, 5, 3, 13, 344, 301, 815, 798, 229, 366, 27, 132, 13
198, 185, 198, 387, 12317105, 2, 3, 366, 344, 301, 815, 798, 229, 366, 27, 132, 13
198, 387, 233, 398, 12321557, 4, 4, 274, 366, 301, 815, 798, 188, 65, 205, 274, 45
198, 387, 201, 472, 12321557, 3, 4, 205, 366, 301, 815, 798, 188, 65, 205, 274, 45
201, 472, 198, 508, 12330009, 5, 5, 113, 205, 301, 815, 798, 65, 210, 222, 188, 113
201, 472, 201, 512, 12330009, 1, 5, 65, 205, 301, 815, 798, 65, 210, 222, 188, 113
201, 472, 198, 541, 12330009, 3, 5, 222, 205, 301, 815, 798, 65, 210, 222, 188, 113
201, 512, 198, 541, 12330461, 3, 6, 222, 65, 301, 815, 798, 276, 210, 222, 45, 67
201, 512, 201, 630, 12330462, 1, 6, 276, 65, 301, 815, 798, 276, 210, 222, 45, 67
201, 630, 201, 671, 12330914, 4, 7, 210, 276, 301, 815, 798, 324, 107, 67, 210, 10
201, 630, 198, 682, 12330914, 5, 7, 10, 276, 301, 815, 798, 324, 107, 67, 210, 10
201, 630, 201, 720, 12330914, 3, 7, 67, 276, 301, 815, 798, 324, 107, 67, 210, 10
233, 398, 275, 398, 12334009, 4, 5, 188, 274, 301, 815, 798, 372, 45, 388, 188, 278
233, 398, 309, 398, 12334009, 2, 5, 45, 274, 301, 815, 798, 372, 45, 388, 188, 278
233, 398, 364, 401, 12334009, 5, 5, 278, 274, 301, 815, 798, 372, 45, 388, 188, 278
309, 398, 384, 401, 12338461, 4, 6, 335, 45, 301, 815, 798, 388, 381, 300, 335, 166
309, 398, 401, 412, 12338461, 2, 6, 381, 45, 301, 815, 798, 388, 381, 300, 335, 166
309, 398, 401, 412, 12338461, 1, 6, 388, 45, 301, 815, 798, 388, 381, 300, 335, 166
309, 398, 469, 398, 12338462, 5, 6, 166, 45, 301, 815, 798, 388, 381, 300, 335, 166
401, 412, 401, 451, 12338914, 5, 7, 217, 388, 301, 815, 798, 24, 115, 104, 166, 217
401, 412, 469, 398, 12338914, 4, 7, 166, 388, 301, 815, 798, 24, 115, 104, 166, 217
401, 412, 401, 491, 12338914, 3, 7, 104, 388, 301, 815, 798, 24, 115, 104, 166, 217
401, 412, 398, 510, 12338914, 2, 7, 115, 388, 301, 815, 798, 24, 115, 104, 166, 217
201, 720, 198, 763, 12339366, 4, 8, 295, 67, 301, 815, 798, 246, 324, 107, 295, 10000000
201, 720, 201, 815, 12339366, 2, 8, 324, 67, 301, 815, 798, 246, 324, 107, 295, 10000000
201, 720, 201, 835, 12339366, 1, 8, 246, 67, 301, 815, 798, 246, 324, 107, 295, 10000000
201, 835, 201, 815, 12339818, 4, 9, 324, 246, 301, 815, 798, 136, 271, 3, 324, 10000000
398, 510, 401, 660, 12343366, 2, 8, 154, 115, 301, 815, 798, 79, 154, 162, 96, 215
401, 660, 398, 700, 12347818, 4, 9, 108, 154, 301, 815, 798, 162, 79, 96, 108, 292
401, 660, 401, 707, 12347818, 2, 9, 79, 154, 301, 815, 798, 162, 79, 96, 108, 292
469, 398, 490, 401, 12351366, 3, 8, 53, 166, 301, 815, 798, 144, 24, 53, 104, 347
469, 398, 514, 398, 12351366, 2, 8, 24, 166, 301, 815, 798, 144, 24, 53, 104, 347
469, 398, 529, 401, 12351366, 1, 8, 144, 166, 301, 815, 798, 144, 24, 53, 104, 347
529, 401, 601, 415, 12351818, 5, 9, 347, 144, 301, 815, 798, 179, 35, 286, 120, 347
529, 401, 666, 398, 12351818, 4, 9, 120, 144, 301, 815, 798, 179, 35, 286, 120, 347
529, 401, 708, 398, 12351818, 2, 9, 35, 144, 301, 815, 798, 179, 35, 286, 120, 347
401, 707, 401, 835, 12352271, 3, 10, 292, 79, 301, 815, 798, 96, 177, 292, 10000000, 10000000
401, 707, 401, 868, 12352271, 2, 10, 177, 79, 301, 815, 798, 96, 177, 292, 10000000, 10000000
708, 398, 733, 401, 12356271, 5, 10, 124, 35, 301, 815, 798, 398, 367, 234, 283, 124
708, 398, 764, 401, 12356271, 3, 10, 234, 35, 301, 815, 798, 398, 367, 234, 283, 124
708, 398, 787, 401, 12356271, 2, 10, 367, 35, 301, 815, 798, 398, 367, 234, 283, 124
708, 398, 787, 401, 12356271, 1, 10, 398, 35, 301, 815, 798, 398, 367, 234, 283, 124
787, 401, 801, 494, 12356723, 2, 11, 111, 398, 301, 815, 798, 280, 111, 87, 334, 10000000
401, 868, 401, 835, 12356723, 3, 11, 292, 177, 301, 815, 798, 82, 181, 292, 10000000, 10000000
801, 494, 798, 529, 12361175, 5, 12, 146, 111, 301, 815, 798, 377, 334, 131, 371, 146
801, 494, 787, 601, 12361175, 1, 12, 377, 111, 301, 815, 798, 377, 334, 131, 371, 146
801, 494, 801, 664, 12361176, 3, 12, 131, 111, 301, 815, 798, 377, 334, 131, 371, 146
787, 601, 801, 639, 12361628, 4, 13, 261, 377, 301, 815, 798, 297, 94, 131, 261, 37
787, 601, 801, 664, 12361628, 3, 13, 131, 377, 301, 815, 798, 297, 94, 131, 261, 37
787, 601, 798, 694, 12361628, 5, 13, 37, 377, 301, 815, 798, 297, 94, 131, 261, 37
787, 601, 801, 710, 12361628, 2, 13, 94, 377, 301, 815, 798, 297, 94, 131, 261, 37
787, 601, 798, 760, 12361628, 1, 13, 297, 377, 301, 815, 798, 297, 94, 131, 261, 37
798, 760, 816, 798, 12362080, 301, 14, 301, 297, 301, 815, 798, 301, 223, 248, 10000000, 10000000
279, 198, 316, 201, 13300200, 5, 1, 197, 159, 1, 889, 1001, 356, 241, 118, 27, 197
279, 198, 325, 198, 13300200, 4, 1, 27, 159, 1, 889, 1001, 356, 241, 118, 27, 197
279, 198, 351, 201, 13300200, 2, 1, 241, 159, 1, 889, 1001, 356, 241, 118, 27, 197
279, 198, 412, 198, 13300200, 1, 1, 356, 159, 1, 889, 1001, 356, 241, 118, 27, 197
412, 198, 401, 284, 13300652, 2, 2, 118, 356, 1, 889, 1001, 380, 118, 88, 41, 122
412, 198, 511, 201, 13300652, 5, 2, 122, 356, 1, 889, 1001, 380, 118, 88, 41, 122
412, 198, 539, 198, 13300652, 3, 2, 88, 356, 1, 889, 1001, 380, 118, 88, 41, 122
401, 284, 401, 412, 13305105, 2, 3, 381, 118, 1, 889, 1001, 349, 381, 388, 300, 395
401, 284, 401, 412, 13305105, 3, 3, 388, 118, 1, 889, 1001, 349, 381, 388, 300, 395
401, 284, 401, 414, 13305105, 1, 3, 349, 118, 1, 889, 1001, 349, 381, 388, 300, 395
401, 414, 401, 463, 13305557, 2, 4, 217, 349, 1, 889, 1001, 104, 217, 166, 24, 115
401, 414, 398, 499, 13305557, 5, 4, 115, 349, 1, 889, 1001, 104, 217, 166, 24, 115
401, 414, 401, 502, 13305557, 1, 4, 104, 349, 1, 889, 1001, 104, 217, 166, 24, 115
539, 198, 578, 201, 13309104, 4, 3, 312, 88, 1, 889, 1001, 213, 86, 380, 312, 137
539, 198, 587, 201, 13309105, 3, 3, 380, 88, 1, 889, 1001, 213, 86, 380, 312, 137
539, 198, 674, 201, 13309105, 2, 3, 86, 88, 1, 889, 1001, 213, 86, 380, 312, 137
674, 201, 787, 201, 13313557, 5, 4, 350, 86, 1, 889, 1001, 389, 385, 359, 316, 350
674, 201, 812, 198, 13313557, 1, 4, 389, 86, 1, 889, 1001, 389, 385, 359, 316, 350
674, 201, 821, 198, 13313557, 4, 4, 316, 86, 1, 889, 1001, 389, 385, 359, 316, 350
812, 198, 801, 220, 13314009, 4, 5, 319, 389, 1, 889, 1001, 126, 250, 58, 319, 192
812, 198, 801, 244, 13314009, 2, 5, 250, 389, 1, 889, 1001, 126, 250, 58, 319, 192
812, 198, 912, 201, 13314010, 5, 5, 192, 389, 1, 889, 1001, 126, 250, 58, 319, 192
801, 244, 798, 286, 13318462, 4, 6, 40, 250, 1, 889, 1001, 58, 187, 126, 40, 10000000
801, 244, 801, 288, 13318462, 3, 6, 126, 250, 1, 889, 1001, 58, 187, 126, 40, 10000000
801, 244, 798, 321, 13318462, 2, 6, 187, 250, 1, 889, 1001, 58, 187, 126, 40, 10000000
801, 244, 801, 334, 13318462, 1, 6, 58, 250, 1, 889, 1001, 58, 187, 126, 40, 10000000
801, 334, 787, 401, 13318914, 2, 7, 367, 58, 1, 889, 1001, 398, 367, 111, 10000000, 10000000
801, 334, 787, 401, 13318914, 1, 7, 398, 58, 1, 889, 1001, 398, 367, 111, 10000000, 10000000
801, 334, 801, 506, 13318914, 3, 7, 111, 58, 1, 889, 1001, 398, 367, 111, 10000000, 10000000
787, 401, 798, 479, 13319366, 4, 8, 87, 398, 1, 889, 1001, 280, 146, 111, 87, 139
787, 401, 884, 398, 13319366, 5, 8, 139, 398, 1, 889, 1001, 280, 146, 111, 87, 139
787, 401, 801, 506, 13319366, 3, 8, 111, 398, 1, 889, 1001, 280, 146, 111, 87, 139
787, 401, 798, 519, 13319366, 2, 8, 146, 398, 1, 889, 1001, 280, 146, 111, 87, 139
787, 401, 798, 553, 13319366, 1, 8, 280, 398, 1, 889, 1001, 280, 146, 111, 87, 139
798, 553, 801, 612, 13319819, 5, 9, 371, 280, 1, 889, 1001, 94, 131, 261, 334, 371
798, 553, 801, 620, 13319819, 4, 9, 334, 280, 1, 889, 1001, 94, 131, 261, 334, 371
798, 553, 801, 650, 13319819, 3, 9, 261, 280, 1, 889, 1001, 94, 131, 261, 334, 371
798, 553, 801, 675, 13319819, 2, 9, 131, 280, 1, 889, 1001, 94, 131, 261, 334, 371
801, 675, 798, 683, 13324271, 4, 10, 37, 131, 1, 889, 1001, 94, 297, 171, 37, 133
801, 675, 798, 721, 13324271, 3, 10, 171, 131, 1, 889, 1001, 94, 297, 171, 37, 133
801, 675, 801, 723, 13324271, 1, 10, 94, 131, 1, 889, 1001, 94, 297, 171, 37, 133
801, 675, 798, 750, 13324271, 2, 10, 297, 131, 1, 889, 1001, 94, 297, 171, 37, 133
801, 723, 798, 750, 13324723, 3, 11, 297, 94, 1, 889, 1001, 248, 133, 297, 69, 10000000
801, 723, 801, 849, 13324723, 1, 11, 248, 94, 1, 889, 1001, 248, 133, 297, 69, 10000000
801, 723, 801, 882, 13324724, 2, 11, 133, 94, 1, 889, 1001, 248, 133, 297, 69, 10000000
801, 849, 798, 881, 13325176, 3, 12, 74, 248, 1, 889, 1001, 69, 133, 74, 10000000, 10000000
801, 849, 801, 882, 13325176, 2, 12, 133, 248, 1, 889, 1001, 69, 133, 74, 10000000, 10000000
801, 849, 801, 928, 13325176, 1, 12, 69, 248, 1, 889, 1001, 69, 133, 74, 10000000, 10000000
801, 882, 801, 928, 13329628, 1, 13, 69, 133, 1, 889, 1001, 69, 10000000, 10000000, 10000000, 10000000
884, 398, 887, 401, 13335818, 4, 9, 76, 139, 1, 889, 1001, 127, 245, 111, 76, 10000000
1, 225, 1, 304, 14300200, 3, 1, 176, 346, 391, 998, 991, 32, 282, 176, 191, 216
1, 225, 1, 344, 14300200, 1, 1, 32, 346, 391, 998, 991, 32, 282, 176, 191, 216
1, 225, -1, 345, 14300200, 2, 1, 282, 346, 391, 998, 991, 32, 282, 176, 191, 216
1, 344, -1, 371, 14300652, 3, 2, 348, 32, 391, 998, 991, 50, 191, 348, 43, 10000000
1, 344, -1, 476, 14300652, 1, 2, 50, 32, 391, 998, 991, 50, 191, 348, 43, 10000000
-1, 476, -1, 587, 14301105, 2, 3, 370, 50, 391, 998, 991, 390, 370, 374, 259, 163
-1, 476, -1, 587, 14301105, 1, 3, 390, 50, 391, 998, 991, 390, 370, 374, 259, 163
-1, 476, 1, 612, 14301105, 3, 3, 374, 50, 391, 998, 991, 390, 370, 374, 259, 163
-1, 587, 57, 598, 14301557, 3, 4, 259, 390, 391, 998, 991, 134, 396, 259, 242, 163
-1, 587, 1, 696, 14301557, 5, 4, 163, 390, 391, 998, 991, 134, 396, 259, 242, 163
57, 598, 98, 598, 14310009, 2, 5, 134, 259, 391, 998, 991, 34, 134, 189, 107, 210
57, 598, 114, 601, 14310009, 3, 5, 189, 259, 391, 998, 991, 34, 134, 189, 107, 210
57, 598, 125, 598, 14310009, 1, 5, 34, 259, 391, 998, 991, 34, 134, 189, 107, 210
1, 696, -1, 741, 14318009, 3, 5, 242, 163, 391, 998, 991, 142, 28, 242, 34, 275
1, 696, 1, 742, 14318009, 2, 5, 28, 163, 391, 998, 991, 142, 28, 242, 34, 275
1, 696, 1, 858, 14318010, 5, 5, 275, 163, 391, 998, 991, 142, 28, 242, 34, 275
1, 742, 12, 798, 14322461, 3, 6, 353, 28, 391, 998, 991, 396, 392, 353, 89, 180
1, 742, 12, 798, 14322461, 2, 6, 392, 28, 391, 998, 991, 396, 392, 353, 89, 180
1, 742, 12, 798, 14322461, 1, 6, 396, 28, 391, 998, 991, 396, 392, 353, 89, 180
1, 742, -1, 865, 14322462, 4, 6, 89, 28, 391, 998, 991, 396, 392, 353, 89, 180
12, 798, 50, 801, 14322914, 5, 7, 68, 396, 391, 998, 991, 22, 77, 208, 233, 68
12, 798, 54, 798, 14322914, 4, 7, 233, 396, 391, 998, 991, 22, 77, 208, 233, 68
12, 798, 97, 798, 14322914, 3, 7, 208, 396, 391, 998, 991, 22, 77, 208, 233, 68
12, 798, 149, 798, 14322914, 2, 7, 77, 396, 391, 998, 991, 22, 77, 208, 233, 68
149, 798, 201, 825, 14327366, 2, 8, 324, 77, 391, 998, 991, 215, 324, 136, 271, 3
149, 798, 260, 798, 14327366, 4, 8, 271, 77, 391, 998, 991, 215, 324, 136, 271, 3
149, 798, 298, 801, 14327366, 1, 8, 215, 77, 391, 998, 991, 215, 324, 136, 271, 3
298, 801, 346, 801, 14327819, 5, 9, 227, 215, 391, 998, 991, 181, 82, 352, 304, 227
298, 801, 371, 801, 14327819, 4, 9, 304, 215, 391, 998, 991, 181, 82, 352, 304, 227
298, 801, 386, 801, 14327819, 3, 9, 352, 215, 391, 998, 991, 181, 82, 352, 304, 227
201, 825, 201, 902, 14331818, 5, 9, 190, 324, 391, 998, 991, 136, 271, 3, 55, 190
201, 825, 201, 929, 14331818, 4, 9, 55, 324, 391, 998, 991, 136, 271, 3, 55, 190
386, 801, 473, 801, 14336271, 3, 10, 33, 352, 391, 998, 991, 82, 181, 33, 257, 141
386, 801, 497, 801, 14336271, 5, 10, 141, 352, 391, 998, 991, 82, 181, 33, 257, 141
386, 801, 503, 798, 14336271, 2, 10, 181, 352, 391, 998, 991, 82, 181, 33, 257, 141
503, 798, 574, 801, 14340723, 4, 11, 317, 181, 391, 998, 991, 240, 337, 358, 317, 387
503, 798, 586, 801, 14340723, 3, 11, 358, 181, 391, 998, 991, 240, 337, 358, 317, 387
503, 798, 587, 801, 14340723, 5, 11, 387, 181, 391, 998, 991, 240, 337, 358, 317, 387
503, 798, 652, 798, 14340724, 1, 11, 240, 181, 391, 998, 991, 240, 337, 358, 317, 387
652, 798, 698, 798, 14341176, 2, 12, 194, 240, 391, 998, 991, 6, 194, 301, 223, 211
652, 798, 741, 798, 14341176, 1, 12, 6, 240, 391, 998, 991, 6, 194, 301, 223, 211
741, 798, 828, 798, 14341628, 3, 13, 301, 6, 391, 998, 991, 223, 196, 301, 51, 248
741, 798, 863, 798, 14341628, 1, 13, 223, 6, 391, 998, 991, 223, 196, 301, 51, 248
741, 798, 874, 801, 14341628, 4, 13, 51, 6, 391, 998, 991, 223, 196, 301, 51, 248
741, 798, 904, 801, 14341628, 2, 13, 196, 6, 391, 998, 991, 223, 196, 301, 51, 248
863, 798, 903, 798, 14342080, 3, 14, 211, 223, 391, 998, 991, 329, 57, 211, 252, 196
863, 798, 904, 801, 14342080, 5, 14, 196, 223, 391, 998, 991, 329, 57, 211, 252, 196
863, 798, 946, 801, 14342081, 4, 14, 252, 223, 391, 998, 991, 329, 57, 211, 252, 196
863, 798, 952, 798, 14342081, 2, 14, 57, 223, 391, 998, 991, 329, 57, 211, 252, 196
863, 798, 973, 801, 14342081, 1, 14, 329, 223, 391, 998, 991, 329, 57, 211, 252, 196
973, 801, 1001, 812, 14342533, 5, 15, 355, 329, 391, 998, 991, 63, 203, 226, 307, 355
973, 801, 1001, 828, 14342533, 4, 15, 307, 329, 391, 998, 991, 63, 203, 226, 307, 355
973, 801, 1001, 854, 14342533, 3, 15, 226, 329, 391, 998, 991, 63, 203, 226, 307, 355
1001, 854, 998, 912, 14350985, 5, 16, 152, 226, 391, 998, 991, 321, 333, 258, 63, 152
1001, 854, 1001, 927, 14350985, 4, 16, 63, 226, 391, 998, 991, 321, 333, 258, 63, 152
1001, 854, 998, 943, 14350985, 3, 16, 258, 226, 391, 998, 991, 321, 333, 258, 63, 152
1001, 854, 998, 975, 14350985, 1, 16, 321, 226, 391, 998, 991, 321, 333, 258, 63, 152
1001, 854, 998, 991, 14350985, 391, 16, 391, 226, 391, 998, 991, 321, 333, 258, 63, 152
111, -1, 216, -1, 15300200, 4, 1, 365, 153, 171, 798, 713, 266, 62, 330, 365, 149
111, -1, 234, -1, 15300200, 3, 1, 330, 153, 171, 798, 713, 266, 62, 330, 365, 149
234, -1, 313, -1, 15308652, 5, 2, 170, 330, 171, 798, 713, 98, 7, 254, 373, 170
234, -1, 342, -1, 15308652, 2, 2, 7, 330, 171, 798, 713, 98, 7, 254, 373, 170
342, -1, 401, 14, 15313104, 4, 3, 373, 7, 171, 798, 713, 200, 320, 288, 373, 61
342, -1, 401, 33, 15313104, 2, 3, 320, 7, 171, 798, 713, 200, 320, 288, 373, 61
342, -1, 449, 1, 15313105, 5, 3, 61, 7, 171, 798, 713, 200, 320, 288, 373, 61
342, -1, 470, -1, 15313105, 3, 3, 288, 7, 171, 798, 713, 200, 320, 288, 373, 61
401, 33, 398, 92, 15317557, 5, 4, 138, 320, 171, 798, 713, 48, 378, 158, 260, 138
401, 33, 401, 114, 15317557, 3, 4, 158, 320, 171, 798, 713, 48, 378, 158, 260, 138
401, 33, 398, 121, 15317557, 4, 4, 260, 320, 171, 798, 713, 48, 378, 158, 260, 138
401, 33, 401, 144, 15317557, 1, 4, 48, 320, 171, 798, 713, 48, 378, 158, 260, 138
401, 33, 398, 184, 15317557, 2, 4, 378, 320, 171, 798, 713, 48, 378, 158, 260, 138
401, 144, 398, 162, 15318009, 5, 5, 325, 48, 171, 798, 713, 224, 118, 116, 378, 325
401, 144, 398, 184, 15318009, 4, 5, 378, 48, 171, 798, 713, 224, 118, 116, 378, 325
401, 144, 398, 274, 15318009, 3, 5, 116, 48, 171, 798, 713, 224, 118, 116, 378, 325
401, 144, 401, 310, 15318009, 2, 5, 118, 48, 171, 798, 713, 224, 118, 116, 378, 325
401, 144, 398, 319, 15318009, 1, 5, 224, 48, 171, 798, 713, 224, 118, 116, 378, 325
398, 319, 401, 412, 15318462, 5, 6, 395, 224, 171, 798, 713, 104, 217, 300, 349, 395
398, 319, 401, 423, 15318462, 4, 6, 349, 224, 171, 798, 713, 104, 217, 300, 349, 395
398, 319, 401, 453, 15318462, 3, 6, 300, 224, 171, 798, 713, 104, 217, 300, 349, 395
470, -1, 501, 1, 15321557, 5, 4, 200, 288, 171, 798, 713, 291, 5, 298, 156, 200
470, -1, 517, -1, 15321557, 4, 4, 156, 288, 171, 798, 713, 291, 5, 298, 156, 200
470, -1, 531, 1, 15321557, 3, 4, 298, 288, 171, 798, 713, 291, 5, 298, 156, 200
470, -1, 556, -1, 15321557, 2, 4, 5, 288, 171, 798, 713, 291, 5, 298, 156, 200
556, -1, 566, 1, 15326009, 4, 5, 338, 5, 171, 798, 713, 12, 46, 105, 338, 220
556, -1, 598, 45, 15326009, 1, 5, 12, 5, 171, 798, 713, 12, 46, 105, 338, 220
556, -1, 649, 1, 15326009, 2, 5, 46, 5, 171, 798, 713, 12, 46, 105, 338, 220
556, -1, 702, -1, 15326009, 5, 5, 220, 5, 171, 798, 713, 12, 46, 105, 338, 220
598, 45, 601, 72, 15326461, 5, 6, 291, 12, 171, 798, 713, 91, 285, 155, 183, 291
598, 45, 598, 79, 15326461, 4, 6, 183, 12, 171, 798, 713, 91, 285, 155, 183, 291
598, 45, 601, 115, 15326461, 3, 6, 155, 12, 171, 798, 713, 91, 285, 155, 183, 291
598, 45, 598, 128, 15326461, 2, 6, 285, 12, 171, 798, 713, 91, 285, 155, 183, 291
598, 45, 601, 148, 15326462, 1, 6, 91, 12, 171, 798, 713, 91, 285, 155, 183, 291
601, 148, 584, 201, 15326914, 3, 7, 380, 91, 171, 798, 713, 206, 47, 380, 114, 10000000
601, 148, 598, 248, 15326914, 2, 7, 47, 91, 171, 798, 713, 206, 47, 380, 114, 10000000
401, 453, 398, 477, 15326914, 4, 7, 115, 300, 171, 798, 713, 104, 217, 166, 115, 24
401, 453, 401, 490, 15326914, 2, 7, 217, 300, 171, 798, 713, 104, 217, 166, 115, 24
601, 148, 601, 314, 15326914, 4, 7, 114, 91, 171, 798, 713, 206, 47, 380, 114, 10000000
401, 453, 401, 526, 15326914, 1, 7, 104, 300, 171, 798, 713, 104, 217, 166, 115, 24
401, 526, 398, 661, 15327367, 2, 8, 108, 104, 171, 798, 713, 154, 108, 166, 24, 10000000
649, 1, 729, 1, 15330462, 4, 6, 225, 46, 171, 798, 713, 382, 357, 315, 225, 105
649, 1, 742, -1, 15330462, 5, 6, 105, 46, 171, 798, 713, 382, 357, 315, 225, 105
649, 1, 765, 1, 15330462, 3, 6, 315, 46, 171, 798, 713, 382, 357, 315, 225, 105
598, 248, 598, 292, 15331366, 5, 8, 206, 47, 171, 798, 713, 347, 290, 286, 114, 206
598, 248, 601, 314, 15331366, 4, 8, 114, 47, 171, 798, 713, 347, 290, 286, 114, 206
598, 248, 598, 325, 15331366, 2, 8, 290, 47, 171, 798, 713, 347, 290, 286, 114, 206
398, 661, 401, 699, 15331819, 2, 9, 154, 108, 171, 798, 713, 82, 154, 79, 181, 10000000
398, 661, 401, 747, 15331819, 3, 9, 79, 108, 171, 798, 713, 82, 154, 79, 181, 10000000
598, 325, 601, 434, 15335818, 3, 9, 347, 290, 171, 798, 713, 179, 286, 347, 85, 130
598, 325, 598, 453, 15335819, 4, 9, 85, 290, 171, 798, 713, 179, 286, 347, 85, 130
598, 325, 601, 472, 15335819, 2, 9, 286, 290, 171, 798, 713, 179, 286, 347, 85, 130
598, 325, 598, 488, 15335819, 5, 9, 130, 290, 171, 798, 713, 179, 286, 347, 85, 130
598, 325, 601, 510, 15335819, 1, 9, 179, 290, 171, 798, 713, 179, 286, 347, 85, 130
601, 510, 598, 535, 15336271, 4, 10, 243, 179, 171, 798, 713, 19, 186, 21, 243, 332
601, 510, 601, 556, 15336271, 3, 10, 21, 179, 171, 798, 713, 19, 186, 21, 243, 332
601, 510, 598, 562, 15336271, 5, 10, 332, 179, 171, 798, 713, 19, 186, 21, 243, 332
601, 510, 598, 636, 15336271, 1, 10, 19, 179, 171, 798, 713, 19, 186, 21, 243, 332
598, 636, 598, 695, 15336723, 3, 11, 204, 19, 171, 798, 713, 186, 236, 204, 4, 309
598, 636, 601, 718, 15336723, 1, 11, 186, 19, 171, 798, 713, 186, 236, 204, 4, 309
598, 636, 598, 721, 15336723, 2, 11, 236, 19, 171, 798, 713, 186, 236, 204, 4, 309
598, 636, 601, 757, 15336724, 4, 11, 4, 19, 171, 798, 713, 186, 236, 204, 4, 309
598, 636, 598, 764, 15336724, 5, 11, 309, 19, 171, 798, 713, 186, 236, 204, 4, 309
765, 1, 787, 1, 15338914, 1, 7, 382, 315, 171, 798, 713, 382, 75, 209, 232, 250
765, 1, 798, 50, 15338914, 2, 7, 75, 315, 171, 798, 713, 382, 75, 209, 232, 250
787, 1, 798, 50, 15339366, 1, 8, 75, 382, 171, 798, 713, 75, 232, 209, 319, 10000000
787, 1, 798, 89, 15339366, 3, 8, 209, 382, 171, 798, 713, 75, 232, 209, 319, 10000000
798, 50, 798, 89, 15339818, 4, 9, 209, 75, 171, 798, 713, 250, 319, 232, 209, 350
798, 50, 798, 130, 15339818, 3, 9, 232, 75, 171, 798, 713, 250, 319, 232, 209, 350
798, 130, 801, 271, 15348271, 4, 10, 250, 232, 171, 798, 713, 380, 239, 58, 250, 319
801, 271, 798, 290, 15360723, 3, 11, 187, 250, 171, 798, 713, 58, 126, 187, 10000000, 10000000
801, 271, 801, 318, 15360723, 2, 11, 126, 250, 171, 798, 713, 58, 126, 187, 10000000, 10000000
801, 271, 801, 366, 15360723, 1, 11, 58, 250, 171, 798, 713, 58, 126, 187, 10000000, 10000000
801, 366, 787, 401, 15361175, 4, 12, 398, 58, 171, 798, 713, 111, 87, 146, 398, 367
801, 366, 784, 401, 15361175, 5, 12, 367, 58, 171, 798, 713, 111, 87, 146, 398, 367
801, 366, 798, 453, 15361175, 2, 12, 87, 58, 171, 798, 713, 111, 87, 146, 398, 367
801, 366, 798, 497, 15361175, 3, 12, 146, 58, 171, 798, 713, 111, 87, 146, 398, 367
801, 366, 801, 531, 15361176, 1, 12, 111, 58, 171, 798, 713, 111, 87, 146, 398, 367
801, 531, 801, 616, 15361628, 3, 13, 371, 111, 171, 798, 713, 171, 261, 371, 334, 377
801, 616, 801, 676, 15370080, 4, 14, 261, 371, 171, 798, 713, 297, 131, 94, 261, 171
801, 616, 798, 697, 15370080, 171, 14, 171, 371, 171, 798, 713, 297, 131, 94, 261, 171
201, 328, 201, 420, 16300200, 3, 1, 363, 132, 226, 1001, 862, 205, 222, 363, 113, 311
201, 328, 201, 441, 16300200, 5, 1, 311, 132, 226, 1001, 862, 205, 222, 363, 113, 311
201, 328, 198, 460, 16300200, 4, 1, 113, 132, 226, 1001, 862, 205, 222, 363, 113, 311
201, 328, 198, 486, 16300200, 2, 1, 222, 132, 226, 1001, 862, 205, 222, 363, 113, 311
201, 328, 201, 527, 16300200, 1, 1, 205, 132, 226, 1001, 862, 205, 222, 363, 113, 311
201, 527, 201, 567, 16300652, 3, 2, 65, 205, 226, 1001, 862, 295, 276, 65, 210, 188
201, 527, 201, 674, 16300653, 2, 2, 276, 205, 226, 1001, 862, 295, 276, 65, 210, 188
201, 527, 201, 725, 16300653, 4, 2, 210, 205, 226, 1001, 862, 295, 276, 65, 210, 188
201, 674, 201, 725, 16305105, 4, 3, 210, 276, 226, 1001, 862, 324, 107, 67, 210, 246
201, 725, 201, 777, 16317557, 5, 4, 67, 210, 226, 1001, 862, 107, 246, 324, 59, 67
201, 725, 198, 840, 16317557, 4, 4, 59, 210, 226, 1001, 862, 107, 246, 324, 59, 67
201, 725, 201, 843, 16317557, 3, 4, 324, 210, 226, 1001, 862, 107, 246, 324, 59, 67
201, 725, 201, 882, 16317557, 2, 4, 246, 210, 226, 1001, 862, 107, 246, 324, 59, 67
256, -1, 266, 1, 17300200, 5, 1, 149, 330, 307, 1001, 856, 7, 170, 266, 373, 149
256, -1, 291, -1, 17300200, 3, 1, 266, 330, 307, 1001, 856, 7, 170, 266, 373, 149
256, -1, 338, -1, 17300200, 2, 1, 170, 330, 307, 1001, 856, 7, 170, 266, 373, 149
256, -1, 367, -1, 17300200, 1, 1, 7, 330, 307, 1001, 856, 7, 170, 266, 373, 149
367, -1, 401, 24, 17300652, 4, 2, 373, 7, 307, 1001, 856, 298, 288, 320, 373, 200
367, -1, 401, 54, 17300652, 3, 2, 320, 7, 307, 1001, 856, 298, 288, 320, 373, 200
367, -1, 475, 1, 17300652, 5, 2, 200, 7, 307, 1001, 856, 298, 288, 320, 373, 200
367, -1, 500, -1, 17300652, 2, 2, 288, 7, 307, 1001, 856, 298, 288, 320, 373, 200
367, -1, 506, 1, 17300652, 1, 2, 298, 7, 307, 1001, 856, 298, 288, 320, 373, 200
506, 1, 545, 1, 17301104, 5, 3, 338, 298, 307, 1001, 856, 46, 220, 291, 5, 338
506, 1, 580, -1, 17301105, 4, 3, 5, 298, 307, 1001, 856, 46, 220, 291, 5, 338
506, 1, 623, 1, 17301105, 1, 3, 46, 298, 307, 1001, 856, 46, 220, 291, 5, 338
623, 1, 745, 1, 17301557, 5, 4, 315, 46, 307, 1001, 856, 73, 382, 357, 105, 315
623, 1, 774, 1, 17301557, 3, 4, 357, 46, 307, 1001, 856, 73, 382, 357, 105, 315
623, 1, 787, 1, 17301557, 2, 4, 382, 46, 307, 1001, 856, 73, 382, 357, 105, 315
787, 1, 798, 26, 17306009, 2, 5, 75, 382, 307, 1001, 856, 209, 75, 269, 125, 247
787, 1, 798, 63, 17306009, 1, 5, 209, 382, 307, 1001, 856, 209, 75, 269, 125, 247
787, 1, 892, -1, 17306010, 5, 5, 247, 382, 307, 1001, 856, 209, 75, 269, 125, 247
787, 1, 926, 1, 17306010, 3, 5, 269, 382, 307, 1001, 856, 209, 75, 269, 125, 247
787, 1, 945, -1, 17306010, 4, 5, 125, 382, 307, 1001, 856, 209, 75, 269, 125, 247
798, 63, 798, 104, 17306462, 4, 6, 232, 209, 307, 1001, 856, 250, 319, 350, 232, 359
401, 54, 398, 94, 17309104, 5, 3, 260, 320, 307, 1001, 856, 48, 158, 378, 254, 260
401, 54, 401, 101, 17309104, 4, 3, 254, 320, 307, 1001, 856, 48, 158, 378, 254, 260
401, 54, 401, 143, 17309104, 2, 3, 158, 320, 307, 1001, 856, 48, 158, 378, 254, 260
401, 54, 401, 170, 17309104, 1, 3, 48, 320, 307, 1001, 856, 48, 158, 378, 254, 260
401, 54, 398, 171, 17309104, 3, 3, 378, 320, 307, 1001, 856, 48, 158, 378, 254, 260
401, 170, 382, 198, 17309557, 5, 4, 27, 48, 307, 1001, 856, 302, 118, 224, 116, 27
401, 170, 398, 245, 17309557, 4, 4, 116, 48, 307, 1001, 856, 302, 118, 224, 116, 27
401, 170, 398, 294, 17309557, 3, 4, 224, 48, 307, 1001, 856, 302, 118, 224, 116, 27
401, 170, 398, 329, 17309557, 1, 4, 302, 48, 307, 1001, 856, 302, 118, 224, 116, 27
398, 329, 401, 412, 17310009, 4, 5, 388, 302, 307, 1001, 856, 217, 300, 395, 388, 349
398, 329, 401, 412, 17310009, 3, 5, 395, 302, 307, 1001, 856, 217, 300, 395, 388, 349
398, 329, 401, 441, 17310009, 5, 5, 349, 302, 307, 1001, 856, 217, 300, 395, 388, 349
398, 329, 401, 481, 17310010, 2, 5, 300, 302, 307, 1001, 856, 217, 300, 395, 388, 349
401, 481, 401, 516, 17314462, 2, 6, 217, 300, 307, 1001, 856, 104, 217, 166, 24, 279
401, 481, 401, 549, 17314462, 1, 6, 104, 300, 307, 1001, 856, 104, 217, 166, 24, 279
926, 1, 946, 1, 17314462, 5, 6, 342, 269, 307, 1001, 856, 78, 293, 161, 14, 342
926, 1, 998, 16, 17314462, 1, 6, 78, 269, 307, 1001, 856, 78, 293, 161, 14, 342
401, 549, 398, 635, 17314914, 1, 7, 108, 104, 307, 1001, 856, 108, 154, 10000000, 10000000, 10000000
998, 16, 1001, 82, 17314914, 5, 7, 293, 78, 307, 1001, 856, 92, 14, 161, 294, 293
998, 16, 998, 100, 17314914, 4, 7, 294, 78, 307, 1001, 856, 92, 14, 161, 294, 293
998, 16, 1001, 129, 17314914, 3, 7, 161, 78, 307, 1001, 856, 92, 14, 161, 294, 293
398, 635, 416, 601, 17315366, 1, 8, 16, 108, 307, 1001, 856, 16, 352, 304, 79, 154
398, 635, 401, 724, 17315366, 5, 8, 154, 108, 307, 1001, 856, 16, 352, 304, 79, 154
398, 635, 401, 774, 17315366, 4, 8, 79, 108, 307, 1001, 856, 16, 352, 304, 79, 154
416, 601, 474, 601, 17315818, 3, 9, 173, 16, 307, 1001, 856, 96, 162, 173, 332, 90
798, 104, 798, 235, 17318914, 3, 7, 40, 232, 307, 1001, 856, 250, 319, 40, 385, 389
1001, 129, 1001, 161, 17323366, 3, 8, 14, 161, 307, 1001, 856, 92, 121, 14, 10000000, 10000000
1001, 129, 998, 209, 17323367, 1, 8, 92, 161, 307, 1001, 856, 92, 121, 14, 10000000, 10000000
1001, 129, 998, 249, 17323367, 2, 8, 121, 161, 307, 1001, 856, 92, 121, 14, 10000000, 10000000
998, 209, 998, 249, 17323819, 2, 9, 121, 92, 307, 1001, 856, 245, 121, 127, 25, 10000000
474, 601, 551, 598, 17324271, 4, 10, 162, 173, 307, 1001, 856, 19, 96, 128, 162, 273
474, 601, 577, 598, 17324271, 2, 10, 96, 173, 307, 1001, 856, 19, 96, 128, 162, 273
474, 601, 598, 611, 17324271, 1, 10, 19, 173, 307, 1001, 856, 19, 96, 128, 162, 273
598, 611, 598, 694, 17324723, 3, 11, 236, 19, 307, 1001, 856, 186, 309, 236, 4, 360
598, 611, 598, 741, 17324723, 2, 11, 309, 19, 307, 1001, 856, 186, 309, 236, 4, 360
598, 611, 601, 747, 17324723, 1, 11, 186, 19, 307, 1001, 856, 186, 309, 236, 4, 360
598, 611, 598, 771, 17324723, 5, 11, 360, 19, 307, 1001, 856, 186, 309, 236, 4, 360
601, 747, 598, 771, 17325175, 5, 12, 360, 186, 307, 1001, 856, 393, 109, 4, 219, 360
601, 747, 601, 781, 17325175, 3, 12, 4, 186, 307, 1001, 856, 393, 109, 4, 219, 360
601, 747, 598, 787, 17325175, 1, 12, 393, 186, 307, 1001, 856, 393, 109, 4, 219, 360
601, 747, 598, 832, 17325175, 2, 12, 109, 186, 307, 1001, 856, 393, 109, 4, 219, 360
601, 747, 598, 875, 17325176, 4, 12, 219, 186, 307, 1001, 856, 393, 109, 4, 219, 360
598, 787, 598, 832, 17325627, 5, 13, 109, 393, 307, 1001, 856, 240, 337, 194, 6, 109
598, 787, 656, 798, 17325628, 2, 13, 337, 393, 307, 1001, 856, 240, 337, 194, 6, 109
382, 198, 454, 201, 17326009, 4, 5, 122, 27, 307, 1001, 856, 312, 88, 314, 122, 239
382, 198, 462, 198, 17326009, 3, 5, 314, 27, 307, 1001, 856, 312, 88, 314, 122, 239
382, 198, 507, 201, 17326009, 5, 5, 239, 27, 307, 1001, 856, 312, 88, 314, 122, 239
798, 235, 801, 258, 17327366, 5, 8, 319, 40, 307, 1001, 856, 58, 126, 250, 187, 319
798, 235, 798, 261, 17327366, 4, 8, 187, 40, 307, 1001, 856, 58, 126, 250, 187, 319
798, 235, 801, 299, 17327366, 3, 8, 250, 40, 307, 1001, 856, 58, 126, 250, 187, 319
798, 235, 801, 347, 17327366, 2, 8, 126, 40, 307, 1001, 856, 58, 126, 250, 187, 319
401, 774, 398, 836, 17327819, 3, 9, 52, 79, 307, 1001, 856, 292, 169, 52, 289, 10000000
401, 774, 398, 869, 17327819, 2, 9, 169, 79, 307, 1001, 856, 292, 169, 52, 289, 10000000
401, 774, 401, 889, 17327819, 1, 9, 292, 79, 307, 1001, 856, 292, 169, 52, 289, 10000000
401, 774, 398, 899, 17327819, 4, 9, 289, 79, 307, 1001, 856, 292, 169, 52, 289, 10000000
656, 798, 692, 798, 17330080, 3, 14, 240, 337, 307, 1001, 856, 6, 194, 240, 301, 10000000
656, 798, 740, 798, 17330080, 2, 14, 194, 337, 307, 1001, 856, 6, 194, 240, 301, 10000000
656, 798, 780, 798, 17330080, 1, 14, 6, 337, 307, 1001, 856, 6, 194, 240, 301, 10000000
780, 798, 840, 801, 17330532, 5, 15, 51, 6, 307, 1001, 856, 57, 223, 329, 301, 51
780, 798, 859, 798, 17330532, 4, 15, 301, 6, 307, 1001, 856, 57, 223, 329, 301, 51
780, 798, 905, 798, 17330532, 2, 15, 223, 6, 307, 1001, 856, 57, 223, 329, 301, 51
780, 798, 944, 801, 17330532, 3, 15, 329, 6, 307, 1001, 856, 57, 223, 329, 301, 51
780, 798, 988, 798, 17330533, 1, 15, 57, 6, 307, 1001, 856, 57, 223, 329, 301, 51
988, 798, 1001, 825, 17330985, 4, 16, 355, 57, 307, 1001, 856, 307, 152, 101, 355, 258
988, 798, 998, 828, 17330985, 3, 16, 101, 57, 307, 1001, 856, 307, 152, 101, 355, 258
988, 798, 1001, 860, 17330985, 307, 16, 307, 57, 307, 1001, 856, 307, 152, 101, 355, 258
32, -1, 105, -1, 18300200, 5, 1, 264, 369, 97, 982, 998, 11, 379, 8, 153, 264
32, -1, 149, -1, 18300200, 4, 1, 153, 369, 97, 982, 998, 11, 379, 8, 153, 264
32, -1, 172, -1, 18300200, 3, 1, 8, 369, 97, 982, 998, 11, 379, 8, 153, 264
172, -1, 198, 44, 18308652, 4, 2, 199, 8, 97, 982, 998, 266, 323, 330, 199, 365
172, -1, 238, -1, 18308652, 5, 2, 365, 8, 97, 982, 998, 266, 323, 330, 199, 365
172, -1, 201, 65, 18308652, 2, 2, 323, 8, 97, 982, 998, 266, 323, 330, 199, 365
172, -1, 269, -1, 18308652, 3, 2, 330, 8, 97, 982, 998, 266, 323, 330, 199, 365
172, -1, 304, -1, 18308652, 1, 2, 266, 8, 97, 982, 998, 266, 323, 330, 199, 365
304, -1, 351, -1, 18309105, 5, 3, 170, 266, 97, 982, 998, 61, 100, 7, 200, 170
304, -1, 380, -1, 18309105, 3, 3, 7, 266, 97, 982, 998, 61, 100, 7, 200, 170
304, -1, 398, 12, 18309105, 2, 3, 100, 266, 97, 982, 998, 61, 100, 7, 200, 170
304, -1, 412, 1, 18309105, 1, 3, 61, 266, 97, 982, 998, 61, 100, 7, 200, 170
412, 1, 516, -1, 18309557, 5, 4, 288, 61, 97, 982, 998, 5, 46, 156, 338, 288
412, 1, 532, 1, 18309557, 4, 4, 338, 61, 97, 982, 998, 5, 46, 156, 338, 288
201, 65, 198, 104, 18313104, 5, 3, 263, 323, 97, 982, 998, 193, 368, 98, 123, 263
201, 65, 201, 146, 18313104, 4, 3, 123, 323, 97, 982, 998, 193, 368, 98, 123, 263
201, 65, 201, 167, 18313105, 3, 3, 98, 323, 97, 982, 998, 193, 368, 98, 123, 263
201, 167, 201, 237, 18321557, 5, 4, 368, 98, 97, 982, 998, 305, 249, 313, 193, 368
201, 167, 198, 241, 18321557, 4, 4, 193, 98, 97, 982, 998, 305, 249, 313, 193, 368
201, 167, 201, 273, 18321557, 3, 4, 313, 98, 97, 982, 998, 305, 249, 313, 193, 368
201, 167, 201, 306, 18321557, 2, 4, 249, 98, 97, 982, 998, 305, 249, 313, 193, 368
201, 167, 198, 336, 18321557, 1, 4, 305, 98, 97, 982, 998, 305, 249, 313, 193, 368
198, 336, 198, 387, 18322009, 5, 5, 386, 305, 97, 982, 998, 299, 311, 65, 222, 386
532, 1, 588, -1, 18322009, 2, 5, 5, 338, 97, 982, 998, 46, 5, 357, 12, 225
532, 1, 598, 12, 18322009, 4, 5, 12, 338, 97, 982, 998, 46, 5, 357, 12, 225
532, 1, 613, 1, 18322009, 1, 5, 46, 338, 97, 982, 998, 46, 5, 357, 12, 225
198, 336, 198, 460, 18322010, 4, 5, 222, 305, 97, 982, 998, 299, 311, 65, 222, 386
613, 1, 598, 12, 18322461, 2, 6, 12, 46, 97, 982, 998, 382, 12, 105, 357, 220
613, 1, 749, -1, 18322462, 5, 6, 220, 46, 97, 982, 998, 382, 12, 105, 357, 220
613, 1, 781, -1, 18322462, 3, 6, 105, 46, 97, 982, 998, 382, 12, 105, 357, 220
598, 12, 598, 81, 18326914, 5, 7, 285, 12, 97, 982, 998, 155, 47, 291, 91, 285
598, 12, 601, 116, 18326914, 3, 7, 291, 12, 97, 982, 998, 155, 47, 291, 91, 285
598, 12, 601, 157, 18326914, 1, 7, 155, 12, 97, 982, 998, 155, 47, 291, 91, 285
601, 157, 601, 187, 18327366, 5, 8, 91, 155, 97, 982, 998, 206, 47, 86, 88, 91
601, 157, 592, 198, 18327366, 4, 8, 88, 155, 97, 982, 998, 206, 47, 86, 88, 91
601, 157, 611, 201, 18327366, 3, 8, 86, 155, 97, 982, 998, 206, 47, 86, 88, 91
601, 157, 598, 212, 18327366, 2, 8, 47, 155, 97, 982, 998, 206, 47, 86, 88, 91
601, 157, 598, 251, 18327366, 1, 8, 206, 155, 97, 982, 998, 206, 47, 86, 88, 91
598, 251, 598, 288, 18327818, 3, 9, 290, 206, 97, 982, 998, 347, 114, 290, 85, 332
598, 251, 601, 345, 18327819, 2, 9, 114, 206, 97, 982, 998, 347, 114, 290, 85, 332
781, -1, 798, 15, 18330914, 4, 7, 75, 105, 97, 982, 998, 209, 342, 269, 75, 247
781, -1, 798, 49, 18330914, 1, 7, 209, 105, 97, 982, 998, 209, 342, 269, 75, 247
781, -1, 903, -1, 18330914, 5, 7, 247, 105, 97, 982, 998, 209, 342, 269, 75, 247
798, 49, 798, 90, 18331366, 2, 8, 232, 209, 97, 982, 998, 250, 232, 319, 350, 187
601, 345, 598, 450, 18332271, 3, 10, 130, 114, 97, 982, 998, 179, 347, 130, 243, 286
601, 345, 601, 471, 18332271, 2, 10, 347, 114, 97, 982, 998, 179, 347, 130, 243, 286
601, 345, 598, 501, 18332271, 4, 10, 243, 114, 97, 982, 998, 179, 347, 130, 243, 286
198, 460, 201, 512, 18334462, 5, 6, 299, 222, 97, 982, 998, 65, 10, 276, 205, 299
198, 460, 201, 554, 18334462, 4, 6, 205, 222, 97, 982, 998, 65, 10, 276, 205, 299
198, 460, 201, 595, 18334462, 1, 6, 65, 222, 97, 982, 998, 65, 10, 276, 205, 299
201, 595, 255, 601, 18334914, 2, 7, 182, 65, 97, 982, 998, 67, 182, 276, 178, 295
201, 595, 198, 654, 18334914, 4, 7, 178, 65, 97, 982, 998, 67, 182, 276, 178, 295
201, 595, 198, 694, 18334914, 5, 7, 295, 65, 97, 982, 998, 67, 182, 276, 178, 295
201, 595, 201, 698, 18334914, 3, 7, 276, 65, 97, 982, 998, 67, 182, 276, 178, 295
798, 90, 798, 222, 18335819, 3, 9, 40, 232, 97, 982, 998, 250, 319, 40, 385, 389
798, 90, 801, 272, 18335819, 2, 9, 319, 232, 97, 982, 998, 250, 319, 40, 385, 389
601, 471, 601, 519, 18336723, 4, 11, 286, 347, 97, 982, 998, 204, 21, 179, 286, 332
601, 471, 598, 526, 18336723, 5, 11, 332, 347, 97, 982, 998, 204, 21, 179, 286, 332
601, 471, 601, 550, 18336723, 3, 11, 179, 347, 97, 982, 998, 204, 21, 179, 286, 332
255, 601, 379, 598, 18339367, 2, 8, 107, 182, 97, 982, 998, 16, 107, 154, 162, 96
255, 601, 410, 601, 18339367, 1, 8, 16, 182, 97, 982, 998, 16, 107, 154, 162, 96
410, 601, 462, 601, 18339819, 3, 9, 173, 16, 97, 982, 998, 96, 162, 173, 90, 332
410, 601, 611, 601, 18339819, 4, 9, 90, 16, 97, 982, 998, 96, 162, 173, 90, 332
801, 272, 801, 314, 18340271, 5, 10, 250, 319, 97, 982, 998, 146, 87, 126, 58, 250
801, 272, 801, 362, 18340271, 3, 10, 126, 319, 97, 982, 998, 146, 87, 126, 58, 250
801, 272, 801, 411, 18340271, 4, 10, 58, 319, 97, 982, 998, 146, 87, 126, 58, 250
801, 272, 798, 417, 18340271, 2, 10, 87, 319, 97, 982, 998, 146, 87, 126, 58, 250
801, 272, 798, 465, 18340272, 1, 10, 146, 319, 97, 982, 998, 146, 87, 126, 58, 250
798, 465, 801, 568, 18340724, 5, 11, 111, 146, 97, 982, 998, 37, 371, 261, 334, 111
798, 465, 798, 622, 18340724, 1, 11, 37, 146, 97, 982, 998, 37, 371, 261, 334, 111
798, 622, 798, 689, 18341176, 5, 12, 297, 37, 97, 982, 998, 94, 131, 74, 261, 297
798, 622, 801, 712, 18341176, 4, 12, 261, 37, 97, 982, 998, 94, 131, 74, 261, 297
798, 622, 801, 736, 18341176, 2, 12, 131, 37, 97, 982, 998, 94, 131, 74, 261, 297
798, 622, 801, 786, 18341177, 1, 12, 94, 37, 97, 982, 998, 94, 131, 74, 261, 297
801, 786, 798, 813, 18341629, 4, 13, 74, 94, 97, 982, 998, 133, 248, 51, 74, 69
801, 786, 828, 801, 18341629, 3, 13, 51, 94, 97, 982, 998, 133, 248, 51, 74, 69
801, 786, 801, 909, 18341629, 2, 13, 248, 94, 97, 982, 998, 133, 248, 51, 74, 69
801, 786, 801, 943, 18341629, 1, 13, 133, 94, 97, 982, 998, 133, 248, 51, 74, 69
801, 943, 801, 987, 18342081, 1, 14, 69, 133, 97, 982, 998, 69, 10000000, 10000000, 10000000, 10000000
801, 987, 823, 1001, 18342533, 1, 15, 1, 69, 97, 982, 998, 1, 10000000, 10000000, 10000000, 10000000
823, 1001, 893, 1001, 18342986, 5, 16, 265, 1, 97, 982, 998, 97, 391, 383, 333, 265
823, 1001, 937, 1001, 18342986, 4, 16, 333, 1, 97, 982, 998, 97, 391, 383, 333, 265
823, 1001, 998, 991, 18342986, 2, 16, 391, 1, 97, 982, 998, 97, 391, 383, 333, 265
201, 698, 201, 792, 18343367, 4, 8, 67, 276, 97, 982, 998, 324, 296, 172, 67, 59
201, 698, 198, 815, 18343367, 5, 8, 59, 276, 97, 982, 998, 324, 296, 172, 67, 59
201, 698, 198, 848, 18343367, 3, 8, 172, 276, 97, 982, 998, 324, 296, 172, 67, 59
201, 698, 201, 867, 18343367, 1, 8, 324, 276, 97, 982, 998, 324, 296, 172, 67, 59
201, 867, 201, 906, 18343819, 5, 9, 246, 324, 97, 982, 998, 136, 55, 190, 271, 246
201, 867, 201, 956, 18343819, 3, 9, 190, 324, 97, 982, 998, 136, 55, 190, 271, 246
201, 867, 201, 979, 18343819, 2, 9, 55, 324, 97, 982, 998, 136, 55, 190, 271, 246
601, 550, 601, 589, 18345175, 5, 12, 21, 179, 97, 982, 998, 309, 204, 19, 236, 21
601, 550, 598, 605, 18345175, 3, 12, 19, 179, 97, 982, 998, 309, 204, 19, 236, 21
903, -1, 915, 1, 18347366, 5, 8, 269, 247, 97, 982, 998, 78, 342, 26, 125, 269
903, -1, 936, 1, 18347367, 2, 8, 342, 247, 97, 982, 998, 78, 342, 26, 125, 269
903, -1, 958, -1, 18347367, 4, 8, 125, 247, 97, 982, 998, 78, 342, 26, 125, 269
903, -1, 980, -1, 18347367, 3, 8, 26, 247, 97, 982, 998, 78, 342, 26, 125, 269
903, -1, 998, 7, 18347367, 1, 8, 78, 247, 97, 982, 998, 78, 342, 26, 125, 269
998, 991, 985, 998, 18347438, 97, 17, 97, 391, 97, 982, 998, 97, 10000000, 10000000, 10000000, 10000000
1, 314, 1, 376, 19300200, 3, 1, 176, 284, 152, 998, 861, 268, 32, 176, 50, 201
1, 314, 6, 398, 19300200, 2, 1, 32, 284, 152, 998, 861, 268, 32, 176, 50, 201
1, 314, -1, 422, 19300200, 4, 1, 50, 284, 152, 998, 861, 268, 32, 176, 50, 201
1, 314, -1, 443, 19300200, 5, 1, 201, 284, 152, 998, 861, 268, 32, 176, 50, 201
6, 398, 78, 401, 19304652, 3, 2, 262, 32, 152, 998, 861, 221, 336, 262, 18, 2
6, 398, 121, 401, 19304652, 2, 2, 336, 32, 152, 998, 861, 221, 336, 262, 18, 2
6, 398, 145, 398, 19304652, 1, 2, 221, 32, 152, 998, 861, 221, 336, 262, 18, 2
145, 398, 198, 387, 19305104, 5, 3, 386, 221, 152, 998, 861, 168, 113, 23, 399, 386
145, 398, 198, 387, 19305104, 4, 3, 399, 221, 152, 998, 861, 168, 113, 23, 399, 386
145, 398, 201, 393, 19305104, 3, 3, 23, 221, 152, 998, 861, 168, 113, 23, 399, 386
145, 398, 198, 423, 19305104, 2, 3, 113, 221, 152, 998, 861, 168, 113, 23, 399, 386
145, 398, 271, 401, 19305105, 1, 3, 168, 221, 152, 998, 861, 168, 113, 23, 399, 386
271, 401, 401, 401, 19305557, 5, 4, 41, 168, 152, 998, 861, 372, 395, 388, 279, 41
271, 401, 440, 398, 19305557, 1, 4, 372, 168, 152, 998, 861, 372, 395, 388, 279, 41
440, 398, 494, 398, 19306009, 4, 5, 339, 372, 152, 998, 861, 81, 166, 279, 339, 24
440, 398, 550, 398, 19306010, 2, 5, 166, 372, 152, 998, 861, 81, 166, 279, 339, 24
440, 398, 592, 398, 19306010, 5, 5, 24, 372, 152, 998, 861, 81, 166, 279, 339, 24
440, 398, 613, 401, 19306010, 1, 5, 81, 372, 152, 998, 861, 81, 166, 279, 339, 24
613, 401, 753, 398, 19306462, 5, 6, 120, 81, 152, 998, 861, 87, 35, 398, 367, 120
613, 401, 755, 401, 19306462, 4, 6, 367, 81, 152, 998, 861, 87, 35, 398, 367, 120
198, 423, 201, 445, 19309557, 5, 4, 363, 113, 152, 998, 861, 65, 205, 299, 311, 363
198, 423, 201, 477, 19309557, 4, 4, 311, 113, 152, 998, 861, 65, 205, 299, 311, 363
198, 423, 201, 525, 19309557, 3, 4, 299, 113, 152, 998, 861, 65, 205, 299, 311, 363
198, 423, 201, 567, 19309557, 2, 4, 205, 113, 152, 998, 861, 65, 205, 299, 311, 363
201, 567, 208, 601, 19314009, 3, 5, 20, 205, 152, 998, 861, 295, 178, 20, 276, 65
201, 567, 201, 608, 19314009, 5, 5, 65, 205, 152, 998, 861, 295, 178, 20, 276, 65
201, 567, 198, 642, 19314009, 2, 5, 178, 205, 152, 998, 861, 295, 178, 20, 276, 65
201, 567, 198, 682, 19314009, 1, 5, 295, 205, 152, 998, 861, 295, 178, 20, 276, 65
201, 567, 201, 711, 19314009, 4, 5, 276, 205, 152, 998, 861, 295, 178, 20, 276, 65
198, 682, 200, 793, 19314462, 3, 6, 67, 295, 152, 998, 861, 77, 59, 67, 95, 324
198, 682, 198, 806, 19314462, 2, 6, 59, 295, 152, 998, 861, 77, 59, 67, 95, 324
494, 398, 525, 398, 19318462, 4, 6, 279, 339, 152, 998, 861, 85, 24, 166, 279, 81
494, 398, 550, 398, 19318462, 3, 6, 166, 339, 152, 998, 861, 85, 24, 166, 279, 81
494, 398, 592, 398, 19318462, 2, 6, 24, 339, 152, 998, 861, 85, 24, 166, 279, 81
494, 398, 598, 410, 19318462, 1, 6, 85, 339, 152, 998, 861, 85, 24, 166, 279, 81
494, 398, 613, 401, 19318462, 5, 6, 81, 339, 152, 998, 861, 85, 24, 166, 279, 81
598, 410, 613, 401, 19318914, 1, 7, 81, 85, 152, 998, 861, 81, 21, 179, 19, 286
198, 806, 228, 801, 19318914, 5, 7, 215, 59, 152, 998, 861, 136, 271, 304, 227, 215
198, 806, 278, 801, 19318914, 4, 7, 227, 59, 152, 998, 861, 136, 271, 304, 227, 215
198, 806, 320, 801, 19318914, 3, 7, 304, 59, 152, 998, 861, 136, 271, 304, 227, 215
198, 806, 331, 798, 19318914, 2, 7, 271, 59, 152, 998, 861, 136, 271, 304, 227, 215
598, 410, 601, 533, 19318914, 5, 7, 286, 85, 152, 998, 861, 81, 21, 179, 19, 286
598, 410, 601, 563, 19318914, 3, 7, 179, 85, 152, 998, 861, 81, 21, 179, 19, 286
598, 410, 601, 592, 19318914, 2, 7, 21, 85, 152, 998, 861, 81, 21, 179, 19, 286
755, 401, 801, 426, 19318914, 2, 7, 58, 367, 152, 998, 861, 283, 58, 111, 139, 76
755, 401, 818, 401, 19318914, 5, 7, 76, 367, 152, 998, 861, 283, 58, 111, 139, 76
613, 401, 754, 398, 19319366, 5, 8, 120, 81, 152, 998, 861, 87, 35, 367, 398, 120
613, 401, 755, 401, 19319366, 3, 8, 367, 81, 152, 998, 861, 87, 35, 367, 398, 120
613, 401, 788, 398, 19319366, 2, 8, 35, 81, 152, 998, 861, 87, 35, 367, 398, 120
331, 798, 398, 812, 19323366, 5, 8, 52, 271, 152, 998, 861, 257, 33, 141, 79, 52
331, 798, 401, 800, 19323366, 4, 8, 79, 271, 152, 998, 861, 257, 33, 141, 79, 52
331, 798, 417, 801, 19323366, 2, 8, 33, 271, 152, 998, 861, 257, 33, 141, 79, 52
331, 798, 438, 801, 19323367, 3, 8, 141, 271, 152, 998, 861, 257, 33, 141, 79, 52
801, 426, 798, 454, 19323367, 4, 8, 146, 58, 152, 998, 861, 93, 280, 111, 146, 283
331, 798, 468, 801, 19323367, 1, 8, 257, 271, 152, 998, 861, 257, 33, 141, 79, 52
801, 426, 798, 475, 19323367, 2, 8, 280, 58, 152, 998, 861, 93, 280, 111, 146, 283
601, 592, 678, 601, 19323367, 4, 8, 251, 21, 152, 998, 861, 128, 318, 273, 251, 360
601, 592, 718, 601, 19323367, 2, 8, 318, 21, 152, 998, 861, 128, 318, 273, 251, 360
601, 592, 719, 598, 19323367, 3, 8, 273, 21, 152, 998, 861, 128, 318, 273, 251, 360
601, 592, 753, 598, 19323367, 1, 8, 128, 21, 152, 998, 861, 128, 318, 273, 251, 360
801, 426, 801, 579, 19323367, 3, 8, 111, 58, 152, 998, 861, 93, 280, 111, 146, 283
753, 598, 791, 598, 19323819, 3, 9, 84, 128, 152, 998, 861, 341, 256, 84, 70, 37
468, 801, 591, 798, 19323819, 5, 9, 82, 257, 152, 998, 861, 337, 240, 4, 109, 82
753, 598, 798, 612, 19323819, 5, 9, 37, 128, 152, 998, 861, 341, 256, 84, 70, 37
468, 801, 598, 806, 19323819, 4, 9, 109, 257, 152, 998, 861, 337, 240, 4, 109, 82
468, 801, 601, 792, 19323819, 3, 9, 4, 257, 152, 998, 861, 337, 240, 4, 109, 82
753, 598, 813, 601, 19323819, 4, 9, 70, 128, 152, 998, 861, 341, 256, 84, 70, 37
753, 598, 883, 601, 19323819, 2, 9, 256, 128, 152, 998, 861, 341, 256, 84, 70, 37
753, 598, 911, 601, 19323819, 1, 9, 341, 128, 152, 998, 861, 341, 256, 84, 70, 37
911, 601, 959, 601, 19324272, 5, 10, 376, 341, 152, 998, 861, 25, 9, 145, 255, 376
911, 601, 990, 598, 19324272, 2, 10, 9, 341, 152, 998, 861, 25, 9, 145, 255, 376
911, 601, 1001, 596, 19324272, 1, 10, 25, 341, 152, 998, 861, 25, 9, 145, 255, 376
1001, 596, 990, 598, 19324724, 3, 11, 9, 25, 152, 998, 861, 101, 255, 9, 151, 145
1001, 596, 998, 629, 19324724, 4, 11, 151, 25, 152, 998, 861, 101, 255, 9, 151, 145
1001, 596, 1001, 768, 19324724, 5, 11, 145, 25, 152, 998, 861, 101, 255, 9, 151, 145
798, 475, 801, 579, 19327819, 3, 9, 111, 280, 152, 998, 861, 371, 334, 111, 261, 171
601, 792, 598, 849, 19332271, 3, 10, 219, 4, 152, 998, 861, 240, 337, 219, 10000000, 10000000
601, 792, 679, 798, 19332271, 2, 10, 337, 4, 152, 998, 861, 240, 337, 219, 10000000, 10000000
601, 792, 719, 798, 19332271, 1, 10, 240, 4, 152, 998, 861, 240, 337, 219, 10000000, 10000000
719, 798, 798, 799, 19332724, 5, 11, 74, 240, 152, 998, 861, 329, 252, 196, 94, 74
719, 798, 802, 793, 19332724, 4, 11, 94, 240, 152, 998, 861, 329, 252, 196, 94, 74
719, 798, 840, 801, 19332724, 3, 11, 196, 240, 152, 998, 861, 329, 252, 196, 94, 74
719, 798, 917, 801, 19332724, 1, 11, 329, 240, 152, 998, 861, 329, 252, 196, 94, 74
990, 598, 998, 629, 19333176, 3, 12, 151, 9, 152, 998, 861, 145, 255, 151, 10000000, 10000000
990, 598, 1001, 720, 19333176, 2, 12, 255, 9, 152, 998, 861, 145, 255, 151, 10000000, 10000000
917, 801, 967, 798, 19333176, 5, 12, 211, 329, 152, 998, 861, 355, 307, 57, 54, 211
990, 598, 1001, 768, 19333176, 1, 12, 145, 9, 152, 998, 861, 145, 255, 151, 10000000, 10000000
917, 801, 992, 798, 19333176, 3, 12, 57, 329, 152, 998, 861, 355, 307, 57, 54, 211
1001, 768, 992, 798, 19333628, 5, 13, 57, 145, 152, 998, 861, 355, 307, 152, 321, 57
1001, 768, 1001, 844, 19333629, 1, 13, 355, 145, 152, 998, 861, 355, 307, 152, 321, 57
1001, 768, 1001, 887, 19333629, 2, 13, 307, 145, 152, 998, 861, 355, 307, 152, 321, 57
1001, 768, 998, 913, 19333629, 4, 13, 321, 145, 152, 998, 861, 355, 307, 152, 321, 57
1001, 844, 998, 858, 19334081, 152, 14, 152, 355, 152, 998, 861, 152, 10000000, 10000000, 10000000, 10000000
