source_id,send_x,send_y,recv_x,recv_y,time,recv_priority,hopcount,recv_id,send_id,destination_x,destination_y,pri_1,pri_2,pri_3,pri_4,pri_5,pri_recover
23, 201, 284, 198, 387, 10300200, 2, 1, 305, 23, 700, 750, 363, 305, 386, 366, 399, 0
23, 201, 284, 198, 387, 10300200, 4, 1, 366, 23, 700, 750, 363, 305, 386, 366, 399, 0
23, 201, 284, 198, 387, 10300200, 3, 1, 386, 23, 700, 750, 363, 305, 386, 366, 399, 0
23, 201, 284, 198, 387, 10300200, 5, 1, 399, 23, 700, 750, 363, 305, 386, 366, 399, 0
23, 201, 284, 201, 412, 10300200, 1, 1, 363, 23, 700, 750, 363, 305, 386, 366, 399, 0
23, 201, 412, 201, 446, 10300637, 5, 1, 205, 363, 700, 750, 222, 65, 188, 45, 205, 0
23, 201, 412, 248, 398, 10300637, 3, 1, 188, 363, 700, 750, 222, 65, 188, 45, 205, 0
23, 201, 412, 201, 485, 10300637, 2, 1, 65, 363, 700, 750, 222, 65, 188, 45, 205, 0
23, 201, 412, 198, 564, 10300637, 1, 1, 222, 363, 700, 750, 222, 65, 188, 45, 205, 0
23, 198, 564, 201, 618, 10301075, 1, 1, 276, 222, 700, 750, 276, 246, 271, 136, 107, 0
23, 201, 618, 201, 645, 10301512, 3, 1, 210, 276, 700, 750, 107, 67, 210, 10, 10000000, 0
23, 201, 618, 201, 691, 10301512, 2, 1, 67, 276, 700, 750, 107, 67, 210, 10, 10000000, 0
23, 201, 618, 198, 712, 10301512, 4, 1, 10, 276, 700, 750, 107, 67, 210, 10, 10000000, 0
23, 248, 398, 283, 398, 10309074, 4, 1, 45, 188, 700, 750, 372, 278, 168, 45, 335, 0
23, 248, 398, 354, 401, 10309074, 3, 1, 168, 188, 700, 750, 372, 278, 168, 45, 335, 0
23, 201, 446, 201, 486, 10317074, 3, 1, 65, 205, 700, 750, 210, 222, 65, 113, 188, 0
23, 201, 446, 198, 532, 10317074, 4, 1, 113, 205, 700, 750, 210, 222, 65, 113, 188, 0
23, 201, 446, 198, 564, 10317074, 2, 1, 222, 205, 700, 750, 210, 222, 65, 113, 188, 0
23, 354, 401, 401, 416, 10317512, 5, 1, 300, 168, 700, 750, 24, 104, 166, 217, 300, 0
23, 354, 401, 401, 431, 10317512, 4, 1, 217, 168, 700, 750, 24, 104, 166, 217, 300, 0
23, 354, 401, 445, 398, 10317512, 3, 1, 166, 168, 700, 750, 24, 104, 166, 217, 300, 0
23, 354, 401, 485, 398, 10317512, 1, 1, 24, 168, 700, 750, 24, 104, 166, 217, 300, 0
23, 485, 398, 515, 401, 10317949, 4, 1, 53, 24, 700, 750, 286, 144, 347, 53, 120, 0
23, 485, 398, 554, 401, 10317949, 2, 1, 144, 24, 700, 750, 286, 144, 347, 53, 120, 0
23, 485, 398, 601, 412, 10317949, 3, 1, 347, 24, 700, 750, 286, 144, 347, 53, 120, 0
23, 198, 564, 201, 618, 10321512, 1, 1, 276, 222, 700, 750, 276, 246, 271, 136, 107, 0
23, 201, 618, 201, 645, 10321949, 3, 1, 210, 276, 700, 750, 107, 67, 210, 10, 10000000, 0
23, 201, 618, 201, 691, 10321949, 2, 1, 67, 276, 700, 750, 107, 67, 210, 10, 10000000, 0
23, 201, 618, 198, 712, 10321949, 4, 1, 10, 276, 700, 750, 107, 67, 210, 10, 10000000, 0
23, 554, 401, 601, 412, 10322386, 5, 1, 347, 144, 700, 750, 179, 21, 286, 35, 347, 0
23, 554, 401, 601, 419, 10322386, 3, 1, 286, 144, 700, 750, 179, 21, 286, 35, 347, 0
23, 554, 401, 601, 445, 10322386, 1, 1, 179, 144, 700, 750, 179, 21, 286, 35, 347, 0
23, 554, 401, 683, 398, 10322387, 4, 1, 35, 144, 700, 750, 179, 21, 286, 35, 347, 0
23, 601, 445, 601, 487, 10322823, 1, 1, 21, 179, 700, 750, 21, 332, 85, 243, 130, 0
23, 601, 445, 598, 515, 10322824, 3, 1, 85, 179, 700, 750, 21, 332, 85, 243, 130, 0
23, 601, 445, 598, 552, 10322824, 10000000, 1, 130, 179, 700, 750, 10000000, 10000000, 10000000, 10000000, 10000000, 0
23, 601, 445, 598, 587, 10322824, 10000000, 1, 332, 179, 700, 750, 10000000, 10000000, 10000000, 10000000, 10000000, 0
23, 601, 487, 598, 515, 10323261, 5, 1, 85, 21, 700, 750, 332, 130, 243, 186, 85, 0
23, 601, 487, 598, 580, 10323261, 10000000, 1, 243, 21, 700, 750, 10000000, 10000000, 10000000, 10000000, 10000000, 0
23, 601, 487, 601, 647, 10323261, 10000000, 1, 186, 21, 700, 750, 10000000, 10000000, 10000000, 10000000, 10000000, 0
23, 598, 580, 620, 598, 10329054, 10000000, 2, 273, 243, 700, 750, 10000000, 10000000, 10000000, 10000000, 10000000, 0
23, 598, 580, 601, 690, 10329054, 10000000, 2, 4, 243, 700, 750, 10000000, 10000000, 10000000, 10000000, 10000000, 0
23, 598, 580, 598, 710, 10329054, 10000000, 2, 19, 243, 700, 750, 10000000, 10000000, 10000000, 10000000, 10000000, 0
23, 601, 690, 598, 752, 10329937, 10000000, 3, 204, 4, 700, 750, 10000000, 10000000, 10000000, 10000000, 10000000, 0
23, 601, 690, 598, 778, 10329937, 10000000, 3, 236, 4, 700, 750, 10000000, 10000000, 10000000, 10000000, 10000000, 0
23, 601, 690, 598, 787, 10329937, 10000000, 3, 309, 4, 700, 750, 10000000, 10000000, 10000000, 10000000, 10000000, 0
23, 601, 690, 598, 787, 10329937, 10000000, 3, 360, 4, 700, 750, 10000000, 10000000, 10000000, 10000000, 10000000, 0
23, 601, 690, 598, 787, 10329937, 10000000, 3, 393, 4, 700, 750, 10000000, 10000000, 10000000, 10000000, 10000000, 0
23, 601, 690, 601, 858, 10329938, 10000000, 3, 112, 4, 700, 750, 10000000, 10000000, 10000000, 10000000, 10000000, 0
23, 401, 431, 401, 467, 10329949, 2, 1, 104, 217, 700, 750, 115, 104, 24, 79, 154, 0
23, 401, 431, 398, 533, 10329949, 1, 1, 115, 217, 700, 750, 115, 104, 24, 79, 154, 0
23, 398, 533, 401, 638, 10330386, 2, 1, 154, 115, 700, 750, 79, 154, 162, 96, 215, 0
23, 398, 533, 401, 680, 10330386, 1, 1, 79, 115, 700, 750, 79, 154, 162, 96, 215, 0
23, 598, 787, 587, 801, 10333393, 10000000, 4, 317, 309, 700, 750, 10000000, 10000000, 10000000, 10000000, 10000000, 0
23, 598, 787, 612, 798, 10333393, 10000000, 4, 337, 309, 700, 750, 10000000, 10000000, 10000000, 10000000, 10000000, 0
23, 598, 787, 587, 801, 10333393, 10000000, 4, 358, 309, 700, 750, 10000000, 10000000, 10000000, 10000000, 10000000, 0
23, 598, 787, 587, 801, 10333393, 10000000, 4, 384, 309, 700, 750, 10000000, 10000000, 10000000, 10000000, 10000000, 0
23, 598, 787, 587, 801, 10333393, 10000000, 4, 387, 309, 700, 750, 10000000, 10000000, 10000000, 10000000, 10000000, 0
23, 598, 787, 618, 798, 10333393, 10000000, 4, 240, 309, 700, 750, 10000000, 10000000, 10000000, 10000000, 10000000, 0
23, 598, 787, 578, 801, 10333393, 10000000, 4, 257, 309, 700, 750, 10000000, 10000000, 10000000, 10000000, 10000000, 0
23, 598, 787, 551, 801, 10333393, 10000000, 4, 141, 309, 700, 750, 10000000, 10000000, 10000000, 10000000, 10000000, 0
23, 598, 787, 646, 798, 10333393, 10000000, 4, 194, 309, 700, 750, 10000000, 10000000, 10000000, 10000000, 10000000, 0
23, 598, 787, 685, 798, 10333393, 10000000, 4, 6, 309, 700, 750, 10000000, 10000000, 10000000, 10000000, 10000000, 0
23, 598, 787, 598, 924, 10333393, 10000000, 4, 109, 309, 700, 750, 10000000, 10000000, 10000000, 10000000, 10000000, 0
23, 683, 398, 717, 401, 10334824, 1, 1, 81, 35, 700, 750, 81, 179, 21, 10000000, 10000000, 0
23, 618, 798, 519, 801, 10348574, 10000000, 5, 33, 240, 700, 750, 10000000, 10000000, 10000000, 10000000, 10000000, 0
23, 618, 798, 484, 798, 10348574, 10000000, 5, 82, 240, 700, 750, 10000000, 10000000, 10000000, 10000000, 10000000, 0
23, 618, 798, 444, 798, 10348574, 10000000, 5, 181, 240, 700, 750, 10000000, 10000000, 10000000, 10000000, 10000000, 0
23, 620, 598, 643, 598, 10349833, 10000000, 3, 128, 273, 700, 750, 10000000, 10000000, 10000000, 10000000, 10000000, 0
23, 620, 598, 685, 598, 10349833, 10000000, 3, 84, 273, 700, 750, 10000000, 10000000, 10000000, 10000000, 10000000, 0
23, 620, 598, 553, 601, 10349833, 10000000, 3, 173, 273, 700, 750, 10000000, 10000000, 10000000, 10000000, 10000000, 0
23, 620, 598, 712, 601, 10349833, 10000000, 3, 90, 273, 700, 750, 10000000, 10000000, 10000000, 10000000, 10000000, 0
23, 620, 598, 509, 601, 10349833, 10000000, 3, 16, 273, 700, 750, 10000000, 10000000, 10000000, 10000000, 10000000, 0
23, 620, 598, 754, 601, 10349833, 10000000, 3, 143, 273, 700, 750, 10000000, 10000000, 10000000, 10000000, 10000000, 0
23, 620, 598, 484, 598, 10349833, 10000000, 3, 96, 273, 700, 750, 10000000, 10000000, 10000000, 10000000, 10000000, 0
23, 620, 598, 780, 601, 10349833, 10000000, 3, 251, 273, 700, 750, 10000000, 10000000, 10000000, 10000000, 10000000, 0
23, 620, 598, 787, 601, 10349833, 10000000, 3, 318, 273, 700, 750, 10000000, 10000000, 10000000, 10000000, 10000000, 0
23, 685, 798, 812, 798, 10352981, 10000000, 5, 301, 6, 700, 750, 10000000, 10000000, 10000000, 10000000, 10000000, 0
23, 685, 798, 822, 798, 10352981, 10000000, 5, 223, 6, 700, 750, 10000000, 10000000, 10000000, 10000000, 10000000, 0
23, 754, 601, 787, 601, 10355533, 10000000, 4, 377, 143, 700, 750, 10000000, 10000000, 10000000, 10000000, 10000000, 0
23, 754, 601, 801, 612, 10355533, 10000000, 4, 334, 143, 700, 750, 10000000, 10000000, 10000000, 10000000, 10000000, 0
23, 754, 601, 801, 612, 10355533, 10000000, 4, 371, 143, 700, 750, 10000000, 10000000, 10000000, 10000000, 10000000, 0
23, 754, 601, 801, 621, 10355533, 10000000, 4, 261, 143, 700, 750, 10000000, 10000000, 10000000, 10000000, 10000000, 0
23, 754, 601, 801, 640, 10355534, 10000000, 4, 131, 143, 700, 750, 10000000, 10000000, 10000000, 10000000, 10000000, 0
23, 754, 601, 821, 598, 10355534, 10000000, 4, 277, 143, 700, 750, 10000000, 10000000, 10000000, 10000000, 10000000, 0
23, 754, 601, 841, 598, 10355534, 10000000, 4, 148, 143, 700, 750, 10000000, 10000000, 10000000, 10000000, 10000000, 0
23, 754, 601, 887, 598, 10355534, 10000000, 4, 9, 143, 700, 750, 10000000, 10000000, 10000000, 10000000, 10000000, 0
23, 587, 801, 598, 965, 10355878, 10000000, 5, 219, 387, 700, 750, 10000000, 10000000, 10000000, 10000000, 10000000, 0
23, 587, 801, 380, 801, 10355878, 10000000, 5, 227, 387, 700, 750, 10000000, 10000000, 10000000, 10000000, 10000000, 0
23, 598, 778, 612, 998, 10356363, 10000000, 4, 361, 236, 700, 750, 10000000, 10000000, 10000000, 10000000, 10000000, 0
23, 553, 601, 448, 598, 10361668, 10000000, 4, 162, 173, 700, 750, 10000000, 10000000, 10000000, 10000000, 10000000, 0
23, 553, 601, 355, 601, 10361669, 10000000, 4, 182, 173, 700, 750, 10000000, 10000000, 10000000, 10000000, 10000000, 0
23, 787, 601, 798, 580, 10365654, 10000000, 5, 280, 377, 700, 750, 10000000, 10000000, 10000000, 10000000, 10000000, 0
23, 787, 601, 798, 552, 10365654, 10000000, 5, 146, 377, 700, 750, 10000000, 10000000, 10000000, 10000000, 10000000, 0
23, 787, 601, 801, 683, 10365654, 10000000, 5, 94, 377, 700, 750, 10000000, 10000000, 10000000, 10000000, 10000000, 0
23, 787, 601, 798, 518, 10365654, 10000000, 5, 87, 377, 700, 750, 10000000, 10000000, 10000000, 10000000, 10000000, 0
23, 787, 601, 798, 719, 10365654, 10000000, 5, 37, 377, 700, 750, 10000000, 10000000, 10000000, 10000000, 10000000, 0
23, 787, 601, 914, 601, 10365654, 10000000, 5, 70, 377, 700, 750, 10000000, 10000000, 10000000, 10000000, 10000000, 0
23, 787, 601, 987, 601, 10365654, 10000000, 5, 376, 377, 700, 750, 10000000, 10000000, 10000000, 10000000, 10000000, 0
23, 787, 601, 798, 755, 10367545, 10000000, 4, 171, 318, 700, 750, 10000000, 10000000, 10000000, 10000000, 10000000, 0
23, 787, 601, 798, 777, 10367545, 10000000, 4, 297, 318, 700, 750, 10000000, 10000000, 10000000, 10000000, 10000000, 0
23, 787, 601, 987, 601, 10367545, 10000000, 4, 341, 318, 700, 750, 10000000, 10000000, 10000000, 10000000, 10000000, 0
23, 787, 601, 998, 587, 10367545, 10000000, 4, 354, 318, 700, 750, 10000000, 10000000, 10000000, 10000000, 10000000, 0
23, 578, 801, 387, 801, 10369025, 10000000, 5, 304, 257, 700, 750, 10000000, 10000000, 10000000, 10000000, 10000000, 0
23, 798, 777, 801, 821, 10371054, 10000000, 5, 248, 297, 700, 750, 10000000, 10000000, 10000000, 10000000, 10000000, 0
23, 798, 777, 801, 847, 10371054, 10000000, 5, 133, 297, 700, 750, 10000000, 10000000, 10000000, 10000000, 10000000, 0
23, 798, 777, 801, 889, 10371054, 10000000, 5, 69, 297, 700, 750, 10000000, 10000000, 10000000, 10000000, 10000000, 0
23, 798, 777, 798, 920, 10371054, 10000000, 5, 74, 297, 700, 750, 10000000, 10000000, 10000000, 10000000, 10000000, 0
23, 798, 552, 801, 468, 10372963, 10000000, 6, 111, 146, 700, 750, 10000000, 10000000, 10000000, 10000000, 10000000, 0
23, 798, 552, 787, 401, 10372963, 10000000, 6, 306, 146, 700, 750, 10000000, 10000000, 10000000, 10000000, 10000000, 0
23, 798, 552, 787, 401, 10372963, 10000000, 6, 367, 146, 700, 750, 10000000, 10000000, 10000000, 10000000, 10000000, 0
23, 841, 598, 955, 601, 10375307, 10000000, 5, 202, 148, 700, 750, 10000000, 10000000, 10000000, 10000000, 10000000, 0
23, 841, 598, 979, 601, 10375307, 10000000, 5, 256, 148, 700, 750, 10000000, 10000000, 10000000, 10000000, 10000000, 0
23, 551, 801, 387, 801, 10377269, 10000000, 5, 352, 141, 700, 750, 10000000, 10000000, 10000000, 10000000, 10000000, 0
23, 551, 801, 354, 801, 10377269, 10000000, 5, 215, 141, 700, 750, 10000000, 10000000, 10000000, 10000000, 10000000, 0
23, 812, 798, 850, 798, 10386978, 10000000, 6, 211, 301, 700, 750, 10000000, 10000000, 10000000, 10000000, 10000000, 0
23, 812, 798, 890, 798, 10386978, 10000000, 6, 57, 301, 700, 750, 10000000, 10000000, 10000000, 10000000, 10000000, 0
23, 812, 798, 919, 801, 10386979, 10000000, 6, 51, 301, 700, 750, 10000000, 10000000, 10000000, 10000000, 10000000, 0
23, 812, 798, 987, 801, 10386979, 10000000, 6, 329, 301, 700, 750, 10000000, 10000000, 10000000, 10000000, 10000000, 0
23, 822, 798, 956, 801, 10393710, 10000000, 6, 196, 223, 700, 750, 10000000, 10000000, 10000000, 10000000, 10000000, 0
23, 822, 798, 980, 801, 10393710, 10000000, 6, 252, 223, 700, 750, 10000000, 10000000, 10000000, 10000000, 10000000, 0
23, 780, 601, 998, 587, 10398411, 10000000, 4, 397, 251, 700, 750, 10000000, 10000000, 10000000, 10000000, 10000000, 0
23, 850, 798, 1001, 812, 10432187, 10000000, 7, 355, 211, 700, 750, 10000000, 10000000, 10000000, 10000000, 10000000, 0
11, 1, 108, 1, 212, 12300200, 4, 1, 379, 11, 700, 750, 64, 346, 32, 379, 284, 0
11, 1, 108, 1, 215, 12300200, 2, 1, 346, 11, 700, 750, 64, 346, 32, 379, 284, 0
11, 1, 108, 1, 233, 12300200, 5, 1, 284, 11, 700, 750, 64, 346, 32, 379, 284, 0
11, 1, 108, 1, 312, 12300200, 3, 1, 32, 11, 700, 750, 64, 346, 32, 379, 284, 0
11, 1, 215, 1, 274, 12304637, 5, 1, 176, 346, 700, 750, 32, 56, 216, 64, 176, 0
11, 1, 215, -1, 292, 12304637, 4, 1, 64, 346, 700, 750, 32, 56, 216, 64, 176, 0
11, 1, 215, 1, 312, 12304637, 1, 1, 32, 346, 700, 750, 32, 56, 216, 64, 176, 0
11, 1, 312, -1, 330, 12305074, 3, 1, 174, 32, 700, 750, 348, 282, 174, 43, 191, 0
11, 1, 312, -1, 367, 12305074, 2, 1, 282, 32, 700, 750, 348, 282, 174, 43, 191, 0
11, 1, 312, -1, 383, 12305074, 1, 1, 348, 32, 700, 750, 348, 282, 174, 43, 191, 0
11, 1, 312, 1, 503, 12305075, 4, 1, 43, 32, 700, 750, 348, 282, 174, 43, 191, 0
11, -1, 383, 1, 472, 12305512, 4, 1, 191, 348, 700, 750, 221, 110, 43, 191, 50, 0
11, -1, 383, -1, 497, 12305512, 5, 1, 50, 348, 700, 750, 221, 110, 43, 191, 50, 0
11, -1, 383, 1, 503, 12305512, 3, 1, 43, 348, 700, 750, 221, 110, 43, 191, 50, 0
11, 1, 503, -1, 584, 12313949, 3, 1, 340, 43, 700, 750, 370, 390, 340, 374, 328, 0
11, 1, 503, -1, 587, 12313949, 1, 1, 370, 43, 700, 750, 370, 390, 340, 374, 328, 0
11, 1, 503, -1, 587, 12313949, 2, 1, 390, 43, 700, 750, 370, 390, 340, 374, 328, 0
11, 1, 503, 1, 612, 12313949, 4, 1, 374, 43, 700, 750, 370, 390, 340, 374, 328, 0
11, 1, 503, 1, 616, 12313949, 5, 1, 328, 43, 700, 750, 370, 390, 340, 374, 328, 0
11, -1, 587, 34, 598, 12314386, 4, 1, 259, 370, 700, 750, 103, 134, 34, 259, 396, 0
11, -1, 587, 68, 598, 12314386, 2, 1, 134, 370, 700, 750, 103, 134, 34, 259, 396, 0
11, -1, 587, 80, 601, 12314386, 1, 1, 103, 370, 700, 750, 103, 134, 34, 259, 396, 0
11, -1, 587, 12, 798, 12314387, 5, 1, 396, 370, 700, 750, 103, 134, 34, 259, 396, 0
11, 80, 601, 135, 601, 12314824, 3, 1, 189, 103, 700, 750, 107, 276, 189, 210, 67, 0
11, 135, 601, 287, 601, 12323261, 3, 1, 20, 189, 700, 750, 107, 276, 20, 210, 67, 0
11, 12, 798, 33, 798, 12330824, 5, 1, 233, 396, 700, 750, 77, 68, 184, 208, 233, 0
11, 12, 798, 72, 798, 12330824, 4, 1, 208, 396, 700, 750, 77, 68, 184, 208, 233, 0
11, 12, 798, 78, 801, 12330824, 2, 1, 68, 396, 700, 750, 77, 68, 184, 208, 233, 0
11, 12, 798, 119, 798, 12330824, 1, 1, 77, 396, 700, 750, 77, 68, 184, 208, 233, 0
11, 12, 798, 133, 801, 12330824, 3, 1, 184, 396, 700, 750, 77, 68, 184, 208, 233, 0
11, 119, 798, 133, 801, 12331261, 3, 1, 184, 77, 700, 750, 324, 136, 184, 271, 3, 0
11, 119, 798, 201, 815, 12331261, 1, 1, 324, 77, 700, 750, 324, 136, 184, 271, 3, 0
11, 119, 798, 235, 798, 12331262, 4, 1, 271, 77, 700, 750, 324, 136, 184, 271, 3, 0
11, 119, 798, 304, 798, 12331262, 5, 1, 3, 77, 700, 750, 324, 136, 184, 271, 3, 0
11, 287, 601, 332, 601, 12331698, 3, 1, 182, 20, 700, 750, 96, 162, 182, 154, 79, 0
11, 201, 815, 198, 733, 12331699, 5, 1, 178, 324, 700, 750, 136, 271, 3, 10, 178, 0
11, 201, 815, 198, 682, 12331699, 4, 1, 10, 324, 700, 750, 136, 271, 3, 10, 178, 0
11, 332, 601, 475, 598, 12340136, 2, 1, 162, 182, 700, 750, 96, 162, 154, 79, 16, 0
11, 332, 601, 481, 601, 12340136, 5, 1, 16, 182, 700, 750, 96, 162, 154, 79, 16, 0
11, 235, 798, 271, 798, 12343699, 5, 1, 136, 271, 700, 750, 352, 215, 95, 3, 136, 0
11, 235, 798, 290, 801, 12343699, 3, 1, 95, 271, 700, 750, 352, 215, 95, 3, 136, 0
11, 235, 798, 304, 798, 12343699, 4, 1, 3, 271, 700, 750, 352, 215, 95, 3, 136, 0
11, 235, 798, 327, 801, 12343699, 2, 1, 215, 271, 700, 750, 352, 215, 95, 3, 136, 0
11, 235, 798, 387, 801, 12343699, 1, 1, 352, 271, 700, 750, 352, 215, 95, 3, 136, 0
11, 198, 682, 201, 671, 12344136, 3, 1, 210, 10, 700, 750, 136, 67, 210, 271, 3, 0
11, 198, 682, 201, 720, 12344136, 2, 1, 67, 10, 700, 750, 136, 67, 210, 271, 3, 0
11, 387, 801, 472, 798, 12344136, 3, 1, 181, 352, 700, 750, 82, 33, 181, 141, 108, 0
11, 387, 801, 496, 801, 12344136, 2, 1, 33, 352, 700, 750, 82, 33, 181, 141, 108, 0
11, 387, 801, 512, 798, 12344136, 1, 1, 82, 352, 700, 750, 82, 33, 181, 141, 108, 0
11, 387, 801, 587, 801, 12344137, 10000000, 1, 387, 352, 700, 750, 10000000, 10000000, 10000000, 10000000, 10000000, 0
11, 387, 801, 598, 787, 12344137, 10000000, 1, 393, 352, 700, 750, 10000000, 10000000, 10000000, 10000000, 10000000, 0
11, 475, 598, 481, 601, 12344573, 3, 1, 16, 162, 700, 750, 96, 173, 16, 273, 186, 0
11, 475, 598, 510, 598, 12344573, 1, 1, 96, 162, 700, 750, 96, 173, 16, 273, 186, 0
11, 475, 598, 530, 601, 12344573, 2, 1, 173, 162, 700, 750, 96, 173, 16, 273, 186, 0
11, 512, 798, 564, 801, 12344574, 10000000, 1, 257, 82, 700, 750, 10000000, 10000000, 10000000, 10000000, 10000000, 0
11, 512, 798, 584, 801, 12344574, 10000000, 1, 317, 82, 700, 750, 10000000, 10000000, 10000000, 10000000, 10000000, 0
11, 512, 798, 587, 801, 12344574, 10000000, 1, 358, 82, 700, 750, 10000000, 10000000, 10000000, 10000000, 10000000, 0
11, 512, 798, 587, 801, 12344574, 10000000, 1, 384, 82, 700, 750, 10000000, 10000000, 10000000, 10000000, 10000000, 0
11, 512, 798, 614, 798, 12344574, 10000000, 1, 337, 82, 700, 750, 10000000, 10000000, 10000000, 10000000, 10000000, 0
11, 510, 598, 530, 601, 12345010, 4, 1, 173, 96, 700, 750, 128, 273, 84, 173, 186, 0
11, 530, 601, 635, 598, 12349010, 10000000, 1, 273, 173, 700, 750, 10000000, 10000000, 10000000, 10000000, 10000000, 0
11, 530, 601, 666, 598, 12349010, 10000000, 1, 128, 173, 700, 750, 10000000, 10000000, 10000000, 10000000, 10000000, 0
11, 530, 601, 711, 598, 12349010, 10000000, 1, 84, 173, 700, 750, 10000000, 10000000, 10000000, 10000000, 10000000, 0
11, 587, 801, 598, 787, 12350366, 10000000, 2, 360, 387, 700, 750, 10000000, 10000000, 10000000, 10000000, 10000000, 0
11, 587, 801, 598, 784, 12350366, 10000000, 2, 309, 387, 700, 750, 10000000, 10000000, 10000000, 10000000, 10000000, 0
11, 587, 801, 598, 760, 12350366, 10000000, 2, 236, 387, 700, 750, 10000000, 10000000, 10000000, 10000000, 10000000, 0
11, 587, 801, 631, 798, 12350366, 10000000, 2, 240, 387, 700, 750, 10000000, 10000000, 10000000, 10000000, 10000000, 0
11, 587, 801, 524, 801, 12350366, 10000000, 2, 141, 387, 700, 750, 10000000, 10000000, 10000000, 10000000, 10000000, 0
11, 587, 801, 671, 798, 12350366, 10000000, 2, 194, 387, 700, 750, 10000000, 10000000, 10000000, 10000000, 10000000, 0
11, 587, 801, 601, 886, 12350366, 10000000, 2, 112, 387, 700, 750, 10000000, 10000000, 10000000, 10000000, 10000000, 0
11, 587, 801, 598, 897, 12350366, 10000000, 2, 109, 387, 700, 750, 10000000, 10000000, 10000000, 10000000, 10000000, 0
11, 711, 598, 731, 601, 12351591, 10000000, 2, 143, 84, 700, 750, 10000000, 10000000, 10000000, 10000000, 10000000, 0
11, 711, 598, 685, 601, 12351591, 10000000, 2, 90, 84, 700, 750, 10000000, 10000000, 10000000, 10000000, 10000000, 0
11, 711, 598, 766, 601, 12351591, 10000000, 2, 251, 84, 700, 750, 10000000, 10000000, 10000000, 10000000, 10000000, 0
11, 711, 598, 784, 601, 12351591, 10000000, 2, 318, 84, 700, 750, 10000000, 10000000, 10000000, 10000000, 10000000, 0
11, 711, 598, 787, 601, 12351591, 10000000, 2, 377, 84, 700, 750, 10000000, 10000000, 10000000, 10000000, 10000000, 0
11, 711, 598, 801, 612, 12351591, 10000000, 2, 371, 84, 700, 750, 10000000, 10000000, 10000000, 10000000, 10000000, 0
11, 711, 598, 801, 615, 12351591, 10000000, 2, 334, 84, 700, 750, 10000000, 10000000, 10000000, 10000000, 10000000, 0
11, 711, 598, 836, 598, 12351591, 10000000, 2, 277, 84, 700, 750, 10000000, 10000000, 10000000, 10000000, 10000000, 0
11, 711, 598, 866, 598, 12351591, 10000000, 2, 148, 84, 700, 750, 10000000, 10000000, 10000000, 10000000, 10000000, 0
11, 711, 598, 891, 601, 12351591, 10000000, 2, 70, 84, 700, 750, 10000000, 10000000, 10000000, 10000000, 10000000, 0
11, 711, 598, 913, 598, 12351591, 10000000, 2, 9, 84, 700, 750, 10000000, 10000000, 10000000, 10000000, 10000000, 0
11, 671, 798, 713, 798, 12355133, 10000000, 3, 6, 194, 700, 750, 10000000, 10000000, 10000000, 10000000, 10000000, 0
11, 598, 897, 601, 717, 12357755, 10000000, 3, 4, 109, 700, 750, 10000000, 10000000, 10000000, 10000000, 10000000, 0
11, 787, 601, 798, 564, 12359816, 10000000, 3, 280, 377, 700, 750, 10000000, 10000000, 10000000, 10000000, 10000000, 0
11, 787, 601, 801, 639, 12359816, 10000000, 3, 261, 377, 700, 750, 10000000, 10000000, 10000000, 10000000, 10000000, 0
11, 787, 601, 801, 664, 12359816, 10000000, 3, 131, 377, 700, 750, 10000000, 10000000, 10000000, 10000000, 10000000, 0
11, 787, 601, 798, 529, 12359816, 10000000, 3, 146, 377, 700, 750, 10000000, 10000000, 10000000, 10000000, 10000000, 0
11, 787, 601, 798, 694, 12359816, 10000000, 3, 37, 377, 700, 750, 10000000, 10000000, 10000000, 10000000, 10000000, 0
11, 787, 601, 801, 494, 12359816, 10000000, 3, 111, 377, 700, 750, 10000000, 10000000, 10000000, 10000000, 10000000, 0
11, 787, 601, 798, 732, 12359816, 10000000, 3, 171, 377, 700, 750, 10000000, 10000000, 10000000, 10000000, 10000000, 0
11, 787, 601, 929, 601, 12359816, 10000000, 3, 202, 377, 700, 750, 10000000, 10000000, 10000000, 10000000, 10000000, 0
11, 787, 601, 798, 760, 12359816, 10000000, 3, 297, 377, 700, 750, 10000000, 10000000, 10000000, 10000000, 10000000, 0
11, 787, 601, 963, 601, 12359816, 10000000, 3, 256, 377, 700, 750, 10000000, 10000000, 10000000, 10000000, 10000000, 0
11, 271, 798, 327, 801, 12360136, 5, 1, 215, 136, 700, 750, 82, 181, 352, 227, 215, 0
11, 271, 798, 367, 801, 12360136, 4, 1, 227, 136, 700, 750, 82, 181, 352, 227, 215, 0
11, 598, 787, 598, 729, 12361893, 10000000, 2, 204, 393, 700, 750, 10000000, 10000000, 10000000, 10000000, 10000000, 0
11, 598, 787, 598, 681, 12361893, 10000000, 2, 19, 393, 700, 750, 10000000, 10000000, 10000000, 10000000, 10000000, 0
11, 598, 787, 601, 674, 12361893, 10000000, 2, 186, 393, 700, 750, 10000000, 10000000, 10000000, 10000000, 10000000, 0
11, 598, 787, 598, 941, 12361893, 10000000, 2, 219, 393, 700, 750, 10000000, 10000000, 10000000, 10000000, 10000000, 0
11, 798, 564, 798, 492, 12363566, 10000000, 4, 87, 280, 700, 750, 10000000, 10000000, 10000000, 10000000, 10000000, 0
11, 798, 564, 801, 710, 12363566, 10000000, 4, 94, 280, 700, 750, 10000000, 10000000, 10000000, 10000000, 10000000, 0
11, 798, 564, 787, 401, 12363566, 10000000, 4, 398, 280, 700, 750, 10000000, 10000000, 10000000, 10000000, 10000000, 0
11, 598, 681, 598, 584, 12365869, 10000000, 3, 332, 19, 700, 750, 10000000, 10000000, 10000000, 10000000, 10000000, 0
11, 598, 681, 598, 566, 12365869, 10000000, 3, 243, 19, 700, 750, 10000000, 10000000, 10000000, 10000000, 10000000, 0
11, 598, 681, 598, 526, 12365870, 10000000, 3, 130, 19, 700, 750, 10000000, 10000000, 10000000, 10000000, 10000000, 0
11, 598, 681, 601, 516, 12365870, 10000000, 3, 21, 19, 700, 750, 10000000, 10000000, 10000000, 10000000, 10000000, 0
11, 587, 801, 383, 801, 12369880, 10000000, 2, 304, 384, 700, 750, 10000000, 10000000, 10000000, 10000000, 10000000, 0
11, 367, 801, 472, 798, 12372573, 2, 1, 181, 227, 700, 750, 82, 181, 33, 384, 257, 0
11, 367, 801, 496, 801, 12372573, 3, 1, 33, 227, 700, 750, 82, 181, 33, 384, 257, 0
11, 367, 801, 512, 798, 12372573, 1, 1, 82, 227, 700, 750, 82, 181, 33, 384, 257, 0
11, 801, 710, 801, 839, 12378926, 10000000, 5, 248, 94, 700, 750, 10000000, 10000000, 10000000, 10000000, 10000000, 0
11, 801, 710, 801, 871, 12378926, 10000000, 5, 133, 94, 700, 750, 10000000, 10000000, 10000000, 10000000, 10000000, 0
11, 801, 710, 798, 893, 12378926, 10000000, 5, 74, 94, 700, 750, 10000000, 10000000, 10000000, 10000000, 10000000, 0
11, 713, 798, 816, 798, 12381558, 10000000, 4, 301, 6, 700, 750, 10000000, 10000000, 10000000, 10000000, 10000000, 0
11, 713, 798, 840, 798, 12381559, 10000000, 4, 223, 6, 700, 750, 10000000, 10000000, 10000000, 10000000, 10000000, 0
11, 801, 839, 801, 915, 12383337, 10000000, 6, 69, 248, 700, 750, 10000000, 10000000, 10000000, 10000000, 10000000, 0
11, 836, 598, 984, 601, 12390692, 10000000, 3, 341, 277, 700, 750, 10000000, 10000000, 10000000, 10000000, 10000000, 0
11, 836, 598, 987, 601, 12390692, 10000000, 3, 376, 277, 700, 750, 10000000, 10000000, 10000000, 10000000, 10000000, 0
11, 598, 566, 598, 490, 12395010, 10000000, 4, 85, 243, 700, 750, 10000000, 10000000, 10000000, 10000000, 10000000, 0
11, 598, 566, 601, 471, 12395010, 10000000, 4, 179, 243, 700, 750, 10000000, 10000000, 10000000, 10000000, 10000000, 0
11, 598, 566, 601, 435, 12395010, 10000000, 4, 286, 243, 700, 750, 10000000, 10000000, 10000000, 10000000, 10000000, 0
11, 598, 566, 601, 415, 12395010, 10000000, 4, 347, 243, 700, 750, 10000000, 10000000, 10000000, 10000000, 10000000, 0
11, 801, 612, 787, 401, 12399634, 10000000, 3, 367, 371, 700, 750, 10000000, 10000000, 10000000, 10000000, 10000000, 0
11, 784, 601, 998, 587, 12400049, 10000000, 3, 354, 318, 700, 750, 10000000, 10000000, 10000000, 10000000, 10000000, 0
11, 840, 798, 877, 798, 12412326, 10000000, 5, 211, 223, 700, 750, 10000000, 10000000, 10000000, 10000000, 10000000, 0
11, 840, 798, 896, 801, 12412326, 10000000, 5, 51, 223, 700, 750, 10000000, 10000000, 10000000, 10000000, 10000000, 0
11, 840, 798, 932, 801, 12412326, 10000000, 5, 196, 223, 700, 750, 10000000, 10000000, 10000000, 10000000, 10000000, 0
11, 840, 798, 966, 801, 12412326, 10000000, 5, 252, 223, 700, 750, 10000000, 10000000, 10000000, 10000000, 10000000, 0
11, 840, 798, 1001, 812, 12412326, 10000000, 5, 355, 223, 700, 750, 10000000, 10000000, 10000000, 10000000, 10000000, 0
11, 816, 798, 922, 798, 12421212, 10000000, 5, 57, 301, 700, 750, 10000000, 10000000, 10000000, 10000000, 10000000, 0
32, 1, 328, -1, 356, 13300200, 2, 1, 282, 32, 700, 750, 348, 282, 43, 191, 10000000, 0
32, 1, 328, -1, 378, 13300200, 1, 1, 348, 32, 700, 750, 348, 282, 43, 191, 10000000, 0
32, -1, 378, -1, 515, 13300637, 3, 1, 201, 348, 700, 750, 221, 43, 201, 390, 340, 0
32, -1, 378, 1, 517, 13300637, 2, 1, 43, 348, 700, 750, 221, 43, 201, 390, 340, 0
32, 1, 517, -1, 580, 13305074, 3, 1, 340, 43, 700, 750, 370, 390, 340, 374, 328, 0
32, 1, 517, -1, 587, 13305074, 1, 1, 370, 43, 700, 750, 370, 390, 340, 374, 328, 0
32, 1, 517, -1, 587, 13305074, 2, 1, 390, 43, 700, 750, 370, 390, 340, 374, 328, 0
32, 1, 517, 1, 612, 13305074, 4, 1, 374, 43, 700, 750, 370, 390, 340, 374, 328, 0
32, 1, 517, 1, 621, 13305074, 5, 1, 328, 43, 700, 750, 370, 390, 340, 374, 328, 0
32, -1, 587, 45, 598, 13305512, 2, 1, 259, 370, 700, 750, 134, 259, 103, 34, 163, 0
32, -1, 587, 66, 601, 13305512, 3, 1, 103, 370, 700, 750, 134, 259, 103, 34, 163, 0
32, -1, 587, 1, 683, 13305512, 5, 1, 163, 370, 700, 750, 134, 259, 103, 34, 163, 0
32, 45, 598, 65, 601, 13309949, 4, 1, 103, 259, 700, 750, 34, 134, 189, 103, 210, 0
32, 45, 598, 83, 598, 13309949, 2, 1, 134, 259, 700, 750, 34, 134, 189, 103, 210, 0
32, 45, 598, 114, 598, 13309949, 1, 1, 34, 259, 700, 750, 34, 134, 189, 103, 210, 0
32, 45, 598, 125, 601, 13309949, 3, 1, 189, 259, 700, 750, 34, 134, 189, 103, 210, 0
32, 114, 598, 125, 601, 13310386, 3, 1, 189, 34, 700, 750, 20, 107, 189, 210, 276, 0
8, 126, -1, 176, 1, 14300200, 4, 1, 343, 8, 700, 750, 62, 365, 323, 343, 330, 0
8, 126, -1, 201, 24, 14300200, 3, 1, 323, 8, 700, 750, 62, 365, 323, 343, 330, 0
8, 126, -1, 213, -1, 14300200, 2, 1, 365, 8, 700, 750, 62, 365, 323, 343, 330, 0
8, 126, -1, 226, -1, 14300200, 5, 1, 330, 8, 700, 750, 62, 365, 323, 343, 330, 0
8, 126, -1, 264, 1, 14300200, 1, 1, 62, 8, 700, 750, 62, 365, 323, 343, 330, 0
8, 264, 1, 330, -1, 14300637, 5, 1, 7, 62, 700, 750, 288, 320, 373, 156, 7, 0
8, 264, 1, 457, -1, 14300638, 1, 1, 288, 62, 700, 750, 288, 320, 373, 156, 7, 0
8, 457, -1, 503, -1, 14301075, 5, 1, 156, 288, 700, 750, 291, 5, 298, 200, 156, 0
8, 457, -1, 514, 1, 14301075, 4, 1, 200, 288, 700, 750, 291, 5, 298, 200, 156, 0
8, 457, -1, 542, -1, 14301075, 2, 1, 5, 288, 700, 750, 291, 5, 298, 200, 156, 0
8, 457, -1, 543, 1, 14301075, 3, 1, 298, 288, 700, 750, 291, 5, 298, 200, 156, 0
8, 542, -1, 543, 1, 14305512, 3, 1, 298, 5, 700, 750, 46, 338, 298, 220, 291, 0
8, 542, -1, 574, 1, 14305512, 2, 1, 338, 5, 700, 750, 46, 338, 298, 220, 291, 0
8, 542, -1, 663, 1, 14305512, 1, 1, 46, 5, 700, 750, 46, 338, 298, 220, 291, 0
8, 663, 1, 704, 1, 14305949, 1, 1, 207, 46, 700, 750, 207, 10000000, 10000000, 10000000, 10000000, 0
8, 201, 24, 201, 54, 14308637, 5, 1, 235, 323, 700, 750, 98, 123, 199, 313, 235, 0
8, 201, 24, 198, 99, 14308637, 3, 1, 199, 323, 700, 750, 98, 123, 199, 313, 235, 0
8, 201, 24, 201, 99, 14308637, 2, 1, 123, 323, 700, 750, 98, 123, 199, 313, 235, 0
8, 201, 24, 201, 121, 14308637, 1, 1, 98, 323, 700, 750, 98, 123, 199, 313, 235, 0
8, 201, 121, 198, 175, 14309074, 5, 1, 344, 98, 700, 750, 132, 249, 313, 193, 344, 0
8, 201, 121, 201, 227, 14309074, 3, 1, 313, 98, 700, 750, 132, 249, 313, 193, 344, 0
8, 201, 121, 201, 256, 14309075, 2, 1, 249, 98, 700, 750, 132, 249, 313, 193, 344, 0
8, 201, 256, 198, 386, 14313512, 2, 1, 366, 249, 700, 750, 399, 366, 386, 363, 299, 0
8, 201, 256, 198, 387, 14313512, 3, 1, 386, 249, 700, 750, 399, 366, 386, 363, 299, 0
8, 201, 256, 198, 387, 14313512, 1, 1, 399, 249, 700, 750, 399, 366, 386, 363, 299, 0
8, 201, 256, 201, 412, 14313512, 4, 1, 363, 249, 700, 750, 399, 366, 386, 363, 299, 0
8, 198, 387, 255, 398, 14313949, 4, 1, 274, 399, 700, 750, 65, 18, 205, 274, 299, 0
8, 198, 387, 259, 401, 14313949, 2, 1, 18, 399, 700, 750, 65, 18, 205, 274, 299, 0
8, 198, 387, 201, 456, 14313949, 5, 1, 299, 399, 700, 750, 65, 18, 205, 274, 299, 0
8, 198, 387, 201, 499, 14313949, 3, 1, 205, 399, 700, 750, 65, 18, 205, 274, 299, 0
8, 259, 401, 401, 412, 14318387, 5, 1, 381, 18, 700, 750, 339, 279, 395, 388, 381, 0
8, 259, 401, 401, 412, 14318387, 4, 1, 388, 18, 700, 750, 339, 279, 395, 388, 381, 0
8, 259, 401, 401, 412, 14318387, 3, 1, 395, 18, 700, 750, 339, 279, 395, 388, 381, 0
8, 201, 499, 198, 513, 14322386, 4, 1, 222, 205, 700, 750, 276, 65, 188, 222, 67, 0
8, 201, 499, 201, 539, 14322386, 2, 1, 65, 205, 700, 750, 276, 65, 188, 222, 67, 0
8, 401, 412, 401, 418, 14326824, 1, 1, 349, 395, 700, 750, 349, 104, 166, 217, 115, 0
8, 201, 539, 201, 650, 14326824, 2, 1, 276, 65, 700, 750, 178, 276, 210, 188, 10, 0
8, 201, 539, 198, 654, 14326824, 5, 1, 10, 65, 700, 750, 178, 276, 210, 188, 10, 0
8, 401, 412, 401, 477, 14326824, 4, 1, 217, 395, 700, 750, 349, 104, 166, 217, 115, 0
8, 401, 412, 398, 488, 14326824, 5, 1, 115, 395, 700, 750, 349, 104, 166, 217, 115, 0
8, 401, 412, 401, 514, 14326824, 2, 1, 104, 395, 700, 750, 349, 104, 166, 217, 115, 0
8, 401, 418, 401, 477, 14327261, 3, 1, 217, 349, 700, 750, 104, 166, 217, 24, 279, 0
8, 401, 418, 401, 514, 14327261, 1, 1, 104, 349, 700, 750, 104, 166, 217, 24, 279, 0
8, 201, 650, 201, 698, 14331261, 2, 1, 210, 276, 700, 750, 107, 210, 10000000, 10000000, 10000000, 0
17, 44, 201, 106, 198, 15300200, 5, 1, 216, 17, 700, 750, 368, 56, 313, 238, 216, 0
17, 44, 201, 132, 201, 15300200, 4, 1, 238, 17, 700, 750, 368, 56, 313, 238, 216, 0
17, 44, 201, 153, 198, 15300200, 2, 1, 56, 17, 700, 750, 368, 56, 313, 238, 216, 0
17, 153, 198, 201, 215, 15304637, 5, 1, 368, 56, 700, 750, 241, 197, 159, 71, 368, 0
17, 153, 198, 266, 201, 15304637, 4, 1, 71, 56, 700, 750, 241, 197, 159, 71, 368, 0
17, 153, 198, 289, 201, 15304637, 2, 1, 197, 56, 700, 750, 241, 197, 159, 71, 368, 0
17, 153, 198, 307, 198, 15304637, 3, 1, 159, 56, 700, 750, 241, 197, 159, 71, 368, 0
17, 289, 201, 416, 198, 15309075, 1, 1, 356, 197, 700, 750, 356, 244, 314, 117, 378, 0
17, 289, 201, 438, 198, 15309075, 3, 1, 314, 197, 700, 750, 356, 244, 314, 117, 378, 0
17, 416, 198, 518, 198, 15309512, 4, 1, 117, 356, 700, 750, 118, 88, 116, 117, 380, 0
17, 201, 215, 198, 281, 15321074, 5, 1, 193, 368, 700, 750, 132, 305, 366, 23, 193, 0
17, 201, 215, 201, 314, 15321074, 1, 1, 132, 368, 700, 750, 132, 305, 366, 23, 193, 0
17, 201, 215, 201, 352, 15321074, 4, 1, 23, 368, 700, 750, 132, 305, 366, 23, 193, 0
17, 201, 215, 198, 368, 15321075, 2, 1, 305, 368, 700, 750, 132, 305, 366, 23, 193, 0
17, 201, 314, 198, 368, 15321512, 5, 1, 305, 132, 700, 750, 205, 113, 366, 386, 305, 0
17, 201, 314, 198, 384, 15321512, 3, 1, 366, 132, 700, 750, 205, 113, 366, 386, 305, 0
17, 201, 314, 198, 387, 15321512, 4, 1, 386, 132, 700, 750, 205, 113, 366, 386, 305, 0
17, 201, 314, 198, 471, 15321512, 2, 1, 113, 132, 700, 750, 205, 113, 366, 386, 305, 0
17, 518, 198, 534, 201, 15321949, 5, 1, 239, 117, 700, 750, 380, 88, 312, 86, 239, 0
17, 518, 198, 562, 201, 15321949, 3, 1, 312, 117, 700, 750, 380, 88, 312, 86, 239, 0
17, 518, 198, 568, 198, 15321949, 2, 1, 88, 117, 700, 750, 380, 88, 312, 86, 239, 0
17, 518, 198, 584, 201, 15321949, 1, 1, 380, 117, 700, 750, 380, 88, 312, 86, 239, 0
17, 518, 198, 646, 201, 15321950, 4, 1, 86, 117, 700, 750, 380, 88, 312, 86, 239, 0
17, 584, 201, 598, 248, 15322386, 4, 1, 47, 380, 700, 750, 290, 114, 206, 47, 272, 0
17, 584, 201, 598, 292, 15322387, 3, 1, 206, 380, 700, 750, 290, 114, 206, 47, 272, 0
17, 198, 368, 201, 415, 15325512, 4, 1, 363, 305, 700, 750, 65, 205, 299, 363, 113, 0
17, 198, 368, 201, 470, 15325512, 3, 1, 299, 305, 700, 750, 65, 205, 299, 363, 113, 0
17, 198, 368, 198, 471, 15325512, 5, 1, 113, 305, 700, 750, 65, 205, 299, 363, 113, 0
17, 198, 368, 201, 513, 15325512, 2, 1, 205, 305, 700, 750, 65, 205, 299, 363, 113, 0
17, 198, 368, 201, 553, 15325512, 1, 1, 65, 305, 700, 750, 65, 205, 299, 363, 113, 0
17, 198, 471, 198, 499, 15325949, 5, 1, 222, 113, 700, 750, 276, 65, 210, 205, 222, 0
17, 201, 553, 198, 640, 15325949, 5, 1, 10, 65, 700, 750, 210, 276, 178, 188, 10, 0
17, 201, 553, 201, 662, 15325950, 2, 1, 276, 65, 700, 750, 210, 276, 178, 188, 10, 0
17, 201, 553, 198, 694, 15325950, 3, 1, 178, 65, 700, 750, 210, 276, 178, 188, 10, 0
17, 201, 553, 201, 712, 15325950, 1, 1, 210, 65, 700, 750, 210, 276, 178, 188, 10, 0
17, 201, 513, 201, 554, 15329949, 3, 1, 65, 205, 700, 750, 45, 276, 65, 188, 210, 0
17, 598, 292, 598, 325, 15330824, 4, 1, 290, 206, 700, 750, 286, 347, 179, 290, 243, 0
17, 598, 292, 601, 434, 15330824, 2, 1, 347, 206, 700, 750, 286, 347, 179, 290, 243, 0
17, 601, 434, 601, 472, 15335261, 4, 1, 286, 347, 700, 750, 21, 179, 332, 286, 130, 0
17, 601, 434, 598, 488, 15335261, 5, 1, 130, 347, 700, 750, 21, 179, 332, 286, 130, 0
17, 601, 434, 601, 510, 15335261, 2, 1, 179, 347, 700, 750, 21, 179, 332, 286, 130, 0
17, 601, 434, 598, 535, 15335261, 10000000, 1, 243, 347, 700, 750, 10000000, 10000000, 10000000, 10000000, 10000000, 0
17, 601, 434, 601, 556, 15335261, 1, 1, 21, 347, 700, 750, 21, 179, 332, 286, 130, 0
17, 601, 556, 598, 562, 15335699, 10000000, 1, 332, 21, 700, 750, 10000000, 10000000, 10000000, 10000000, 10000000, 0
17, 601, 556, 598, 636, 15335699, 10000000, 1, 19, 21, 700, 750, 10000000, 10000000, 10000000, 10000000, 10000000, 0
17, 601, 556, 598, 453, 15335699, 10000000, 1, 85, 21, 700, 750, 236, 19, 186, 332, 4, 0
17, 598, 535, 598, 695, 15336476, 10000000, 2, 204, 243, 700, 750, 10000000, 10000000, 10000000, 10000000, 10000000, 0
17, 201, 554, 198, 640, 15338386, 5, 1, 10, 65, 700, 750, 210, 276, 178, 188, 10, 0
17, 201, 554, 201, 662, 15338387, 2, 1, 276, 65, 700, 750, 210, 276, 178, 188, 10, 0
17, 201, 554, 198, 694, 15338387, 3, 1, 178, 65, 700, 750, 210, 276, 178, 188, 10, 0
17, 201, 554, 201, 712, 15338387, 1, 1, 210, 65, 700, 750, 210, 276, 178, 188, 10, 0
17, 598, 562, 601, 718, 15372652, 10000000, 2, 186, 332, 700, 750, 10000000, 10000000, 10000000, 10000000, 10000000, 0
17, 598, 562, 598, 720, 15372652, 10000000, 2, 236, 332, 700, 750, 10000000, 10000000, 10000000, 10000000, 10000000, 0
17, 598, 695, 601, 757, 15374554, 10000000, 3, 4, 204, 700, 750, 10000000, 10000000, 10000000, 10000000, 10000000, 0
17, 598, 695, 598, 763, 15374554, 10000000, 3, 309, 204, 700, 750, 10000000, 10000000, 10000000, 10000000, 10000000, 0
17, 598, 695, 598, 783, 15374554, 10000000, 3, 360, 204, 700, 750, 10000000, 10000000, 10000000, 10000000, 10000000, 0
17, 598, 695, 598, 787, 15374554, 10000000, 3, 393, 204, 700, 750, 10000000, 10000000, 10000000, 10000000, 10000000, 0
17, 598, 783, 587, 801, 15378591, 10000000, 4, 384, 360, 700, 750, 10000000, 10000000, 10000000, 10000000, 10000000, 0
17, 598, 783, 587, 801, 15378591, 10000000, 4, 387, 360, 700, 750, 10000000, 10000000, 10000000, 10000000, 10000000, 0
17, 598, 783, 584, 801, 15378591, 10000000, 4, 358, 360, 700, 750, 10000000, 10000000, 10000000, 10000000, 10000000, 0
17, 598, 783, 598, 857, 15378591, 10000000, 4, 109, 360, 700, 750, 10000000, 10000000, 10000000, 10000000, 10000000, 0
17, 584, 801, 565, 801, 15379944, 10000000, 5, 317, 358, 700, 750, 10000000, 10000000, 10000000, 10000000, 10000000, 0
17, 584, 801, 553, 798, 15379944, 10000000, 5, 82, 358, 700, 750, 10000000, 10000000, 10000000, 10000000, 10000000, 0
17, 584, 801, 634, 798, 15379944, 10000000, 5, 337, 358, 700, 750, 10000000, 10000000, 10000000, 10000000, 10000000, 0
17, 584, 801, 525, 801, 15379945, 10000000, 5, 257, 358, 700, 750, 10000000, 10000000, 10000000, 10000000, 10000000, 0
17, 584, 801, 519, 798, 15379945, 10000000, 5, 181, 358, 700, 750, 10000000, 10000000, 10000000, 10000000, 10000000, 0
17, 584, 801, 666, 798, 15379945, 10000000, 5, 240, 358, 700, 750, 10000000, 10000000, 10000000, 10000000, 10000000, 0
17, 584, 801, 484, 801, 15379945, 10000000, 5, 141, 358, 700, 750, 10000000, 10000000, 10000000, 10000000, 10000000, 0
17, 584, 801, 598, 901, 15379945, 10000000, 5, 219, 358, 700, 750, 10000000, 10000000, 10000000, 10000000, 10000000, 0
17, 584, 801, 462, 801, 15379945, 10000000, 5, 33, 358, 700, 750, 10000000, 10000000, 10000000, 10000000, 10000000, 0
17, 584, 801, 713, 798, 15379945, 10000000, 5, 194, 358, 700, 750, 10000000, 10000000, 10000000, 10000000, 10000000, 0
17, 598, 636, 552, 598, 15382312, 10000000, 2, 96, 19, 700, 750, 10000000, 10000000, 10000000, 10000000, 10000000, 0
17, 598, 787, 601, 929, 15390446, 10000000, 4, 112, 393, 700, 750, 10000000, 10000000, 10000000, 10000000, 10000000, 0
17, 666, 798, 755, 798, 15392583, 10000000, 6, 6, 240, 700, 750, 10000000, 10000000, 10000000, 10000000, 10000000, 0
17, 666, 798, 838, 798, 15392583, 10000000, 6, 301, 240, 700, 750, 10000000, 10000000, 10000000, 10000000, 10000000, 0
17, 552, 598, 523, 598, 15405951, 10000000, 3, 162, 96, 700, 750, 10000000, 10000000, 10000000, 10000000, 10000000, 0
17, 552, 598, 496, 601, 15405951, 10000000, 3, 173, 96, 700, 750, 10000000, 10000000, 10000000, 10000000, 10000000, 0
17, 552, 598, 642, 601, 15405951, 10000000, 3, 90, 96, 700, 750, 10000000, 10000000, 10000000, 10000000, 10000000, 0
17, 552, 598, 698, 601, 15405951, 10000000, 3, 143, 96, 700, 750, 10000000, 10000000, 10000000, 10000000, 10000000, 0
17, 552, 598, 704, 598, 15405951, 10000000, 3, 128, 96, 700, 750, 10000000, 10000000, 10000000, 10000000, 10000000, 0
17, 713, 798, 878, 798, 15406109, 10000000, 6, 223, 194, 700, 750, 10000000, 10000000, 10000000, 10000000, 10000000, 0
17, 587, 801, 383, 801, 15406795, 10000000, 5, 352, 384, 700, 750, 10000000, 10000000, 10000000, 10000000, 10000000, 0
17, 838, 798, 862, 801, 15408790, 10000000, 7, 51, 301, 700, 750, 10000000, 10000000, 10000000, 10000000, 10000000, 0
17, 838, 798, 889, 801, 15408790, 10000000, 7, 196, 301, 700, 750, 10000000, 10000000, 10000000, 10000000, 10000000, 0
17, 838, 798, 918, 798, 15408790, 10000000, 7, 211, 301, 700, 750, 10000000, 10000000, 10000000, 10000000, 10000000, 0
17, 838, 798, 931, 801, 15408790, 10000000, 7, 252, 301, 700, 750, 10000000, 10000000, 10000000, 10000000, 10000000, 0
17, 838, 798, 964, 801, 15408791, 10000000, 7, 329, 301, 700, 750, 10000000, 10000000, 10000000, 10000000, 10000000, 0
17, 838, 798, 968, 798, 15408791, 10000000, 7, 57, 301, 700, 750, 10000000, 10000000, 10000000, 10000000, 10000000, 0
17, 496, 601, 670, 598, 15411049, 10000000, 4, 273, 173, 700, 750, 10000000, 10000000, 10000000, 10000000, 10000000, 0
17, 642, 601, 730, 601, 15419310, 10000000, 4, 251, 90, 700, 750, 10000000, 10000000, 10000000, 10000000, 10000000, 0
17, 642, 601, 751, 598, 15419310, 10000000, 4, 84, 90, 700, 750, 10000000, 10000000, 10000000, 10000000, 10000000, 0
17, 642, 601, 765, 601, 15419310, 10000000, 4, 318, 90, 700, 750, 10000000, 10000000, 10000000, 10000000, 10000000, 0
17, 642, 601, 783, 601, 15419310, 10000000, 4, 377, 90, 700, 750, 10000000, 10000000, 10000000, 10000000, 10000000, 0
17, 642, 601, 439, 601, 15419310, 10000000, 4, 16, 90, 700, 750, 10000000, 10000000, 10000000, 10000000, 10000000, 0
17, 751, 598, 801, 616, 15425993, 10000000, 5, 371, 84, 700, 750, 10000000, 10000000, 10000000, 10000000, 10000000, 0
17, 751, 598, 801, 637, 15425993, 10000000, 5, 334, 84, 700, 750, 10000000, 10000000, 10000000, 10000000, 10000000, 0
17, 751, 598, 873, 598, 15425993, 10000000, 5, 277, 84, 700, 750, 10000000, 10000000, 10000000, 10000000, 10000000, 0
17, 751, 598, 883, 601, 15425993, 10000000, 5, 202, 84, 700, 750, 10000000, 10000000, 10000000, 10000000, 10000000, 0
17, 751, 598, 907, 598, 15425993, 10000000, 5, 148, 84, 700, 750, 10000000, 10000000, 10000000, 10000000, 10000000, 0
17, 783, 601, 798, 658, 15429275, 10000000, 5, 37, 377, 700, 750, 10000000, 10000000, 10000000, 10000000, 10000000, 0
17, 783, 601, 854, 601, 15429275, 10000000, 5, 70, 377, 700, 750, 10000000, 10000000, 10000000, 10000000, 10000000, 0
17, 783, 601, 801, 677, 15429275, 10000000, 5, 261, 377, 700, 750, 10000000, 10000000, 10000000, 10000000, 10000000, 0
17, 783, 601, 801, 701, 15429275, 10000000, 5, 131, 377, 700, 750, 10000000, 10000000, 10000000, 10000000, 10000000, 0
17, 783, 601, 928, 601, 15429275, 10000000, 5, 256, 377, 700, 750, 10000000, 10000000, 10000000, 10000000, 10000000, 0
17, 783, 601, 955, 598, 15429275, 10000000, 5, 9, 377, 700, 750, 10000000, 10000000, 10000000, 10000000, 10000000, 0
17, 798, 658, 798, 696, 15441347, 10000000, 6, 171, 37, 700, 750, 10000000, 10000000, 10000000, 10000000, 10000000, 0
17, 798, 658, 798, 724, 15441347, 10000000, 6, 297, 37, 700, 750, 10000000, 10000000, 10000000, 10000000, 10000000, 0
17, 798, 658, 801, 751, 15441347, 10000000, 6, 94, 37, 700, 750, 10000000, 10000000, 10000000, 10000000, 10000000, 0
17, 798, 658, 801, 532, 15441347, 10000000, 6, 111, 37, 700, 750, 10000000, 10000000, 10000000, 10000000, 10000000, 0
17, 798, 658, 798, 523, 15441347, 10000000, 6, 280, 37, 700, 750, 10000000, 10000000, 10000000, 10000000, 10000000, 0
17, 798, 658, 798, 453, 15441348, 10000000, 6, 87, 37, 700, 750, 10000000, 10000000, 10000000, 10000000, 10000000, 0
17, 801, 701, 798, 852, 15444571, 10000000, 6, 74, 131, 700, 750, 10000000, 10000000, 10000000, 10000000, 10000000, 0
17, 801, 616, 798, 496, 15450222, 10000000, 6, 146, 371, 700, 750, 10000000, 10000000, 10000000, 10000000, 10000000, 0
17, 798, 696, 801, 875, 15463116, 10000000, 7, 248, 171, 700, 750, 10000000, 10000000, 10000000, 10000000, 10000000, 0
165, -1, 61, 1, 125, 16300200, 5, 1, 160, 165, 700, 750, 284, 379, 346, 11, 160, 0
165, -1, 61, 1, 243, 16300200, 3, 1, 346, 165, 700, 750, 284, 379, 346, 11, 160, 0
165, 1, 243, -1, 322, 16308637, 5, 1, 282, 346, 700, 750, 32, 56, 348, 176, 282, 0
165, 1, 243, -1, 350, 16308637, 3, 1, 348, 346, 700, 750, 32, 56, 348, 176, 282, 0
165, 1, 243, 1, 374, 16308638, 1, 1, 32, 346, 700, 750, 32, 56, 348, 176, 282, 0
165, 1, 374, -1, 454, 16309075, 2, 1, 50, 32, 700, 750, 201, 50, 191, 43, 10000000, 0
165, 1, 374, -1, 477, 16309075, 1, 1, 201, 32, 700, 750, 201, 50, 191, 43, 10000000, 0
165, -1, 477, -1, 587, 16309512, 5, 1, 390, 201, 700, 750, 328, 267, 163, 374, 390, 0
165, -1, 477, 1, 621, 16309512, 4, 1, 374, 201, 700, 750, 328, 267, 163, 374, 390, 0
165, 1, 621, 1, 680, 16321950, 4, 1, 267, 374, 700, 750, 259, 134, 163, 267, 242, 0
165, 1, 621, -1, 712, 16321950, 5, 1, 242, 374, 700, 750, 259, 134, 163, 267, 242, 0
165, 1, 621, 1, 722, 16321950, 3, 1, 163, 374, 700, 750, 259, 134, 163, 267, 242, 0
284, 1, 291, -1, 311, 17300200, 5, 1, 282, 284, 700, 750, 32, 50, 176, 348, 282, 0
284, 1, 291, -1, 338, 17300200, 4, 1, 348, 284, 700, 750, 32, 50, 176, 348, 282, 0
284, 1, 291, 1, 350, 17300200, 3, 1, 176, 284, 700, 750, 32, 50, 176, 348, 282, 0
284, 1, 291, 1, 385, 17300200, 1, 1, 32, 284, 700, 750, 32, 50, 176, 348, 282, 0
284, 1, 291, -1, 443, 17300200, 2, 1, 50, 284, 700, 750, 32, 50, 176, 348, 282, 0
284, 1, 385, -1, 443, 17300637, 4, 1, 50, 32, 700, 750, 340, 268, 201, 50, 191, 0
284, 1, 385, -1, 466, 17300637, 3, 1, 201, 32, 700, 750, 340, 268, 201, 50, 191, 0
284, 1, 385, -1, 504, 17300637, 2, 1, 268, 32, 700, 750, 340, 268, 201, 50, 191, 0
284, 1, 385, -1, 544, 17300637, 1, 1, 340, 32, 700, 750, 340, 268, 201, 50, 191, 0
284, -1, 544, -1, 587, 17301074, 1, 1, 390, 340, 700, 750, 390, 2, 28, 396, 308, 0
284, -1, 544, -1, 616, 17301075, 2, 1, 2, 340, 700, 750, 390, 2, 28, 396, 308, 0
284, -1, 587, 80, 601, 17301512, 2, 1, 189, 390, 700, 750, 259, 189, 134, 267, 163, 0
284, -1, 587, 1, 693, 17301512, 4, 1, 267, 390, 700, 750, 259, 189, 134, 267, 163, 0
284, -1, 587, 1, 735, 17301512, 5, 1, 163, 390, 700, 750, 259, 189, 134, 267, 163, 0
284, 80, 601, 97, 598, 17305949, 5, 1, 259, 189, 700, 750, 34, 20, 134, 276, 259, 0
284, 80, 601, 137, 598, 17305949, 3, 1, 134, 189, 700, 750, 34, 20, 134, 276, 259, 0
284, 80, 601, 160, 598, 17305949, 1, 1, 34, 189, 700, 750, 34, 20, 134, 276, 259, 0
284, 80, 601, 224, 601, 17305949, 2, 1, 20, 189, 700, 750, 34, 20, 134, 276, 259, 0
284, 160, 598, 198, 611, 17306386, 4, 1, 10, 34, 700, 750, 182, 20, 107, 10, 10000000, 0
284, 160, 598, 224, 601, 17306386, 2, 1, 20, 34, 700, 750, 182, 20, 107, 10, 10000000, 0
284, 160, 598, 268, 601, 17306386, 1, 1, 182, 34, 700, 750, 182, 20, 107, 10, 10000000, 0
284, 268, 601, 366, 598, 17306824, 3, 1, 107, 182, 700, 750, 173, 16, 107, 154, 162, 0
284, 268, 601, 417, 601, 17306824, 2, 1, 16, 182, 700, 750, 173, 16, 107, 154, 162, 0
284, 417, 601, 474, 601, 17311261, 4, 1, 173, 16, 700, 750, 96, 90, 162, 173, 332, 0
284, 417, 601, 551, 598, 17311261, 3, 1, 162, 16, 700, 750, 96, 90, 162, 173, 332, 0
284, 417, 601, 577, 598, 17311261, 10000000, 1, 96, 16, 700, 750, 10000000, 10000000, 10000000, 10000000, 10000000, 0
284, 551, 598, 598, 611, 17319698, 10000000, 1, 19, 162, 700, 750, 10000000, 10000000, 10000000, 10000000, 10000000, 0
284, 551, 598, 619, 601, 17319699, 10000000, 1, 90, 162, 700, 750, 10000000, 10000000, 10000000, 10000000, 10000000, 0
284, 551, 598, 677, 601, 17319699, 10000000, 1, 143, 162, 700, 750, 10000000, 10000000, 10000000, 10000000, 10000000, 0
284, 551, 598, 694, 598, 17319699, 10000000, 1, 273, 162, 700, 750, 10000000, 10000000, 10000000, 10000000, 10000000, 0
284, 551, 598, 703, 601, 17319699, 10000000, 1, 251, 162, 700, 750, 10000000, 10000000, 10000000, 10000000, 10000000, 0
284, 551, 598, 728, 598, 17319699, 10000000, 1, 128, 162, 700, 750, 10000000, 10000000, 10000000, 10000000, 10000000, 0
284, 551, 598, 744, 601, 17319699, 10000000, 1, 318, 162, 700, 750, 10000000, 10000000, 10000000, 10000000, 10000000, 0
284, 619, 601, 601, 581, 17320832, 10000000, 2, 21, 90, 700, 750, 10000000, 10000000, 10000000, 10000000, 10000000, 0
284, 619, 601, 772, 601, 17320832, 10000000, 2, 377, 90, 700, 750, 10000000, 10000000, 10000000, 10000000, 10000000, 0
284, 744, 601, 774, 598, 17327101, 10000000, 2, 84, 318, 700, 750, 10000000, 10000000, 10000000, 10000000, 10000000, 0
284, 744, 601, 801, 628, 17327101, 10000000, 2, 371, 318, 700, 750, 10000000, 10000000, 10000000, 10000000, 10000000, 0
284, 744, 601, 832, 601, 17327101, 10000000, 2, 70, 318, 700, 750, 10000000, 10000000, 10000000, 10000000, 10000000, 0
284, 744, 601, 857, 601, 17327101, 10000000, 2, 202, 318, 700, 750, 10000000, 10000000, 10000000, 10000000, 10000000, 0
284, 744, 601, 932, 598, 17327102, 10000000, 2, 148, 318, 700, 750, 10000000, 10000000, 10000000, 10000000, 10000000, 0
284, 694, 598, 906, 601, 17328125, 10000000, 2, 256, 273, 700, 750, 10000000, 10000000, 10000000, 10000000, 10000000, 0
284, 772, 601, 798, 635, 17333180, 10000000, 3, 37, 377, 700, 750, 10000000, 10000000, 10000000, 10000000, 10000000, 0
284, 772, 601, 801, 662, 17333180, 10000000, 3, 334, 377, 700, 750, 10000000, 10000000, 10000000, 10000000, 10000000, 0
284, 772, 601, 978, 598, 17333181, 10000000, 3, 9, 377, 700, 750, 10000000, 10000000, 10000000, 10000000, 10000000, 0
284, 832, 601, 900, 598, 17333638, 10000000, 3, 277, 70, 700, 750, 10000000, 10000000, 10000000, 10000000, 10000000, 0
284, 832, 601, 940, 601, 17333639, 10000000, 3, 341, 70, 700, 750, 10000000, 10000000, 10000000, 10000000, 10000000, 0
284, 832, 601, 976, 601, 17333639, 10000000, 3, 376, 70, 700, 750, 10000000, 10000000, 10000000, 10000000, 10000000, 0
284, 801, 662, 798, 675, 17334633, 10000000, 4, 171, 334, 700, 750, 10000000, 10000000, 10000000, 10000000, 10000000, 0
284, 801, 662, 801, 700, 17334633, 10000000, 4, 261, 334, 700, 750, 10000000, 10000000, 10000000, 10000000, 10000000, 0
284, 801, 662, 798, 701, 17334633, 10000000, 4, 297, 334, 700, 750, 10000000, 10000000, 10000000, 10000000, 10000000, 0
284, 801, 662, 801, 724, 17334634, 10000000, 4, 131, 334, 700, 750, 10000000, 10000000, 10000000, 10000000, 10000000, 0
284, 801, 662, 801, 776, 17334634, 10000000, 4, 94, 334, 700, 750, 10000000, 10000000, 10000000, 10000000, 10000000, 0
284, 801, 662, 798, 827, 17334634, 10000000, 4, 74, 334, 700, 750, 10000000, 10000000, 10000000, 10000000, 10000000, 0
284, 798, 675, 801, 555, 17335979, 10000000, 5, 111, 171, 700, 750, 10000000, 10000000, 10000000, 10000000, 10000000, 0
284, 801, 628, 798, 499, 17336250, 10000000, 3, 280, 371, 700, 750, 10000000, 10000000, 10000000, 10000000, 10000000, 0
284, 801, 628, 798, 475, 17336250, 10000000, 3, 146, 371, 700, 750, 10000000, 10000000, 10000000, 10000000, 10000000, 0
284, 798, 635, 798, 429, 17344705, 10000000, 4, 87, 37, 700, 750, 10000000, 10000000, 10000000, 10000000, 10000000, 0
284, 801, 724, 801, 897, 17345640, 10000000, 5, 248, 131, 700, 750, 10000000, 10000000, 10000000, 10000000, 10000000, 0
284, 798, 827, 780, 798, 17348602, 10000000, 5, 6, 74, 700, 750, 10000000, 10000000, 10000000, 10000000, 10000000, 0
284, 798, 827, 741, 798, 17348602, 10000000, 5, 194, 74, 700, 750, 10000000, 10000000, 10000000, 10000000, 10000000, 0
284, 798, 827, 801, 931, 17348602, 10000000, 5, 133, 74, 700, 750, 10000000, 10000000, 10000000, 10000000, 10000000, 0
284, 798, 827, 801, 979, 17348602, 10000000, 5, 69, 74, 700, 750, 10000000, 10000000, 10000000, 10000000, 10000000, 0
284, 741, 798, 692, 798, 17359421, 10000000, 6, 240, 194, 700, 750, 10000000, 10000000, 10000000, 10000000, 10000000, 0
284, 741, 798, 657, 798, 17359421, 10000000, 6, 337, 194, 700, 750, 10000000, 10000000, 10000000, 10000000, 10000000, 0
284, 741, 798, 840, 801, 17359421, 10000000, 6, 51, 194, 700, 750, 10000000, 10000000, 10000000, 10000000, 10000000, 0
284, 741, 798, 860, 798, 17359421, 10000000, 6, 301, 194, 700, 750, 10000000, 10000000, 10000000, 10000000, 10000000, 0
284, 741, 798, 864, 801, 17359421, 10000000, 6, 196, 194, 700, 750, 10000000, 10000000, 10000000, 10000000, 10000000, 0
284, 741, 798, 587, 801, 17359422, 10000000, 6, 387, 194, 700, 750, 10000000, 10000000, 10000000, 10000000, 10000000, 0
284, 741, 798, 578, 798, 17359422, 10000000, 6, 82, 194, 700, 750, 10000000, 10000000, 10000000, 10000000, 10000000, 0
284, 741, 798, 904, 801, 17359422, 10000000, 6, 252, 194, 700, 750, 10000000, 10000000, 10000000, 10000000, 10000000, 0
284, 741, 798, 905, 798, 17359422, 10000000, 6, 223, 194, 700, 750, 10000000, 10000000, 10000000, 10000000, 10000000, 0
284, 741, 798, 549, 798, 17359422, 10000000, 6, 181, 194, 700, 750, 10000000, 10000000, 10000000, 10000000, 10000000, 0
284, 598, 611, 598, 672, 17360421, 10000000, 2, 204, 19, 700, 750, 10000000, 10000000, 10000000, 10000000, 10000000, 0
284, 598, 611, 598, 538, 17360421, 10000000, 2, 332, 19, 700, 750, 10000000, 10000000, 10000000, 10000000, 10000000, 0
284, 598, 611, 601, 537, 17360421, 10000000, 2, 179, 19, 700, 750, 10000000, 10000000, 10000000, 10000000, 10000000, 0
284, 598, 611, 598, 694, 17360421, 10000000, 2, 236, 19, 700, 750, 10000000, 10000000, 10000000, 10000000, 10000000, 0
284, 598, 611, 598, 512, 17360421, 10000000, 2, 243, 19, 700, 750, 10000000, 10000000, 10000000, 10000000, 10000000, 0
284, 598, 611, 601, 504, 17360421, 10000000, 2, 286, 19, 700, 750, 10000000, 10000000, 10000000, 10000000, 10000000, 0
284, 598, 611, 598, 741, 17360421, 10000000, 2, 309, 19, 700, 750, 10000000, 10000000, 10000000, 10000000, 10000000, 0
284, 598, 611, 601, 748, 17360421, 10000000, 2, 186, 19, 700, 750, 10000000, 10000000, 10000000, 10000000, 10000000, 0
284, 598, 611, 598, 462, 17360421, 10000000, 2, 130, 19, 700, 750, 10000000, 10000000, 10000000, 10000000, 10000000, 0
284, 598, 611, 601, 458, 17360421, 10000000, 2, 347, 19, 700, 750, 10000000, 10000000, 10000000, 10000000, 10000000, 0
284, 598, 611, 601, 781, 17360421, 10000000, 2, 4, 19, 700, 750, 10000000, 10000000, 10000000, 10000000, 10000000, 0
284, 598, 611, 598, 787, 17360421, 10000000, 2, 393, 19, 700, 750, 10000000, 10000000, 10000000, 10000000, 10000000, 0
284, 657, 798, 587, 801, 17364234, 10000000, 7, 384, 337, 700, 750, 10000000, 10000000, 10000000, 10000000, 10000000, 0
284, 657, 798, 573, 801, 17364234, 10000000, 7, 358, 337, 700, 750, 10000000, 10000000, 10000000, 10000000, 10000000, 0
284, 657, 798, 544, 801, 17364234, 10000000, 7, 317, 337, 700, 750, 10000000, 10000000, 10000000, 10000000, 10000000, 0
284, 657, 798, 497, 801, 17364234, 10000000, 7, 257, 337, 700, 750, 10000000, 10000000, 10000000, 10000000, 10000000, 0
284, 780, 798, 943, 798, 17365158, 10000000, 6, 211, 6, 700, 750, 10000000, 10000000, 10000000, 10000000, 10000000, 0
284, 601, 581, 598, 427, 17367733, 10000000, 3, 85, 21, 700, 750, 10000000, 10000000, 10000000, 10000000, 10000000, 0
284, 601, 581, 598, 770, 17367733, 10000000, 3, 360, 21, 700, 750, 10000000, 10000000, 10000000, 10000000, 10000000, 0
284, 573, 801, 598, 831, 17370248, 10000000, 8, 109, 358, 700, 750, 10000000, 10000000, 10000000, 10000000, 10000000, 0
284, 573, 801, 439, 801, 17370248, 10000000, 8, 33, 358, 700, 750, 10000000, 10000000, 10000000, 10000000, 10000000, 0
284, 587, 801, 598, 875, 17372768, 10000000, 7, 219, 387, 700, 750, 10000000, 10000000, 10000000, 10000000, 10000000, 0
284, 587, 801, 461, 801, 17372768, 10000000, 7, 141, 387, 700, 750, 10000000, 10000000, 10000000, 10000000, 10000000, 0
284, 840, 801, 943, 801, 17372845, 10000000, 7, 329, 51, 700, 750, 10000000, 10000000, 10000000, 10000000, 10000000, 0
284, 840, 801, 988, 798, 17372845, 10000000, 7, 57, 51, 700, 750, 10000000, 10000000, 10000000, 10000000, 10000000, 0
284, 598, 831, 601, 958, 17381492, 10000000, 9, 112, 109, 700, 750, 10000000, 10000000, 10000000, 10000000, 10000000, 0
284, 598, 831, 590, 998, 17381492, 10000000, 9, 42, 109, 700, 750, 10000000, 10000000, 10000000, 10000000, 10000000, 0
284, 598, 787, 374, 798, 17384871, 10000000, 3, 3, 393, 700, 750, 10000000, 10000000, 10000000, 10000000, 10000000, 0
27, 389, 198, 398, 281, 18300200, 3, 1, 224, 27, 700, 750, 351, 302, 224, 312, 244, 0
27, 389, 198, 505, 198, 18300200, 5, 1, 244, 27, 700, 750, 351, 302, 224, 312, 244, 0
27, 389, 198, 398, 316, 18300200, 2, 1, 302, 27, 700, 750, 351, 302, 224, 312, 244, 0
27, 389, 198, 529, 201, 18300200, 4, 1, 312, 27, 700, 750, 351, 302, 224, 312, 244, 0
27, 389, 198, 398, 353, 18300200, 1, 1, 351, 27, 700, 750, 351, 302, 224, 312, 244, 0
27, 398, 353, 398, 443, 18300637, 5, 1, 115, 351, 700, 750, 104, 217, 300, 349, 115, 0
27, 398, 353, 401, 452, 18300637, 4, 1, 349, 351, 700, 750, 104, 217, 300, 349, 115, 0
27, 398, 353, 401, 496, 18300637, 3, 1, 300, 351, 700, 750, 104, 217, 300, 349, 115, 0
27, 401, 496, 401, 528, 18309075, 3, 1, 217, 300, 700, 750, 108, 104, 217, 166, 24, 0
27, 401, 496, 401, 561, 18309075, 2, 1, 104, 300, 700, 750, 108, 104, 217, 166, 24, 0
27, 401, 496, 398, 621, 18309075, 1, 1, 108, 300, 700, 750, 108, 104, 217, 166, 24, 0
27, 398, 621, 410, 601, 18309512, 3, 1, 16, 108, 700, 750, 154, 79, 16, 10000000, 10000000, 0
27, 398, 621, 401, 736, 18309512, 1, 1, 154, 108, 700, 750, 154, 79, 16, 10000000, 10000000, 0
27, 398, 621, 401, 787, 18309512, 2, 1, 79, 108, 700, 750, 154, 79, 16, 10000000, 10000000, 0
27, 529, 201, 592, 198, 18312637, 1, 1, 88, 312, 700, 750, 88, 86, 47, 114, 213, 0
27, 529, 201, 598, 212, 18312637, 3, 1, 47, 312, 700, 750, 88, 86, 47, 114, 213, 0
27, 529, 201, 611, 201, 18312637, 2, 1, 86, 312, 700, 750, 88, 86, 47, 114, 213, 0
27, 529, 201, 666, 201, 18312637, 5, 1, 213, 312, 700, 750, 88, 86, 47, 114, 213, 0
27, 592, 198, 598, 212, 18313074, 4, 1, 47, 88, 700, 750, 114, 290, 206, 47, 287, 0
27, 592, 198, 598, 251, 18313074, 3, 1, 206, 88, 700, 750, 114, 290, 206, 47, 287, 0
27, 592, 198, 598, 288, 18313074, 2, 1, 290, 88, 700, 750, 114, 290, 206, 47, 287, 0
27, 592, 198, 711, 198, 18313075, 5, 1, 287, 88, 700, 750, 114, 290, 206, 47, 287, 0
27, 592, 198, 601, 345, 18313075, 1, 1, 114, 88, 700, 750, 114, 290, 206, 47, 287, 0
27, 601, 345, 598, 417, 18313512, 3, 1, 85, 114, 700, 750, 130, 286, 85, 347, 179, 0
27, 601, 345, 598, 450, 18313512, 1, 1, 130, 114, 700, 750, 130, 286, 85, 347, 179, 0
27, 601, 345, 601, 471, 18313512, 4, 1, 347, 114, 700, 750, 130, 286, 85, 347, 179, 0
27, 601, 345, 601, 518, 18313512, 2, 1, 286, 114, 700, 750, 130, 286, 85, 347, 179, 0
27, 598, 450, 601, 518, 18313949, 5, 1, 286, 130, 700, 750, 21, 179, 19, 332, 286, 0
27, 598, 450, 598, 526, 18313949, 4, 1, 332, 130, 700, 750, 21, 179, 19, 332, 286, 0
27, 598, 450, 601, 550, 18313949, 2, 1, 179, 130, 700, 750, 21, 179, 19, 332, 286, 0
27, 401, 787, 428, 801, 18313950, 1, 1, 33, 79, 700, 750, 33, 154, 10000000, 10000000, 10000000, 0
27, 401, 787, 401, 736, 18313950, 2, 1, 154, 79, 700, 750, 33, 154, 10000000, 10000000, 10000000, 0
27, 428, 801, 532, 801, 18314387, 5, 1, 317, 33, 700, 750, 387, 384, 358, 181, 317, 0
27, 428, 801, 563, 798, 18314387, 4, 1, 181, 33, 700, 750, 387, 384, 358, 181, 317, 0
27, 428, 801, 586, 798, 18314387, 10000000, 1, 82, 33, 700, 750, 10000000, 10000000, 10000000, 10000000, 10000000, 0
27, 428, 801, 587, 801, 18314387, 10000000, 1, 384, 33, 700, 750, 10000000, 10000000, 10000000, 10000000, 10000000, 0
27, 428, 801, 587, 801, 18314387, 10000000, 1, 387, 33, 700, 750, 10000000, 10000000, 10000000, 10000000, 10000000, 0
27, 410, 601, 462, 601, 18317949, 4, 1, 173, 16, 700, 750, 96, 162, 90, 173, 332, 0
27, 601, 518, 601, 550, 18317949, 5, 1, 179, 286, 700, 750, 236, 204, 186, 21, 179, 0
27, 601, 518, 601, 589, 18317949, 10000000, 1, 21, 286, 700, 750, 10000000, 10000000, 10000000, 10000000, 10000000, 0
27, 410, 601, 564, 598, 18317950, 2, 1, 162, 16, 700, 750, 96, 162, 90, 173, 332, 0
27, 601, 518, 611, 601, 18317950, 10000000, 1, 90, 286, 700, 750, 10000000, 10000000, 10000000, 10000000, 10000000, 0
27, 601, 518, 598, 605, 18317950, 10000000, 1, 19, 286, 700, 750, 10000000, 10000000, 10000000, 10000000, 10000000, 0
27, 410, 601, 586, 598, 18317950, 10000000, 1, 96, 16, 700, 750, 10000000, 10000000, 10000000, 10000000, 10000000, 0
27, 601, 518, 598, 682, 18317950, 10000000, 1, 236, 286, 700, 750, 10000000, 10000000, 10000000, 10000000, 10000000, 0
27, 601, 518, 598, 728, 18317950, 10000000, 1, 309, 286, 700, 750, 10000000, 10000000, 10000000, 10000000, 10000000, 0
27, 601, 550, 598, 501, 18318387, 10000000, 1, 243, 179, 700, 750, 204, 19, 21, 236, 186, 0
27, 601, 550, 598, 661, 18318387, 10000000, 1, 204, 179, 700, 750, 10000000, 10000000, 10000000, 10000000, 10000000, 0
27, 601, 550, 588, 398, 18318387, 10000000, 1, 24, 179, 700, 750, 204, 19, 21, 236, 186, 0
27, 586, 798, 598, 787, 18318922, 10000000, 2, 393, 82, 700, 750, 10000000, 10000000, 10000000, 10000000, 10000000, 0
27, 586, 798, 601, 788, 18318922, 10000000, 2, 4, 82, 700, 750, 10000000, 10000000, 10000000, 10000000, 10000000, 0
27, 586, 798, 566, 801, 18318922, 10000000, 2, 358, 82, 700, 750, 10000000, 10000000, 10000000, 10000000, 10000000, 0
27, 586, 798, 598, 819, 18318922, 10000000, 2, 109, 82, 700, 750, 10000000, 10000000, 10000000, 10000000, 10000000, 0
27, 586, 798, 598, 762, 18318922, 10000000, 2, 360, 82, 700, 750, 10000000, 10000000, 10000000, 10000000, 10000000, 0
27, 586, 798, 601, 761, 18318922, 10000000, 2, 186, 82, 700, 750, 10000000, 10000000, 10000000, 10000000, 10000000, 0
27, 586, 798, 598, 862, 18318922, 10000000, 2, 219, 82, 700, 750, 10000000, 10000000, 10000000, 10000000, 10000000, 0
27, 586, 798, 668, 798, 18318922, 10000000, 2, 337, 82, 700, 750, 10000000, 10000000, 10000000, 10000000, 10000000, 0
27, 586, 798, 482, 801, 18318922, 10000000, 2, 257, 82, 700, 750, 10000000, 10000000, 10000000, 10000000, 10000000, 0
27, 586, 798, 754, 798, 18318923, 10000000, 2, 194, 82, 700, 750, 10000000, 10000000, 10000000, 10000000, 10000000, 0
27, 586, 798, 601, 971, 18318923, 10000000, 2, 112, 82, 700, 750, 10000000, 10000000, 10000000, 10000000, 10000000, 0
27, 586, 798, 383, 798, 18318923, 10000000, 2, 3, 82, 700, 750, 10000000, 10000000, 10000000, 10000000, 10000000, 0
27, 566, 801, 450, 801, 18320080, 10000000, 3, 141, 358, 700, 750, 10000000, 10000000, 10000000, 10000000, 10000000, 0
27, 566, 801, 705, 798, 18320080, 10000000, 3, 240, 358, 700, 750, 10000000, 10000000, 10000000, 10000000, 10000000, 0
27, 564, 598, 666, 601, 18322387, 10000000, 1, 143, 162, 700, 750, 10000000, 10000000, 10000000, 10000000, 10000000, 0
27, 564, 598, 706, 598, 18322387, 10000000, 1, 273, 162, 700, 750, 10000000, 10000000, 10000000, 10000000, 10000000, 0
27, 564, 598, 731, 601, 18322387, 10000000, 1, 318, 162, 700, 750, 10000000, 10000000, 10000000, 10000000, 10000000, 0
27, 564, 598, 764, 601, 18322387, 10000000, 1, 377, 162, 700, 750, 10000000, 10000000, 10000000, 10000000, 10000000, 0
27, 668, 798, 787, 798, 18322964, 10000000, 3, 6, 337, 700, 750, 10000000, 10000000, 10000000, 10000000, 10000000, 0
27, 668, 798, 828, 801, 18322964, 10000000, 3, 51, 337, 700, 750, 10000000, 10000000, 10000000, 10000000, 10000000, 0
27, 668, 798, 852, 801, 18322964, 10000000, 3, 196, 337, 700, 750, 10000000, 10000000, 10000000, 10000000, 10000000, 0
27, 754, 798, 798, 813, 18324658, 10000000, 3, 74, 194, 700, 750, 10000000, 10000000, 10000000, 10000000, 10000000, 0
27, 754, 798, 872, 798, 18324658, 10000000, 3, 301, 194, 700, 750, 10000000, 10000000, 10000000, 10000000, 10000000, 0
27, 754, 798, 890, 801, 18324658, 10000000, 3, 252, 194, 700, 750, 10000000, 10000000, 10000000, 10000000, 10000000, 0
27, 754, 798, 919, 798, 18324658, 10000000, 3, 223, 194, 700, 750, 10000000, 10000000, 10000000, 10000000, 10000000, 0
27, 754, 798, 955, 798, 18324658, 10000000, 3, 211, 194, 700, 750, 10000000, 10000000, 10000000, 10000000, 10000000, 0
27, 711, 198, 724, 201, 18329512, 2, 1, 345, 287, 700, 750, 272, 345, 213, 319, 10000000, 0
27, 711, 198, 688, 201, 18329512, 1, 1, 272, 287, 700, 750, 272, 345, 213, 319, 10000000, 0
27, 711, 198, 665, 201, 18329512, 3, 1, 213, 287, 700, 750, 272, 345, 213, 319, 10000000, 0
27, 798, 813, 801, 786, 18330170, 10000000, 4, 94, 74, 700, 750, 10000000, 10000000, 10000000, 10000000, 10000000, 0
27, 798, 813, 801, 736, 18330170, 10000000, 4, 131, 74, 700, 750, 10000000, 10000000, 10000000, 10000000, 10000000, 0
27, 798, 813, 801, 909, 18330170, 10000000, 4, 248, 74, 700, 750, 10000000, 10000000, 10000000, 10000000, 10000000, 0
27, 798, 813, 801, 711, 18330170, 10000000, 4, 261, 74, 700, 750, 10000000, 10000000, 10000000, 10000000, 10000000, 0
27, 798, 813, 798, 689, 18330170, 10000000, 4, 297, 74, 700, 750, 10000000, 10000000, 10000000, 10000000, 10000000, 0
27, 798, 813, 801, 943, 18330170, 10000000, 4, 133, 74, 700, 750, 10000000, 10000000, 10000000, 10000000, 10000000, 0
27, 798, 813, 801, 677, 18330170, 10000000, 4, 334, 74, 700, 750, 10000000, 10000000, 10000000, 10000000, 10000000, 0
27, 798, 813, 798, 664, 18330170, 10000000, 4, 171, 74, 700, 750, 10000000, 10000000, 10000000, 10000000, 10000000, 0
27, 801, 711, 801, 637, 18335165, 10000000, 5, 371, 261, 700, 750, 10000000, 10000000, 10000000, 10000000, 10000000, 0
27, 801, 711, 798, 622, 18335165, 10000000, 5, 37, 261, 700, 750, 10000000, 10000000, 10000000, 10000000, 10000000, 0
27, 801, 711, 784, 598, 18335166, 10000000, 5, 84, 261, 700, 750, 10000000, 10000000, 10000000, 10000000, 10000000, 0
27, 801, 711, 801, 568, 18335166, 10000000, 5, 111, 261, 700, 750, 10000000, 10000000, 10000000, 10000000, 10000000, 0
27, 587, 801, 365, 801, 18337205, 10000000, 2, 352, 387, 700, 750, 10000000, 10000000, 10000000, 10000000, 10000000, 0
27, 601, 761, 610, 1001, 18338953, 10000000, 3, 36, 186, 700, 750, 10000000, 10000000, 10000000, 10000000, 10000000, 0
27, 611, 601, 690, 601, 18346382, 10000000, 2, 251, 90, 700, 750, 10000000, 10000000, 10000000, 10000000, 10000000, 0
27, 611, 601, 741, 598, 18346382, 10000000, 2, 128, 90, 700, 750, 10000000, 10000000, 10000000, 10000000, 10000000, 0
27, 828, 801, 991, 798, 18346877, 10000000, 4, 57, 51, 700, 750, 10000000, 10000000, 10000000, 10000000, 10000000, 0
27, 787, 798, 931, 801, 18357441, 10000000, 4, 329, 6, 700, 750, 10000000, 10000000, 10000000, 10000000, 10000000, 0
27, 787, 798, 998, 815, 18357441, 10000000, 4, 101, 6, 700, 750, 10000000, 10000000, 10000000, 10000000, 10000000, 0
27, 787, 798, 1001, 791, 18357441, 10000000, 4, 54, 6, 700, 750, 10000000, 10000000, 10000000, 10000000, 10000000, 0
27, 731, 601, 821, 601, 18357902, 10000000, 2, 70, 318, 700, 750, 10000000, 10000000, 10000000, 10000000, 10000000, 0
27, 731, 601, 844, 601, 18357902, 10000000, 2, 202, 318, 700, 750, 10000000, 10000000, 10000000, 10000000, 10000000, 0
27, 731, 601, 894, 601, 18357903, 10000000, 2, 256, 318, 700, 750, 10000000, 10000000, 10000000, 10000000, 10000000, 0
27, 801, 568, 798, 487, 18358526, 10000000, 6, 280, 111, 700, 750, 10000000, 10000000, 10000000, 10000000, 10000000, 0
27, 801, 568, 798, 464, 18358526, 10000000, 6, 146, 111, 700, 750, 10000000, 10000000, 10000000, 10000000, 10000000, 0
27, 801, 568, 798, 417, 18358526, 10000000, 6, 87, 111, 700, 750, 10000000, 10000000, 10000000, 10000000, 10000000, 0
27, 801, 568, 801, 412, 18358526, 10000000, 6, 58, 111, 700, 750, 10000000, 10000000, 10000000, 10000000, 10000000, 0
27, 587, 801, 595, 996, 18359218, 10000000, 2, 42, 384, 700, 750, 10000000, 10000000, 10000000, 10000000, 10000000, 0
27, 764, 601, 915, 598, 18370781, 10000000, 2, 277, 377, 700, 750, 10000000, 10000000, 10000000, 10000000, 10000000, 0
27, 764, 601, 946, 598, 18370781, 10000000, 2, 148, 377, 700, 750, 10000000, 10000000, 10000000, 10000000, 10000000, 0
27, 844, 601, 925, 601, 18375922, 10000000, 3, 341, 202, 700, 750, 10000000, 10000000, 10000000, 10000000, 10000000, 0
27, 844, 601, 968, 601, 18375922, 10000000, 3, 376, 202, 700, 750, 10000000, 10000000, 10000000, 10000000, 10000000, 0
27, 844, 601, 986, 598, 18375922, 10000000, 3, 9, 202, 700, 750, 10000000, 10000000, 10000000, 10000000, 10000000, 0
27, 844, 601, 998, 596, 18375922, 10000000, 3, 39, 202, 700, 750, 10000000, 10000000, 10000000, 10000000, 10000000, 0
346, 1, 285, 1, 314, 19300200, 5, 1, 284, 346, 700, 750, 201, 32, 176, 50, 284, 0
346, 1, 285, 1, 376, 19300200, 3, 1, 176, 346, 700, 750, 201, 32, 176, 50, 284, 0
346, 1, 285, 6, 398, 19300200, 2, 1, 32, 346, 700, 750, 201, 32, 176, 50, 284, 0
346, 1, 285, -1, 422, 19300200, 4, 1, 50, 346, 700, 750, 201, 32, 176, 50, 284, 0
346, 1, 285, -1, 443, 19300200, 1, 1, 201, 346, 700, 750, 201, 32, 176, 50, 284, 0
346, -1, 443, 1, 569, 19300637, 5, 1, 191, 201, 700, 750, 103, 390, 43, 2, 191, 0
346, -1, 443, -1, 587, 19300638, 4, 1, 2, 201, 700, 750, 103, 390, 43, 2, 191, 0
346, -1, 443, -1, 587, 19300638, 2, 1, 390, 201, 700, 750, 103, 390, 43, 2, 191, 0
346, -1, 443, 1, 591, 19300638, 3, 1, 43, 201, 700, 750, 103, 390, 43, 2, 191, 0
346, -1, 443, 6, 600, 19300638, 1, 1, 103, 201, 700, 750, 103, 390, 43, 2, 191, 0
346, 6, 600, 58, 601, 19301075, 4, 1, 189, 103, 700, 750, 34, 134, 259, 189, 20, 0
346, 6, 600, 122, 598, 19301075, 3, 1, 259, 103, 700, 750, 34, 134, 259, 189, 20, 0
346, 6, 600, 162, 598, 19301075, 2, 1, 134, 103, 700, 750, 34, 134, 259, 189, 20, 0
346, 6, 600, 183, 598, 19301075, 1, 1, 34, 103, 700, 750, 34, 134, 259, 189, 20, 0
346, 183, 598, 201, 608, 19301512, 5, 1, 65, 34, 700, 750, 108, 182, 178, 20, 65, 0
346, 183, 598, 208, 601, 19301512, 4, 1, 20, 34, 700, 750, 108, 182, 178, 20, 65, 0
346, 183, 598, 198, 642, 19301512, 3, 1, 178, 34, 700, 750, 108, 182, 178, 20, 65, 0
346, 183, 598, 243, 601, 19301512, 2, 1, 182, 34, 700, 750, 108, 182, 178, 20, 65, 0
346, 183, 598, 398, 608, 19301513, 1, 1, 108, 34, 700, 750, 108, 182, 178, 20, 65, 0
346, 398, 608, 407, 601, 19301950, 3, 1, 16, 108, 700, 750, 173, 154, 16, 10000000, 10000000, 0
346, 398, 608, 451, 601, 19301950, 1, 1, 173, 108, 700, 750, 173, 154, 16, 10000000, 10000000, 0
346, 451, 601, 575, 598, 19302387, 10000000, 1, 162, 173, 700, 750, 10000000, 10000000, 10000000, 10000000, 10000000, 0
346, 451, 601, 592, 598, 19302388, 10000000, 1, 96, 173, 700, 750, 10000000, 10000000, 10000000, 10000000, 10000000, 0
346, 592, 598, 599, 602, 19309878, 10000000, 2, 19, 96, 700, 750, 10000000, 10000000, 10000000, 10000000, 10000000, 0
346, 592, 598, 601, 592, 19309878, 10000000, 2, 21, 96, 700, 750, 10000000, 10000000, 10000000, 10000000, 10000000, 0
346, 592, 598, 608, 601, 19309878, 10000000, 2, 90, 96, 700, 750, 10000000, 10000000, 10000000, 10000000, 10000000, 0
346, 592, 598, 601, 562, 19309878, 10000000, 2, 179, 96, 700, 750, 10000000, 10000000, 10000000, 10000000, 10000000, 0
346, 592, 598, 598, 649, 19309878, 10000000, 2, 204, 96, 700, 750, 10000000, 10000000, 10000000, 10000000, 10000000, 0
346, 592, 598, 655, 601, 19309878, 10000000, 2, 143, 96, 700, 750, 10000000, 10000000, 10000000, 10000000, 10000000, 0
346, 592, 598, 601, 533, 19309878, 10000000, 2, 286, 96, 700, 750, 10000000, 10000000, 10000000, 10000000, 10000000, 0
346, 592, 598, 598, 671, 19309878, 10000000, 2, 236, 96, 700, 750, 10000000, 10000000, 10000000, 10000000, 10000000, 0
346, 592, 598, 598, 513, 19309878, 10000000, 2, 332, 96, 700, 750, 10000000, 10000000, 10000000, 10000000, 10000000, 0
346, 592, 598, 598, 489, 19309878, 10000000, 2, 243, 96, 700, 750, 10000000, 10000000, 10000000, 10000000, 10000000, 0
346, 592, 598, 601, 484, 19309878, 10000000, 2, 347, 96, 700, 750, 10000000, 10000000, 10000000, 10000000, 10000000, 0
346, 592, 598, 718, 601, 19309878, 10000000, 2, 318, 96, 700, 750, 10000000, 10000000, 10000000, 10000000, 10000000, 0
346, 592, 598, 719, 598, 19309878, 10000000, 2, 273, 96, 700, 750, 10000000, 10000000, 10000000, 10000000, 10000000, 0
346, 592, 598, 598, 751, 19309878, 10000000, 2, 360, 96, 700, 750, 10000000, 10000000, 10000000, 10000000, 10000000, 0
346, 592, 598, 753, 598, 19309878, 10000000, 2, 128, 96, 700, 750, 10000000, 10000000, 10000000, 10000000, 10000000, 0
346, 592, 598, 798, 612, 19309878, 10000000, 2, 37, 96, 700, 750, 10000000, 10000000, 10000000, 10000000, 10000000, 0
346, 198, 642, 198, 682, 19309949, 2, 1, 295, 178, 700, 750, 276, 295, 20, 210, 10000000, 0
346, 198, 642, 208, 601, 19309949, 3, 1, 20, 178, 700, 750, 276, 295, 20, 210, 10000000, 0
346, 198, 642, 201, 711, 19309950, 1, 1, 276, 178, 700, 750, 276, 295, 20, 210, 10000000, 0
346, 198, 642, 201, 765, 19309950, 4, 1, 210, 178, 700, 750, 276, 295, 20, 210, 10000000, 0
346, 719, 598, 754, 601, 19310342, 10000000, 3, 377, 273, 700, 750, 10000000, 10000000, 10000000, 10000000, 10000000, 0
346, 719, 598, 678, 601, 19310342, 10000000, 3, 251, 273, 700, 750, 10000000, 10000000, 10000000, 10000000, 10000000, 0
346, 719, 598, 791, 598, 19310342, 10000000, 3, 84, 273, 700, 750, 10000000, 10000000, 10000000, 10000000, 10000000, 0
346, 719, 598, 813, 601, 19310342, 10000000, 3, 70, 273, 700, 750, 10000000, 10000000, 10000000, 10000000, 10000000, 0
346, 719, 598, 798, 677, 19310342, 10000000, 3, 297, 273, 700, 750, 10000000, 10000000, 10000000, 10000000, 10000000, 0
346, 719, 598, 832, 601, 19310342, 10000000, 3, 202, 273, 700, 750, 10000000, 10000000, 10000000, 10000000, 10000000, 0
346, 719, 598, 883, 601, 19310342, 10000000, 3, 256, 273, 700, 750, 10000000, 10000000, 10000000, 10000000, 10000000, 0
346, 208, 601, 243, 601, 19313949, 3, 1, 182, 20, 700, 750, 107, 16, 182, 276, 162, 0
346, 208, 601, 201, 711, 19313950, 4, 1, 276, 20, 700, 750, 107, 16, 182, 276, 162, 0
346, 1, 314, 1, 377, 19316637, 4, 1, 176, 284, 700, 750, 201, 32, 50, 176, 10000000, 0
346, 1, 314, 6, 398, 19316637, 2, 1, 32, 284, 700, 750, 201, 32, 50, 176, 10000000, 0
346, 1, 314, -1, 443, 19316637, 1, 1, 201, 284, 700, 750, 201, 32, 50, 176, 10000000, 0
346, 608, 601, 598, 713, 19316872, 10000000, 3, 309, 90, 700, 750, 10000000, 10000000, 10000000, 10000000, 10000000, 0
346, 608, 601, 598, 438, 19316872, 10000000, 3, 130, 90, 700, 750, 10000000, 10000000, 10000000, 10000000, 10000000, 0
346, -1, 443, -1, 587, 19317075, 4, 1, 2, 201, 700, 750, 103, 390, 43, 2, 191, 0
346, -1, 443, -1, 587, 19317075, 2, 1, 390, 201, 700, 750, 103, 390, 43, 2, 191, 0
346, -1, 443, 1, 591, 19317075, 3, 1, 43, 201, 700, 750, 103, 390, 43, 2, 191, 0
346, -1, 587, 57, 601, 19321512, 1, 1, 189, 390, 700, 750, 189, 259, 328, 267, 242, 0
346, -1, 587, -1, 671, 19321512, 5, 1, 242, 390, 700, 750, 189, 259, 328, 267, 242, 0
346, -1, 587, 1, 689, 19321512, 3, 1, 328, 390, 700, 750, 189, 259, 328, 267, 242, 0
346, -1, 587, 1, 719, 19321512, 4, 1, 267, 390, 700, 750, 189, 259, 328, 267, 242, 0
346, 598, 671, 601, 773, 19321544, 10000000, 3, 186, 236, 700, 750, 10000000, 10000000, 10000000, 10000000, 10000000, 0
346, 598, 671, 598, 787, 19321544, 10000000, 3, 393, 236, 700, 750, 10000000, 10000000, 10000000, 10000000, 10000000, 0
346, 598, 671, 601, 792, 19321544, 10000000, 3, 4, 236, 700, 750, 10000000, 10000000, 10000000, 10000000, 10000000, 0
346, 598, 671, 591, 798, 19321544, 10000000, 3, 82, 236, 700, 750, 10000000, 10000000, 10000000, 10000000, 10000000, 0
346, 598, 671, 598, 806, 19321544, 10000000, 3, 109, 236, 700, 750, 10000000, 10000000, 10000000, 10000000, 10000000, 0
346, 598, 671, 598, 849, 19321544, 10000000, 3, 219, 236, 700, 750, 10000000, 10000000, 10000000, 10000000, 10000000, 0
346, 753, 598, 801, 648, 19321784, 10000000, 3, 371, 128, 700, 750, 10000000, 10000000, 10000000, 10000000, 10000000, 0
346, 753, 598, 911, 601, 19321785, 10000000, 3, 341, 128, 700, 750, 10000000, 10000000, 10000000, 10000000, 10000000, 0
346, 753, 598, 927, 598, 19321785, 10000000, 3, 277, 128, 700, 750, 10000000, 10000000, 10000000, 10000000, 10000000, 0
346, 753, 598, 959, 601, 19321785, 10000000, 3, 376, 128, 700, 750, 10000000, 10000000, 10000000, 10000000, 10000000, 0
346, 57, 601, 163, 598, 19321949, 5, 1, 134, 189, 700, 750, 65, 10, 20, 34, 134, 0
346, 57, 601, 183, 598, 19321949, 4, 1, 34, 189, 700, 750, 65, 10, 20, 34, 134, 0
346, 57, 601, 201, 608, 19321949, 1, 1, 65, 189, 700, 750, 65, 10, 20, 34, 134, 0
346, 591, 798, 587, 801, 19324848, 10000000, 4, 384, 82, 700, 750, 10000000, 10000000, 10000000, 10000000, 10000000, 0
346, 591, 798, 587, 801, 19324848, 10000000, 4, 387, 82, 700, 750, 10000000, 10000000, 10000000, 10000000, 10000000, 0
346, 591, 798, 574, 798, 19324848, 10000000, 4, 181, 82, 700, 750, 10000000, 10000000, 10000000, 10000000, 10000000, 0
346, 591, 798, 555, 801, 19324848, 10000000, 4, 358, 82, 700, 750, 10000000, 10000000, 10000000, 10000000, 10000000, 0
346, 591, 798, 519, 801, 19324848, 10000000, 4, 317, 82, 700, 750, 10000000, 10000000, 10000000, 10000000, 10000000, 0
346, 591, 798, 679, 798, 19324848, 10000000, 4, 337, 82, 700, 750, 10000000, 10000000, 10000000, 10000000, 10000000, 0
346, 591, 798, 468, 801, 19324849, 10000000, 4, 257, 82, 700, 750, 10000000, 10000000, 10000000, 10000000, 10000000, 0
346, 591, 798, 719, 798, 19324849, 10000000, 4, 240, 82, 700, 750, 10000000, 10000000, 10000000, 10000000, 10000000, 0
346, 591, 798, 438, 801, 19324849, 10000000, 4, 141, 82, 700, 750, 10000000, 10000000, 10000000, 10000000, 10000000, 0
346, 591, 798, 766, 798, 19324849, 10000000, 4, 194, 82, 700, 750, 10000000, 10000000, 10000000, 10000000, 10000000, 0
346, 591, 798, 601, 982, 19324849, 10000000, 4, 112, 82, 700, 750, 10000000, 10000000, 10000000, 10000000, 10000000, 0
346, 791, 598, 801, 579, 19331032, 10000000, 4, 111, 84, 700, 750, 10000000, 10000000, 10000000, 10000000, 10000000, 0
346, 791, 598, 798, 652, 19331032, 10000000, 4, 171, 84, 700, 750, 10000000, 10000000, 10000000, 10000000, 10000000, 0
346, 791, 598, 801, 692, 19331032, 10000000, 4, 334, 84, 700, 750, 10000000, 10000000, 10000000, 10000000, 10000000, 0
346, 791, 598, 798, 475, 19331033, 10000000, 4, 280, 84, 700, 750, 10000000, 10000000, 10000000, 10000000, 10000000, 0
346, 791, 598, 801, 723, 19331033, 10000000, 4, 261, 84, 700, 750, 10000000, 10000000, 10000000, 10000000, 10000000, 0
346, 791, 598, 798, 454, 19331033, 10000000, 4, 146, 84, 700, 750, 10000000, 10000000, 10000000, 10000000, 10000000, 0
346, 791, 598, 801, 748, 19331033, 10000000, 4, 131, 84, 700, 750, 10000000, 10000000, 10000000, 10000000, 10000000, 0
346, 791, 598, 801, 375, 19331033, 10000000, 4, 126, 84, 700, 750, 10000000, 10000000, 10000000, 10000000, 10000000, 0
346, 598, 849, 598, 990, 19331401, 10000000, 4, 42, 219, 700, 750, 10000000, 10000000, 10000000, 10000000, 10000000, 0
346, 598, 849, 607, 1000, 19331401, 10000000, 4, 36, 219, 700, 750, 10000000, 10000000, 10000000, 10000000, 10000000, 0
346, 555, 801, 417, 801, 19331698, 10000000, 5, 33, 358, 700, 750, 10000000, 10000000, 10000000, 10000000, 10000000, 0
346, 555, 801, 356, 798, 19331698, 10000000, 5, 136, 358, 700, 750, 10000000, 10000000, 10000000, 10000000, 10000000, 0
346, 574, 798, 401, 800, 19335962, 10000000, 5, 79, 181, 700, 750, 10000000, 10000000, 10000000, 10000000, 10000000, 0
346, 801, 723, 802, 793, 19336366, 10000000, 5, 94, 261, 700, 750, 10000000, 10000000, 10000000, 10000000, 10000000, 0
346, 801, 723, 791, 798, 19336366, 10000000, 5, 6, 261, 700, 750, 10000000, 10000000, 10000000, 10000000, 10000000, 0
346, 801, 723, 798, 799, 19336366, 10000000, 5, 74, 261, 700, 750, 10000000, 10000000, 10000000, 10000000, 10000000, 0
346, 587, 801, 355, 801, 19338840, 10000000, 5, 352, 387, 700, 750, 10000000, 10000000, 10000000, 10000000, 10000000, 0
346, 587, 801, 389, 798, 19339280, 10000000, 5, 3, 384, 700, 750, 10000000, 10000000, 10000000, 10000000, 10000000, 0
346, 801, 579, 801, 427, 19340775, 10000000, 5, 58, 111, 700, 750, 10000000, 10000000, 10000000, 10000000, 10000000, 0
346, 801, 579, 798, 409, 19340775, 10000000, 5, 87, 111, 700, 750, 10000000, 10000000, 10000000, 10000000, 10000000, 0
346, 601, 562, 592, 398, 19349750, 10000000, 3, 24, 179, 700, 750, 10000000, 10000000, 10000000, 10000000, 10000000, 0
346, 766, 798, 818, 801, 19351139, 10000000, 5, 51, 194, 700, 750, 10000000, 10000000, 10000000, 10000000, 10000000, 0
346, 766, 798, 840, 801, 19351139, 10000000, 5, 196, 194, 700, 750, 10000000, 10000000, 10000000, 10000000, 10000000, 0
346, 766, 798, 875, 801, 19351139, 10000000, 5, 252, 194, 700, 750, 10000000, 10000000, 10000000, 10000000, 10000000, 0
346, 766, 798, 886, 798, 19351139, 10000000, 5, 301, 194, 700, 750, 10000000, 10000000, 10000000, 10000000, 10000000, 0
346, 766, 798, 917, 801, 19351139, 10000000, 5, 329, 194, 700, 750, 10000000, 10000000, 10000000, 10000000, 10000000, 0
346, 766, 798, 932, 798, 19351139, 10000000, 5, 223, 194, 700, 750, 10000000, 10000000, 10000000, 10000000, 10000000, 0
346, 601, 592, 598, 409, 19351718, 10000000, 3, 85, 21, 700, 750, 10000000, 10000000, 10000000, 10000000, 10000000, 0
346, 840, 801, 967, 798, 19353816, 10000000, 6, 211, 196, 700, 750, 10000000, 10000000, 10000000, 10000000, 10000000, 0
346, 840, 801, 1000, 793, 19353817, 10000000, 6, 54, 196, 700, 750, 10000000, 10000000, 10000000, 10000000, 10000000, 0
346, 813, 601, 959, 598, 19355383, 10000000, 4, 148, 70, 700, 750, 10000000, 10000000, 10000000, 10000000, 10000000, 0
346, 813, 601, 990, 598, 19355383, 10000000, 4, 9, 70, 700, 750, 10000000, 10000000, 10000000, 10000000, 10000000, 0
346, 832, 601, 1001, 596, 19359442, 10000000, 4, 25, 202, 700, 750, 10000000, 10000000, 10000000, 10000000, 10000000, 0
346, 802, 793, 801, 922, 19363084, 10000000, 6, 248, 94, 700, 750, 10000000, 10000000, 10000000, 10000000, 10000000, 0
346, 802, 793, 801, 955, 19363084, 10000000, 6, 133, 94, 700, 750, 10000000, 10000000, 10000000, 10000000, 10000000, 0
346, 818, 801, 998, 801, 19384049, 10000000, 6, 101, 51, 700, 750, 10000000, 10000000, 10000000, 10000000, 10000000, 0
