source_id,source_x,source_y,time,hop,pri_1_id,pri_2_id,pri_3_id,pri_4_id,pri_5_id,pri_1_r,pri_2_r,pri_3_r,pri_4_r,pri_5_r,des_id,inter_1id ,inter_2id ,inter_3id ,inter_4id ,inter_5id ,send_log
56, 82, 198, 10299999, 1, 27, 129, 17, 238, 313, 1, 0.967473, 0.931499, 0.689434, 0.570125, 223, 0, 0, 0, 0, 1, 1
17, 112, 201, 10300200, 2, 159, 249, 368, 313, 27, 1, 1, 1, 1, 0.864579, 223, 0, 0, 1, 1, 0, 0
129, 159, 201, 10300200, 2, 344, 260, 27, 325, 71, 1, 0.307236, 0.972652, 0.159367, 0.882364, 223, 1, 1, 0, 1, 0, 1
238, 181, 201, 10300200, 2, 71, 23, 27, 13, 132, 1, 0.972263, 0.972652, 0.847886, 1, 223, 0, 0, 0, 0, 0, 0
313, 201, 212, 10300200, 2, 305, 23, 386, 27, 399, 0.687088, 0.972263, 0.646598, 0.864579, 0.234472, 223, 1, 0, 1, 0, 1, 0
344, 198, 187, 10304787, 3, 366, 363, 13, 27, 132, 1, 1, 0.945096, 0.97217, 1, 223, 1, 1, 0, 0, 0, 1
71, 323, 201, 10304787, 3, 88, 356, 314, 117, 310, 0.963624, 1, 1, 1, 1, 223, 0, 1, 1, 0, 1, 0
132, 201, 245, 10305374, 4, 299, 305, 399, 193, 23, 0.915233, 0.756957, 0.646154, 0.796074, 1, 223, 0, 1, 1, 0, 0, 1
27, 278, 198, 10305374, 4, 244, 356, 310, 314, 71, 0.609551, 0.570138, 0.549806, 0.467247, 0.969804, 223, 1, 1, 1, 1, 0, 1
71, 323, 201, 10317961, 5, 88, 356, 314, 117, 310, 0.962098, 1, 1, 1, 1, 223, 0, 1, 1, 0, 1, 0
310, 387, 201, 10317962, 5, 356, 314, 116, 41, 49, 1, 0.966518, 0.929786, 1, 1, 223, 1, 1, 0, 0, 0, 1
314, 412, 198, 10317962, 5, 312, 380, 41, 137, 88, 1, 0.863866, 1, 0.159429, 0.966307, 223, 1, 1, 0, 1, 0, 0
23, 201, 285, 10321961, 5, 363, 305, 386, 366, 399, 0.926399, 0.858452, 0.685266, 0.64498, 0.537501, 223, 1, 1, 1, 1, 1, 0
193, 198, 350, 10321961, 5, 65, 336, 363, 205, 386, 1, 1, 0.970439, 1, 1, 223, 0, 1, 1, 0, 1, 0
399, 198, 387, 10321962, 5, 65, 45, 188, 205, 274, 1, 0.861571, 0.97059, 1, 1, 223, 0, 0, 0, 0, 0, 1
314, 412, 198, 10326549, 6, 312, 380, 41, 137, 88, 1, 0.860674, 1, 0.159211, 0.965417, 223, 1, 1, 0, 1, 0, 0
356, 412, 198, 10326549, 6, 41, 312, 380, 122, 88, 1, 0.429509, 0.362432, 0.120629, 0.965417, 223, 0, 1, 1, 1, 0, 1
41, 401, 288, 10326549, 6, 104, 395, 116, 302, 388, 0.928567, 1, 0.953408, 0.753843, 0.695681, 223, 0, 1, 0, 1, 1, 0
49, 513, 201, 10326549, 6, 380, 312, 285, 137, 114, 1, 1, 0.752468, 1, 0.754124, 223, 1, 1, 1, 0, 0, 0
88, 495, 198, 10327136, 7, 312, 380, 287, 137, 122, 0.84115, 0.750749, 0.438626, 0.795979, 0.942954, 223, 1, 1, 1, 0, 0, 0
41, 401, 288, 10327136, 7, 104, 395, 116, 302, 388, 0.928441, 1, 0.953319, 0.753796, 0.695586, 223, 0, 1, 0, 1, 1, 1
122, 553, 201, 10327136, 7, 114, 380, 312, 86, 316, 0.969526, 1, 1, 1, 0.158849, 223, 0, 1, 1, 0, 1, 0
380, 587, 201, 10327136, 7, 47, 114, 206, 272, 102, 1, 0.969526, 0.684148, 0.944817, 1, 223, 0, 0, 0, 0, 0, 1
116, 398, 347, 10327723, 8, 104, 335, 217, 300, 395, 1, 1, 1, 1, 1, 223, 0, 1, 0, 1, 1, 0
302, 398, 387, 10327723, 8, 104, 166, 24, 217, 300, 1, 1, 0.859802, 1, 1, 223, 0, 0, 0, 0, 1, 0
388, 401, 412, 10327723, 8, 300, 24, 104, 79, 115, 1, 1, 1, 0.120641, 0.754005, 223, 1, 0, 0, 1, 0, 0
104, 401, 467, 10327724, 8, 115, 154, 10000000, 10000000, 10000000, 0.861719, 0.482225, 0, 0, 0, 223, 0, 0, 1, 1, 1, 1
115, 398, 533, 10328311, 9, 79, 154, 162, 96, 182, 0.966137, 1, 0.752762, 0.430971, 0.751141, 223, 0, 0, 0, 0, 0, 1
154, 401, 638, 10328898, 10, 31, 108, 96, 79, 162, 0.120457, 1, 0.754152, 1, 0.860245, 223, 1, 0, 0, 0, 0, 1
274, 219, 398, 10330549, 6, 45, 188, 65, 18, 395, 0.968372, 1, 0.857609, 0.643124, 0.477188, 223, 0, 0, 0, 0, 1, 0
188, 248, 398, 10330549, 6, 372, 278, 168, 45, 335, 1, 0.793808, 0.754057, 0.968372, 0.645533, 223, 1, 0, 0, 0, 1, 1
205, 201, 446, 10330549, 6, 222, 210, 65, 113, 188, 0.859342, 0.76762, 1, 0.601326, 0.754205, 223, 0, 0, 0, 0, 0, 0
65, 201, 486, 10330549, 6, 210, 276, 222, 113, 45, 0.754377, 0.692954, 0.632643, 0.721591, 0.430387, 223, 0, 0, 0, 0, 0, 1
113, 198, 532, 10331136, 7, 295, 67, 210, 276, 222, 0.189121, 0.969699, 1, 0.966129, 1, 223, 1, 0, 0, 0, 0, 0
222, 198, 564, 10331136, 7, 184, 246, 271, 136, 67, 0.120501, 0.136944, 0.188105, 0.187618, 1, 223, 1, 1, 1, 1, 0, 0
276, 201, 618, 10331136, 7, 324, 107, 67, 210, 295, 0.303922, 0.85744, 0.969699, 0.965636, 0.549325, 223, 1, 0, 0, 0, 0, 0
210, 201, 645, 10331136, 7, 55, 107, 67, 295, 10, 0.21471, 0.75026, 0.969699, 0.7234, 0.792659, 223, 1, 0, 0, 0, 0, 1
67, 201, 691, 10331724, 8, 246, 324, 295, 107, 178, 0.902866, 0.843161, 0.945502, 0.428693, 0.646224, 223, 0, 1, 0, 1, 0, 0
10, 198, 712, 10331724, 8, 324, 271, 136, 246, 3, 0.968724, 0.858826, 0.643741, 1, 0.536554, 223, 1, 1, 1, 0, 0, 0
295, 198, 780, 10331724, 8, 136, 3, 271, 324, 246, 0.965611, 0.751176, 1, 1, 1, 223, 0, 0, 0, 1, 0, 0
79, 401, 680, 10333485, 11, 177, 108, 96, 292, 162, 0.865195, 1, 0.430731, 0.546562, 0.644866, 223, 0, 0, 0, 0, 1, 0
108, 398, 728, 10333485, 11, 292, 82, 177, 181, 31, 1, 0.537208, 1, 0.644352, 1, 223, 0, 0, 0, 1, 0, 1
114, 601, 262, 10335723, 8, 47, 206, 286, 290, 347, 1, 0.756526, 0.411446, 0.428884, 0.316286, 223, 0, 0, 0, 0, 1, 0
102, 677, 198, 10335723, 8, 316, 385, 345, 389, 359, 0.902354, 0.900782, 0.963797, 0.722259, 0.682674, 223, 1, 1, 1, 1, 1, 0
47, 598, 315, 10335724, 8, 21, 179, 286, 347, 290, 0.967186, 0.967322, 1, 1, 1, 223, 0, 0, 0, 1, 0, 1
206, 598, 358, 10335724, 8, 21, 179, 286, 347, 85, 0.967186, 1, 1, 1, 0.759099, 223, 0, 0, 0, 1, 0, 0
290, 598, 378, 10336311, 9, 85, 179, 21, 286, 347, 1, 1, 0.859667, 1, 1, 223, 0, 0, 0, 0, 1, 0
347, 601, 412, 10336311, 9, 85, 21, 332, 179, 35, 1, 1, 0.682648, 1, 0.967291, 223, 0, 0, 1, 0, 0, 0
286, 601, 419, 10336311, 9, 21, 332, 179, 130, 35, 1, 0.632662, 1, 0.634597, 0.859814, 223, 0, 1, 0, 0, 0, 0
179, 601, 445, 10336311, 9, 21, 332, 85, 243, 130, 1, 0.567219, 0.536442, 0.360307, 0.32209, 223, 0, 1, 0, 0, 0, 0
21, 601, 488, 10336311, 9, 332, 130, 243, 186, 85, 1, 0.841119, 0.645735, 0.546942, 0.547405, 223, 1, 0, 0, 0, 0, 1
85, 598, 515, 10336898, 10, 4, 186, 332, 243, 273, 1, 1, 1, 1, 0.857787, 223, 0, 0, 1, 0, 1, 0
130, 598, 552, 10336898, 10, 4, 186, 19, 273, 332, 0.963943, 1, 0.901175, 0.96501, 1, 223, 0, 0, 0, 1, 1, 0
243, 598, 580, 10336898, 10, 337, 4, 186, 128, 332, 1, 1, 1, 0.968665, 1, 223, 1, 0, 0, 0, 1, 0
332, 598, 587, 10336898, 10, 4, 186, 128, 309, 19, 1, 1, 1, 0.759604, 0.791486, 223, 0, 0, 0, 1, 0, 1
128, 643, 598, 10337486, 11, 371, 377, 318, 277, 84, 1, 0.752273, 0.60065, 0.137043, 1, 223, 1, 1, 1, 1, 0, 0
186, 601, 647, 10337486, 11, 309, 360, 393, 19, 4, 0.793138, 0.322446, 0.214229, 1, 1, 223, 1, 1, 1, 0, 0, 0
4, 601, 690, 10337486, 11, 309, 393, 360, 236, 204, 0.951765, 0.721387, 0.644891, 0.858915, 0.859807, 223, 1, 1, 1, 0, 0, 1
19, 598, 710, 10337486, 11, 358, 387, 384, 317, 257, 0.860873, 0.859548, 0.859352, 0.856983, 0.856826, 223, 1, 1, 1, 1, 1, 0
309, 598, 787, 10337486, 11, 6, 194, 240, 337, 248, 1, 1, 1, 0.966796, 0.232071, 223, 0, 0, 0, 1, 1, 0
292, 401, 821, 10338073, 12, 82, 181, 10000000, 10000000, 10000000, 0.859109, 1, 0, 0, 0, 223, 0, 0, 1, 1, 1, 1
177, 401, 843, 10338073, 12, 181, 82, 292, 10000000, 10000000, 0.858712, 0.644332, 1, 0, 0, 223, 0, 0, 0, 1, 1, 0
31, 401, 882, 10338073, 12, 82, 292, 177, 181, 10000000, 0.536943, 1, 1, 0.644034, 0, 223, 0, 0, 0, 1, 1, 0
204, 598, 751, 10338073, 12, 393, 360, 309, 337, 240, 1, 1, 1, 1, 0.967249, 223, 1, 1, 1, 1, 1, 0
236, 598, 778, 10338073, 12, 6, 194, 240, 337, 248, 0.861169, 0.966833, 1, 0.966735, 0.232039, 223, 0, 0, 0, 1, 1, 0
309, 598, 787, 10338073, 12, 6, 194, 240, 337, 248, 1, 1, 1, 0.966735, 0.232039, 223, 0, 0, 0, 1, 1, 1
360, 598, 787, 10338073, 12, 6, 194, 240, 337, 248, 1, 1, 1, 0.966735, 0.377495, 223, 0, 0, 0, 1, 1, 0
393, 598, 787, 10338073, 12, 6, 194, 240, 337, 133, 1, 1, 1, 0.966735, 0.158218, 223, 0, 0, 0, 1, 1, 0
337, 612, 798, 10338660, 13, 301, 6, 194, 240, 223, 1, 1, 1, 1, 0.158687, 223, 1, 0, 0, 0, 1, 0
240, 618, 798, 10338660, 13, 6, 194, 211, 223, 10000000, 1, 1, 0.37473, 0.274343, 0, 223, 0, 0, 1, 1, 1, 0
194, 646, 798, 10338660, 13, 6, 223, 301, 248, 211, 1, 0.481776, 0.481227, 0.240129, 0.120142, 223, 0, 1, 1, 1, 1, 0
6, 686, 798, 10338660, 13, 301, 248, 223, 211, 133, 0.871076, 0.856981, 0.481776, 0.434481, 0.273682, 223, 1, 1, 0, 0, 1, 1
45, 283, 398, 10339136, 7, 300, 395, 278, 166, 372, 0.962167, 0.90775, 0.859436, 0.695756, 0.682898, 223, 1, 1, 0, 0, 1, 0
278, 379, 401, 10339136, 7, 351, 302, 372, 339, 335, 1, 0.967915, 1, 1, 1, 223, 1, 1, 1, 1, 1, 0
335, 387, 401, 10339136, 7, 347, 115, 372, 339, 24, 1, 1, 1, 1, 1, 223, 1, 0, 1, 1, 0, 0
211, 849, 798, 10339248, 14, 301, 223, 248, 297, 10000000, 1, 1, 0.964043, 0.963897, 0, 223, 1, 0, 1, 1, 1, 0
178, 198, 756, 10340311, 9, 324, 271, 136, 3, 246, 1, 0.965289, 0.750339, 0.53606, 1, 223, 1, 1, 0, 0, 0, 0
295, 198, 780, 10340311, 9, 136, 3, 271, 324, 246, 0.964722, 0.750484, 1, 1, 1, 223, 0, 0, 0, 1, 0, 0
324, 201, 812, 10340311, 9, 3, 136, 271, 10000000, 10000000, 0.964909, 1, 1, 0, 0, 223, 0, 0, 0, 1, 1, 0
335, 387, 401, 10343723, 8, 347, 115, 372, 339, 24, 1, 1, 1, 1, 1, 223, 1, 0, 1, 1, 0, 0
351, 398, 387, 10343723, 8, 24, 104, 166, 217, 115, 0.965617, 1, 1, 1, 0.692985, 223, 0, 0, 0, 0, 0, 0
302, 398, 387, 10343723, 8, 104, 166, 24, 217, 300, 1, 1, 0.858326, 1, 1, 223, 0, 0, 0, 0, 1, 0
339, 412, 398, 10343723, 8, 395, 388, 381, 349, 300, 1, 1, 1, 1, 1, 223, 1, 1, 1, 1, 1, 0
372, 412, 398, 10343723, 8, 144, 53, 24, 104, 166, 0.936209, 0.946944, 0.959214, 1, 1, 223, 0, 0, 0, 0, 0, 0
217, 401, 431, 10344310, 9, 115, 104, 24, 79, 154, 0.967705, 1, 0.750988, 0.430421, 0.42834, 223, 0, 0, 0, 0, 1, 0
166, 445, 398, 10344310, 9, 24, 53, 144, 286, 104, 1, 0.749536, 0.537586, 0.460678, 0.752373, 223, 0, 0, 0, 1, 0, 0
104, 401, 468, 10344311, 9, 115, 154, 10000000, 10000000, 10000000, 0.860182, 0.481262, 0, 0, 0, 223, 0, 0, 1, 1, 1, 0
271, 220, 798, 10344898, 10, 95, 215, 352, 3, 136, 0.951036, 0.818606, 0.75242, 0.857275, 1, 223, 0, 0, 1, 0, 0, 0
136, 247, 798, 10344898, 10, 215, 292, 3, 227, 352, 0.7921, 0.603002, 0.857275, 0.537385, 0.322466, 223, 0, 1, 0, 1, 1, 0
3, 276, 798, 10344898, 10, 292, 215, 352, 181, 227, 0.947682, 0.818606, 0.722916, 0.601658, 0.644862, 223, 1, 0, 1, 0, 1, 0
215, 354, 801, 10345485, 11, 289, 169, 82, 181, 292, 0.214089, 0.136849, 1, 1, 0.965388, 223, 1, 1, 0, 0, 0, 0
227, 380, 801, 10345486, 11, 360, 33, 257, 82, 181, 1, 1, 0.857801, 1, 0.965283, 223, 1, 0, 0, 0, 0, 0
84, 685, 598, 10346073, 12, 318, 251, 9, 261, 148, 1, 0.961066, 1, 0.753496, 0.752705, 223, 1, 0, 0, 1, 0, 0
318, 787, 601, 10346073, 12, 94, 131, 261, 297, 371, 1, 1, 1, 0.535107, 1, 223, 0, 0, 0, 1, 1, 0
377, 787, 601, 10346073, 12, 94, 131, 37, 297, 171, 1, 1, 0.682196, 0.601702, 0.599198, 223, 0, 0, 0, 0, 0, 0
115, 398, 532, 10348898, 10, 79, 154, 162, 96, 182, 0.964007, 1, 0.751099, 0.430017, 0.749485, 223, 0, 0, 0, 0, 0, 0
154, 401, 638, 10349485, 11, 31, 108, 96, 79, 162, 0.120159, 1, 0.752483, 1, 0.858345, 223, 1, 0, 0, 0, 0, 0
292, 401, 821, 10350073, 12, 82, 181, 10000000, 10000000, 10000000, 0.858003, 1, 0, 0, 0, 223, 0, 0, 1, 1, 1, 0
181, 444, 798, 10350073, 12, 384, 358, 317, 82, 257, 0.842778, 0.818791, 0.748851, 1, 0.641754, 223, 1, 1, 1, 0, 0, 0
82, 484, 798, 10350073, 12, 337, 194, 257, 387, 141, 1, 0.922657, 1, 0.949411, 0.940265, 223, 1, 0, 0, 1, 0, 0
131, 801, 640, 10350660, 13, 94, 171, 297, 37, 133, 1, 0.695421, 0.534845, 0.429406, 0.187898, 223, 0, 0, 0, 0, 1, 0
94, 801, 683, 10350660, 13, 171, 37, 297, 133, 248, 0.939563, 0.961039, 0.641814, 0.563693, 0.42794, 223, 0, 0, 0, 0, 0, 0
171, 798, 755, 10350661, 13, 301, 223, 248, 297, 211, 1, 0.963561, 1, 0.96272, 0.752425, 223, 1, 1, 0, 0, 0, 0
297, 798, 777, 10350661, 13, 301, 223, 248, 10000000, 10000000, 1, 1, 1, 0, 0, 223, 1, 0, 0, 1, 1, 0
37, 798, 719, 10351248, 14, 301, 248, 297, 223, 171, 0.963214, 1, 1, 0.856444, 1, 223, 1, 0, 0, 1, 0, 0
171, 798, 755, 10351248, 14, 301, 223, 248, 297, 211, 1, 0.9635, 1, 0.96266, 0.752377, 223, 1, 1, 0, 0, 0, 0
297, 798, 777, 10351248, 14, 301, 223, 248, 10000000, 10000000, 1, 1, 1, 0, 0, 223, 1, 0, 0, 1, 1, 0
248, 801, 821, 10351248, 14, 301, 223, 297, 10000000, 10000000, 1, 1, 1, 0, 0, 223, 1, 0, 0, 1, 1, 0
133, 801, 847, 10351248, 14, 301, 223, 248, 297, 211, 1, 0.9635, 1, 1, 0.752377, 223, 1, 1, 0, 0, 0, 0
297, 798, 777, 10351835, 15, 301, 223, 248, 10000000, 10000000, 1, 1, 1, 0, 0, 223, 1, 0, 0, 1, 1, 0
248, 801, 821, 10351835, 15, 301, 223, 297, 10000000, 10000000, 1, 1, 1, 0, 0, 223, 1, 0, 0, 1, 1, 0
345, 787, 201, 10352311, 9, 58, 126, 187, 250, 319, 1, 1, 0.642397, 1, 1, 223, 0, 0, 0, 0, 1, 0
316, 812, 198, 10352311, 9, 58, 126, 250, 319, 345, 0.858004, 1, 1, 1, 1, 223, 0, 0, 0, 1, 1, 0
359, 812, 198, 10352311, 9, 126, 58, 250, 319, 345, 1, 0.750753, 1, 1, 1, 223, 0, 0, 0, 1, 1, 0
385, 812, 198, 10352311, 9, 58, 126, 250, 319, 345, 0.965254, 1, 1, 1, 1, 223, 0, 0, 0, 1, 1, 0
389, 812, 198, 10352311, 9, 58, 126, 250, 319, 345, 0.858004, 1, 1, 1, 1, 223, 0, 0, 0, 1, 1, 0
24, 486, 398, 10352898, 10, 144, 286, 120, 53, 347, 1, 0.7211, 0.545994, 0.748847, 0.42992, 223, 0, 1, 0, 0, 1, 0
53, 515, 401, 10352898, 10, 35, 120, 286, 347, 179, 0.96557, 1, 1, 1, 0.858258, 223, 0, 0, 0, 1, 0, 0
144, 554, 401, 10352898, 10, 367, 179, 35, 21, 286, 1, 1, 1, 0.858137, 1, 223, 1, 0, 0, 0, 0, 0
319, 801, 212, 10352898, 10, 40, 58, 126, 250, 187, 1, 0.965193, 1, 1, 0.321178, 223, 0, 0, 0, 0, 0, 0
250, 801, 219, 10352898, 10, 58, 40, 126, 187, 10000000, 0.965193, 0.859005, 1, 0.642357, 0, 223, 0, 0, 0, 0, 1, 0
345, 787, 201, 10352898, 10, 58, 126, 187, 250, 319, 1, 1, 0.642357, 1, 1, 223, 0, 0, 0, 0, 1, 0
126, 801, 247, 10352898, 10, 40, 58, 187, 10000000, 10000000, 0.83861, 0.965193, 0.600791, 0, 0, 223, 0, 0, 0, 1, 1, 0
53, 515, 401, 10353485, 11, 35, 120, 286, 347, 179, 0.965509, 1, 1, 1, 0.858204, 223, 0, 0, 0, 1, 0, 0
144, 554, 401, 10353485, 11, 367, 179, 35, 21, 286, 1, 1, 1, 0.858083, 1, 223, 1, 0, 0, 0, 0, 0
286, 601, 419, 10354072, 12, 21, 332, 179, 130, 35, 1, 0.63089, 1, 0.632814, 0.858176, 223, 0, 1, 0, 0, 0, 0
179, 601, 446, 10354072, 12, 21, 332, 85, 243, 130, 1, 0.565321, 0.535422, 0.35954, 0.321477, 223, 0, 1, 0, 0, 0, 0
35, 684, 398, 10354072, 12, 398, 367, 306, 234, 124, 0.750131, 0.681676, 0.545162, 1, 0.941657, 223, 1, 1, 1, 0, 0, 0
79, 401, 681, 10354072, 12, 177, 108, 96, 292, 162, 0.857558, 1, 0.429778, 0.545029, 0.643442, 223, 0, 0, 0, 0, 1, 0
108, 398, 728, 10354072, 12, 292, 82, 177, 181, 31, 1, 0.536022, 1, 0.64293, 1, 223, 0, 0, 0, 1, 0, 0
58, 801, 289, 10357485, 11, 40, 187, 111, 10000000, 10000000, 0.858583, 0.60046, 0.315781, 0, 0, 223, 0, 0, 0, 1, 1, 0
40, 798, 322, 10357485, 11, 111, 367, 398, 306, 234, 1, 0.966979, 0.964101, 0.962199, 0.858549, 223, 0, 1, 1, 1, 1, 0
187, 798, 359, 10357485, 11, 87, 111, 398, 367, 306, 0.921667, 1, 1, 1, 1, 223, 0, 0, 1, 1, 1, 0
21, 601, 488, 10358659, 13, 332, 130, 243, 186, 85, 1, 0.838866, 0.644186, 0.545276, 0.545736, 223, 1, 0, 0, 0, 0, 0
85, 598, 515, 10358659, 13, 4, 186, 332, 243, 273, 1, 1, 1, 1, 0.85579, 223, 0, 0, 1, 0, 1, 0
130, 598, 552, 10358659, 13, 4, 186, 19, 273, 332, 0.961701, 1, 0.895323, 0.962764, 1, 223, 0, 0, 0, 1, 1, 0
243, 598, 580, 10358659, 13, 337, 4, 186, 128, 332, 1, 1, 1, 0.966401, 1, 223, 1, 0, 0, 0, 1, 0
292, 401, 821, 10358660, 13, 82, 181, 10000000, 10000000, 10000000, 0.857214, 1, 0, 0, 0, 223, 0, 0, 1, 1, 1, 0
177, 401, 843, 10358660, 13, 181, 82, 292, 10000000, 10000000, 0.856819, 0.64291, 1, 0, 0, 223, 0, 0, 0, 1, 1, 0
31, 401, 882, 10358660, 13, 292, 82, 177, 181, 10000000, 1, 0.535759, 1, 0.642614, 0, 223, 0, 0, 0, 1, 1, 0
141, 550, 801, 10358660, 13, 6, 194, 240, 337, 393, 0.966672, 1, 1, 0.964602, 1, 223, 0, 0, 0, 1, 1, 0
337, 612, 798, 10358660, 13, 301, 6, 194, 240, 223, 1, 1, 1, 1, 0.158185, 223, 1, 0, 0, 0, 1, 0
194, 646, 798, 10358660, 13, 6, 223, 301, 248, 211, 1, 0.480618, 0.480071, 0.239553, 0.119854, 223, 0, 1, 1, 1, 1, 0
85, 598, 515, 10359246, 14, 4, 186, 332, 243, 273, 1, 1, 1, 1, 0.855736, 223, 0, 0, 1, 0, 1, 0
130, 598, 552, 10359246, 14, 4, 186, 19, 273, 332, 0.961641, 1, 0.895166, 0.962703, 1, 223, 0, 0, 0, 1, 1, 0
243, 598, 580, 10359246, 14, 337, 4, 186, 128, 332, 1, 1, 1, 0.966341, 1, 223, 1, 0, 0, 0, 1, 0
332, 598, 587, 10359246, 14, 4, 186, 128, 309, 19, 1, 1, 1, 0.746924, 0.788695, 223, 0, 0, 0, 1, 0, 0
186, 601, 647, 10359247, 14, 309, 360, 393, 19, 4, 0.790409, 0.321693, 0.213731, 1, 1, 223, 1, 1, 1, 0, 0, 0
240, 618, 798, 10359247, 14, 6, 194, 211, 223, 10000000, 1, 1, 0.37329, 0.273571, 0, 223, 0, 0, 1, 1, 1, 0
194, 646, 798, 10359247, 14, 6, 223, 301, 248, 211, 1, 0.480584, 0.480038, 0.239537, 0.119846, 223, 0, 1, 1, 1, 1, 0
6, 686, 798, 10359248, 14, 301, 248, 223, 211, 133, 0.863334, 0.855095, 0.480584, 0.430629, 0.272913, 223, 1, 1, 0, 0, 1, 0
128, 643, 598, 10359834, 15, 371, 377, 318, 277, 84, 1, 0.750471, 0.599042, 0.136624, 1, 223, 1, 1, 1, 1, 0, 0
186, 601, 647, 10359834, 15, 309, 360, 393, 19, 4, 0.790336, 0.321673, 0.213718, 1, 1, 223, 1, 1, 1, 0, 0, 0
4, 601, 690, 10359834, 15, 309, 393, 360, 236, 204, 0.948403, 0.719453, 0.643346, 0.856859, 0.857747, 223, 1, 1, 1, 0, 0, 0
19, 598, 710, 10359834, 15, 358, 387, 384, 317, 257, 0.858808, 0.857489, 0.857294, 0.854937, 0.85478, 223, 1, 1, 1, 1, 1, 0
204, 598, 751, 10360421, 16, 393, 360, 309, 337, 240, 1, 1, 1, 1, 0.964932, 223, 1, 1, 1, 1, 1, 0
309, 598, 787, 10360421, 16, 6, 194, 240, 337, 248, 1, 1, 1, 0.96442, 0.230842, 223, 0, 0, 0, 1, 1, 0
393, 598, 787, 10360421, 16, 6, 194, 240, 337, 133, 1, 1, 1, 0.96442, 0.157661, 223, 0, 0, 0, 1, 1, 0
301, 812, 798, 10360422, 16, 10000000, 10000000, 10000000, 10000000, 10000000, 0, 0, 0, 0, 0, 223, 1, 1, 1, 1, 1, 0
297, 798, 777, 10360422, 16, 301, 223, 248, 10000000, 10000000, 1, 1, 1, 0, 0, 223, 1, 0, 0, 1, 1, 0
337, 612, 798, 10361008, 17, 301, 6, 194, 240, 223, 1, 1, 1, 1, 0.158126, 223, 1, 0, 0, 0, 1, 0
240, 618, 798, 10361008, 17, 6, 194, 211, 223, 10000000, 1, 1, 0.373167, 0.273505, 0, 223, 0, 0, 1, 1, 1, 0
194, 646, 798, 10361008, 17, 6, 223, 301, 248, 211, 1, 0.480482, 0.479936, 0.239486, 0.119821, 223, 0, 1, 1, 1, 1, 0
6, 686, 798, 10361008, 17, 301, 248, 223, 211, 133, 0.862679, 0.854934, 0.480482, 0.430303, 0.272847, 223, 1, 1, 0, 0, 1, 0
301, 812, 798, 10361596, 18, 10000000, 10000000, 10000000, 10000000, 10000000, 0, 0, 0, 0, 0, 223, 1, 1, 1, 1, 1, 0
124, 757, 401, 10362659, 13, 283, 398, 367, 306, 111, 0.961999, 1, 1, 1, 0.962133, 223, 1, 1, 1, 1, 0, 0
234, 779, 401, 10362660, 13, 111, 280, 87, 146, 334, 1, 0.598674, 0.427981, 0.239885, 0.135857, 223, 0, 1, 0, 1, 1, 0
306, 787, 401, 10362660, 13, 111, 146, 87, 334, 280, 1, 0.562506, 0.427981, 0.135857, 0.136745, 223, 0, 0, 0, 1, 1, 0
367, 787, 401, 10362660, 13, 87, 111, 371, 280, 146, 0.949038, 1, 0.735424, 0.359807, 0.321198, 223, 0, 0, 1, 1, 0, 0
398, 787, 401, 10362660, 13, 111, 87, 334, 280, 146, 1, 0.460285, 0.300244, 0.239871, 0.239885, 223, 0, 0, 1, 1, 0, 0
82, 484, 798, 10362660, 13, 337, 194, 257, 387, 358, 1, 0.919986, 1, 0.947524, 0.841914, 223, 1, 0, 0, 1, 1, 0
251, 780, 601, 10362660, 13, 94, 131, 261, 37, 371, 1, 1, 1, 0.599785, 1, 223, 0, 0, 0, 0, 1, 0
318, 787, 601, 10362660, 13, 94, 131, 261, 297, 371, 1, 1, 1, 0.534159, 1, 223, 0, 0, 0, 1, 1, 0
257, 578, 801, 10362660, 13, 6, 194, 240, 337, 393, 1, 1, 1, 0.964189, 1, 223, 0, 0, 0, 1, 1, 0
317, 587, 801, 10362660, 13, 6, 194, 240, 337, 393, 1, 1, 1, 0.964189, 1, 223, 0, 0, 0, 1, 1, 0
384, 587, 801, 10362660, 13, 6, 194, 240, 337, 393, 1, 1, 1, 0.964189, 1, 223, 0, 0, 0, 1, 1, 0
148, 841, 598, 10362660, 13, 377, 318, 371, 334, 261, 1, 1, 1, 1, 0.961587, 223, 1, 1, 1, 1, 1, 0
111, 801, 468, 10363247, 14, 94, 371, 280, 146, 131, 0.740736, 0.746276, 0.683673, 0.719603, 0.599952, 223, 0, 1, 0, 0, 0, 0
371, 801, 612, 10363247, 14, 94, 248, 131, 37, 171, 1, 0.737516, 1, 0.599743, 0.478374, 223, 0, 1, 0, 0, 0, 0
261, 801, 621, 10363247, 14, 94, 37, 131, 171, 297, 1, 0.750446, 1, 0.535106, 0.4273, 223, 0, 0, 0, 0, 0, 0
131, 801, 640, 10363247, 14, 94, 171, 297, 37, 133, 1, 0.693398, 0.534125, 0.428826, 0.187454, 223, 0, 0, 0, 0, 1, 0
393, 598, 787, 10363247, 14, 6, 194, 240, 337, 133, 1, 1, 1, 0.964128, 0.157591, 223, 0, 0, 0, 1, 1, 0
337, 612, 798, 10363247, 14, 301, 6, 194, 240, 223, 1, 1, 1, 1, 0.15807, 223, 1, 0, 0, 0, 1, 0
240, 618, 798, 10363247, 14, 6, 194, 211, 223, 10000000, 1, 1, 0.373011, 0.273421, 0, 223, 0, 0, 1, 1, 1, 0
94, 801, 683, 10363247, 14, 171, 37, 297, 133, 248, 0.937346, 0.959588, 0.640951, 0.562363, 0.427365, 223, 0, 0, 0, 0, 0, 0
194, 647, 798, 10363247, 14, 6, 223, 301, 248, 211, 1, 0.480353, 0.479807, 0.239422, 0.119789, 223, 0, 1, 1, 1, 1, 0
146, 798, 552, 10363834, 15, 94, 131, 261, 371, 334, 1, 1, 1, 1, 1, 223, 0, 0, 0, 1, 1, 0
37, 798, 719, 10363835, 15, 301, 248, 297, 223, 171, 0.961918, 1, 1, 0.855292, 1, 223, 1, 0, 0, 1, 0, 0
171, 798, 755, 10363835, 15, 301, 223, 248, 297, 211, 1, 0.962203, 1, 0.961365, 0.751361, 223, 1, 1, 0, 0, 0, 0
297, 798, 777, 10363835, 15, 301, 223, 248, 10000000, 10000000, 1, 1, 1, 0, 0, 223, 1, 0, 0, 1, 1, 0
248, 801, 821, 10363835, 15, 301, 223, 297, 10000000, 10000000, 1, 1, 1, 0, 0, 223, 1, 0, 0, 1, 1, 0
133, 801, 847, 10363835, 15, 301, 223, 248, 297, 211, 1, 0.962203, 1, 1, 0.751361, 223, 1, 1, 0, 0, 0, 0
94, 801, 683, 10367834, 15, 171, 37, 297, 133, 248, 0.936541, 0.959061, 0.640637, 0.56188, 0.427155, 223, 0, 0, 0, 0, 0, 0
37, 798, 719, 10367835, 15, 301, 248, 297, 223, 171, 0.961507, 1, 1, 0.854926, 1, 223, 1, 0, 0, 1, 0, 0
6, 686, 798, 10367835, 15, 301, 248, 223, 211, 133, 0.860146, 0.854311, 0.480089, 0.429042, 0.272593, 223, 1, 1, 0, 0, 1, 0
171, 798, 755, 10367835, 15, 301, 223, 248, 297, 211, 1, 0.961792, 1, 0.960955, 0.751038, 223, 1, 1, 0, 0, 0, 0
297, 798, 777, 10367835, 15, 301, 223, 248, 10000000, 10000000, 1, 1, 1, 0, 0, 223, 1, 0, 0, 1, 1, 0
301, 812, 798, 10367835, 15, 10000000, 10000000, 10000000, 10000000, 10000000, 0, 0, 0, 0, 0, 223, 1, 1, 1, 1, 1, 0
171, 798, 755, 10368422, 16, 301, 223, 248, 297, 211, 1, 0.961732, 1, 0.960895, 0.750991, 223, 1, 1, 0, 0, 0, 0
297, 798, 777, 10368422, 16, 301, 223, 248, 10000000, 10000000, 1, 1, 1, 0, 0, 223, 1, 0, 0, 1, 1, 0
301, 812, 798, 10368422, 16, 10000000, 10000000, 10000000, 10000000, 10000000, 0, 0, 0, 0, 0, 223, 1, 1, 1, 1, 1, 0
301, 812, 798, 10369009, 17, 10000000, 10000000, 10000000, 10000000, 10000000, 0, 0, 0, 0, 0, 223, 1, 1, 1, 1, 1, 0
248, 801, 821, 10369009, 17, 301, 223, 297, 10000000, 10000000, 1, 1, 1, 0, 0, 223, 1, 0, 0, 1, 1, 0
257, 578, 801, 10375247, 14, 6, 194, 240, 337, 393, 1, 1, 1, 0.962891, 1, 223, 0, 0, 0, 1, 1, 0
358, 587, 801, 10375247, 14, 6, 194, 240, 337, 393, 1, 1, 1, 1, 1, 223, 0, 0, 0, 1, 1, 0
387, 587, 801, 10375247, 14, 6, 194, 240, 337, 393, 1, 1, 1, 0.962891, 1, 223, 0, 0, 0, 1, 1, 0
337, 612, 798, 10375247, 14, 301, 6, 194, 240, 223, 1, 1, 1, 1, 0.157771, 223, 1, 0, 0, 0, 1, 0
240, 618, 798, 10375834, 15, 6, 194, 211, 223, 10000000, 1, 1, 0.372138, 0.272951, 0, 223, 0, 0, 1, 1, 1, 0
194, 647, 798, 10375834, 15, 6, 223, 301, 248, 211, 1, 0.479628, 0.479084, 0.239062, 0.119608, 223, 0, 1, 1, 1, 1, 0
6, 686, 798, 10375835, 15, 301, 248, 223, 211, 133, 0.857197, 0.853582, 0.479628, 0.427575, 0.272296, 223, 1, 1, 0, 0, 1, 0
301, 812, 798, 10377596, 18, 10000000, 10000000, 10000000, 10000000, 10000000, 0, 0, 0, 0, 0, 223, 1, 1, 1, 1, 1, 0
297, 798, 777, 10377596, 18, 301, 223, 248, 10000000, 10000000, 1, 1, 1, 0, 0, 223, 1, 0, 0, 1, 1, 0
301, 812, 798, 10380422, 16, 10000000, 10000000, 10000000, 10000000, 10000000, 0, 0, 0, 0, 0, 223, 1, 1, 1, 1, 1, 0
211, 850, 798, 10380422, 16, 301, 223, 248, 297, 10000000, 1, 1, 0.959809, 0.959665, 0, 223, 1, 0, 1, 1, 1, 0
301, 812, 798, 10386183, 19, 10000000, 10000000, 10000000, 10000000, 10000000, 0, 0, 0, 0, 0, 223, 1, 1, 1, 1, 1, 0
248, 801, 821, 10386183, 19, 301, 223, 297, 10000000, 10000000, 1, 1, 1, 0, 0, 223, 1, 0, 0, 1, 1, 0
301, 812, 798, 10393009, 17, 10000000, 10000000, 10000000, 10000000, 10000000, 0, 0, 0, 0, 0, 223, 1, 1, 1, 1, 1, 0
301, 812, 798, 10394771, 20, 10000000, 10000000, 10000000, 10000000, 10000000, 0, 0, 0, 0, 0, 223, 1, 1, 1, 1, 1, 0
297, 798, 777, 10394771, 20, 301, 223, 248, 10000000, 10000000, 1, 1, 1, 0, 0, 223, 1, 0, 0, 1, 1, 0
301, 812, 798, 10403358, 21, 10000000, 10000000, 10000000, 10000000, 10000000, 0, 0, 0, 0, 0, 223, 1, 1, 1, 1, 1, 0
248, 801, 822, 10403358, 21, 301, 223, 297, 10000000, 10000000, 1, 1, 1, 0, 0, 223, 1, 0, 0, 1, 1, 0
17, 99, 201, 11299999, 1, 27, 159, 249, 368, 313, 0.971762, 1, 1, 1, 1, 211, 0, 0, 0, 1, 1, 0
313, 201, 212, 11300200, 2, 229, 193, 23, 386, 132, 0.912922, 0.94881, 1, 0.75505, 1, 211, 1, 0, 0, 1, 0, 0
368, 201, 212, 11300200, 2, 305, 386, 399, 366, 311, 0.96164, 0.725104, 0.538609, 0.430644, 0.274318, 211, 1, 1, 1, 1, 1, 0
159, 253, 198, 11300200, 2, 314, 244, 356, 27, 117, 0.914905, 0.789404, 0.551561, 1, 0.10807, 211, 1, 0, 1, 0, 1, 1
27, 293, 198, 11304787, 3, 241, 356, 314, 310, 117, 0.962637, 0.638845, 0.568202, 0.604251, 0.688426, 211, 0, 1, 1, 1, 0, 1
241, 371, 201, 11317374, 4, 41, 122, 49, 88, 118, 1, 1, 1, 0.966227, 1, 211, 0, 0, 0, 0, 0, 1
310, 386, 201, 11317374, 4, 116, 41, 88, 49, 356, 0.943133, 1, 1, 1, 1, 211, 0, 0, 0, 0, 1, 0
356, 412, 198, 11317375, 4, 41, 312, 380, 88, 118, 1, 0.482772, 0.323686, 0.966227, 1, 211, 0, 1, 1, 0, 0, 0
314, 413, 198, 11317375, 4, 312, 41, 380, 137, 88, 1, 1, 0.603394, 0.137517, 1, 211, 1, 0, 1, 1, 0, 0
117, 462, 198, 11317375, 4, 312, 380, 287, 102, 88, 0.942502, 0.647373, 0.232823, 0.107558, 1, 211, 1, 1, 1, 1, 0, 0
118, 401, 257, 11317962, 5, 395, 349, 300, 116, 104, 1, 1, 0.927972, 1, 0.774033, 211, 1, 1, 0, 0, 0, 1
49, 501, 201, 11317962, 5, 380, 312, 285, 102, 137, 1, 1, 0.75277, 0.967962, 1, 211, 1, 1, 1, 0, 0, 0
88, 510, 198, 11317962, 5, 380, 312, 122, 137, 239, 0.963051, 0.859036, 0.953393, 0.687531, 0.794944, 211, 1, 1, 0, 0, 0, 0
122, 541, 201, 11317962, 5, 114, 272, 380, 312, 86, 0.967403, 1, 1, 1, 1, 211, 0, 0, 1, 1, 0, 1
312, 587, 201, 11322549, 6, 345, 206, 286, 232, 114, 1, 0.927259, 0.779437, 0.273219, 0.966926, 211, 1, 0, 0, 1, 0, 0
380, 587, 201, 11322549, 6, 347, 114, 213, 272, 47, 1, 1, 1, 0.954283, 0.760674, 211, 1, 0, 0, 0, 0, 1
86, 702, 201, 11322550, 6, 126, 250, 319, 58, 350, 0.862183, 1, 1, 0.644895, 1, 211, 0, 0, 1, 0, 1, 0
114, 601, 272, 11331136, 7, 206, 47, 286, 290, 179, 0.795831, 1, 0.482698, 0.480939, 0.322964, 211, 0, 0, 0, 0, 0, 1
47, 598, 301, 11331136, 7, 85, 21, 179, 286, 347, 1, 0.965157, 0.968893, 1, 1, 211, 0, 0, 0, 0, 1, 0
213, 743, 201, 11331137, 7, 389, 385, 359, 316, 350, 1, 1, 1, 1, 1, 211, 1, 1, 1, 1, 1, 1
116, 398, 333, 11334549, 6, 104, 217, 335, 300, 395, 1, 1, 1, 1, 1, 211, 0, 0, 1, 0, 1, 0
349, 401, 412, 11334549, 6, 24, 120, 104, 166, 217, 1, 0.754936, 1, 1, 1, 211, 0, 0, 0, 0, 0, 0
395, 401, 412, 11334549, 6, 154, 24, 104, 166, 115, 0.240288, 1, 1, 1, 0.753545, 211, 1, 0, 0, 0, 0, 1
300, 401, 420, 11334549, 6, 24, 104, 166, 115, 217, 0.964528, 1, 1, 0.753545, 1, 211, 0, 0, 0, 0, 0, 0
166, 457, 398, 11335136, 7, 144, 53, 24, 104, 347, 1, 0.960408, 1, 0.75044, 0.409679, 211, 0, 0, 0, 0, 1, 0
104, 401, 479, 11335136, 7, 79, 115, 154, 10000000, 10000000, 1, 1, 0.537502, 0, 0, 211, 0, 0, 0, 1, 1, 1
115, 398, 521, 11335136, 7, 79, 154, 162, 96, 182, 1, 1, 0.750865, 0.429591, 0.753861, 211, 0, 0, 0, 0, 0, 0
47, 598, 301, 11335723, 8, 85, 21, 179, 286, 347, 1, 0.964682, 0.968415, 1, 1, 211, 0, 0, 0, 0, 1, 0
206, 598, 347, 11335724, 8, 21, 179, 286, 347, 120, 0.964682, 1, 1, 1, 0.858897, 211, 0, 0, 0, 1, 0, 1
290, 598, 371, 11335724, 8, 85, 21, 179, 286, 120, 1, 0.964682, 1, 1, 0.966259, 211, 0, 0, 0, 0, 0, 0
286, 601, 426, 11335724, 8, 21, 332, 179, 85, 35, 1, 0.682883, 1, 0.722316, 0.857974, 211, 0, 1, 0, 0, 0, 0
347, 601, 412, 11336311, 9, 85, 21, 130, 179, 35, 1, 1, 0.7946, 1, 0.96516, 211, 0, 0, 0, 0, 0, 0
286, 601, 426, 11336311, 9, 21, 332, 179, 85, 35, 1, 0.682828, 1, 0.722265, 0.85792, 211, 0, 1, 0, 0, 0, 0
179, 601, 458, 11336311, 9, 130, 21, 332, 85, 243, 1, 1, 0.636035, 0.821735, 0.428898, 211, 0, 0, 1, 0, 0, 0
21, 601, 501, 11336311, 9, 332, 243, 130, 186, 4, 1, 1, 0.858162, 0.481152, 0.321396, 211, 1, 0, 0, 0, 0, 1
130, 598, 540, 11336898, 10, 4, 186, 273, 332, 243, 0.964127, 1, 0.968836, 1, 1, 211, 0, 0, 1, 1, 0, 0
243, 598, 574, 11336898, 10, 4, 186, 128, 337, 273, 1, 1, 0.968311, 0.763906, 0.968836, 211, 0, 0, 0, 1, 1, 0
332, 598, 586, 11336898, 10, 4, 128, 186, 273, 19, 1, 1, 1, 1, 0.819982, 211, 0, 0, 0, 0, 0, 1
273, 627, 598, 11337486, 11, 90, 84, 371, 143, 128, 1, 1, 0.756083, 0.722774, 1, 211, 0, 0, 1, 0, 0, 0
186, 601, 659, 11337486, 11, 393, 309, 360, 236, 204, 1, 0.821459, 0.481155, 0.959433, 0.942068, 211, 1, 1, 1, 0, 0, 0
19, 598, 696, 11337486, 11, 358, 387, 384, 257, 317, 0.861214, 0.860938, 0.860837, 0.860138, 0.858698, 211, 1, 1, 1, 1, 1, 0
4, 601, 703, 11337486, 11, 360, 309, 393, 236, 204, 1, 0.958369, 0.751289, 1, 1, 211, 1, 1, 1, 0, 0, 1
204, 598, 740, 11338073, 12, 393, 360, 309, 337, 240, 1, 1, 1, 1, 0.964176, 211, 1, 1, 1, 1, 1, 0
236, 598, 770, 11338073, 12, 6, 194, 240, 337, 360, 0.86092, 0.964429, 1, 1, 1, 211, 0, 0, 0, 1, 1, 0
309, 598, 787, 11338073, 12, 6, 194, 240, 337, 248, 1, 1, 1, 1, 0.188338, 211, 0, 0, 0, 1, 1, 0
360, 598, 787, 11338073, 12, 6, 194, 240, 337, 248, 1, 1, 1, 1, 0.317557, 211, 0, 0, 0, 1, 1, 1
393, 598, 787, 11338073, 12, 6, 194, 240, 337, 133, 1, 1, 1, 1, 0.136605, 211, 0, 0, 0, 1, 1, 0
337, 612, 798, 11338660, 13, 6, 301, 194, 240, 223, 1, 0.74918, 1, 1, 0.136954, 211, 0, 1, 0, 0, 1, 0
240, 624, 798, 11338660, 13, 301, 6, 194, 223, 211, 1, 1, 1, 0.361876, 0.315598, 211, 1, 0, 0, 0, 1, 0
194, 658, 798, 11338660, 13, 6, 223, 301, 248, 211, 1, 0.537483, 0.536936, 0.214388, 0.107256, 211, 0, 0, 1, 1, 1, 1
350, 787, 201, 11339724, 8, 40, 58, 126, 187, 250, 1, 1, 1, 0.75068, 1, 211, 0, 0, 0, 0, 0, 0
359, 812, 198, 11339724, 8, 126, 58, 250, 319, 350, 1, 0.750991, 1, 1, 1, 211, 0, 0, 0, 1, 1, 0
385, 812, 198, 11339724, 8, 58, 126, 250, 319, 350, 0.96556, 1, 1, 1, 1, 211, 0, 0, 0, 1, 1, 0
389, 812, 198, 11339724, 8, 126, 58, 250, 319, 44, 1, 0.858276, 1, 1, 0.923368, 211, 0, 0, 0, 1, 0, 1
316, 813, 198, 11339724, 8, 126, 58, 250, 319, 350, 1, 0.858276, 1, 1, 1, 211, 0, 0, 0, 1, 1, 0
319, 801, 213, 11340311, 9, 187, 40, 58, 126, 250, 1, 1, 1, 1, 1, 211, 0, 0, 0, 0, 0, 0
250, 801, 226, 11340311, 9, 40, 58, 187, 126, 10000000, 1, 1, 0.723742, 1, 0, 211, 0, 0, 0, 0, 1, 0
126, 801, 259, 11340311, 9, 58, 40, 187, 10000000, 10000000, 1, 0.857031, 0.644484, 0, 0, 211, 0, 0, 0, 1, 1, 1
44, 899, 201, 11340311, 9, 245, 25, 10000000, 10000000, 10000000, 0.107563, 0, 0, 0, 0, 211, 1, 1, 1, 1, 1, 0
58, 801, 304, 11340898, 10, 187, 111, 40, 10000000, 10000000, 0.644443, 0.410009, 0.964402, 0, 0, 211, 0, 0, 0, 1, 1, 1
40, 798, 310, 11340898, 10, 111, 306, 367, 398, 283, 1, 0.965687, 0.965457, 0.963585, 0.860729, 211, 0, 1, 1, 1, 1, 0
187, 798, 348, 11340898, 10, 146, 111, 398, 367, 306, 1, 1, 1, 1, 1, 211, 0, 0, 1, 1, 1, 0
40, 798, 310, 11341485, 11, 111, 306, 367, 398, 283, 1, 0.965626, 0.965396, 0.963524, 0.860675, 211, 0, 1, 1, 1, 1, 0
187, 798, 348, 11341485, 11, 146, 111, 398, 367, 306, 1, 1, 1, 1, 1, 211, 0, 0, 1, 1, 1, 1
111, 801, 481, 11341486, 11, 371, 131, 280, 146, 87, 0.788869, 0.695759, 0.723617, 0.751382, 0.840268, 211, 1, 0, 0, 0, 0, 0
306, 787, 401, 11342073, 12, 111, 87, 146, 139, 283, 1, 0.684781, 0.633644, 1, 1, 211, 0, 0, 0, 0, 0, 0
367, 787, 401, 11342073, 12, 87, 111, 371, 146, 280, 0.958694, 1, 0.427502, 0.429334, 0.321984, 211, 0, 0, 1, 0, 1, 0
398, 787, 401, 11342073, 12, 111, 87, 146, 334, 139, 1, 0.563428, 0.322001, 0.232017, 1, 211, 0, 0, 0, 1, 0, 0
111, 801, 481, 11342073, 12, 371, 131, 280, 146, 87, 0.788796, 0.695664, 0.723566, 0.751335, 0.840209, 211, 1, 0, 0, 0, 0, 0
6, 699, 798, 11343247, 14, 301, 248, 211, 223, 57, 0.908926, 0.857132, 0.604927, 0.537218, 0.272507, 211, 1, 1, 0, 0, 0, 1
301, 813, 798, 11343248, 14, 211, 223, 10000000, 10000000, 10000000, 1, 1, 0, 0, 0, 211, 0, 0, 1, 1, 1, 0
115, 398, 521, 11343723, 8, 79, 154, 162, 96, 182, 1, 1, 0.750174, 0.429196, 0.753164, 211, 0, 0, 0, 0, 0, 0
301, 813, 798, 11343835, 15, 211, 223, 10000000, 10000000, 10000000, 1, 1, 0, 0, 0, 211, 0, 0, 1, 1, 1, 0
223, 830, 798, 11343835, 15, 10000000, 10000000, 10000000, 10000000, 10000000, 0, 0, 0, 0, 0, 211, 1, 1, 1, 1, 1, 0
223, 830, 798, 11344422, 16, 10000000, 10000000, 10000000, 10000000, 10000000, 0, 0, 0, 0, 0, 211, 1, 1, 1, 1, 1, 0
87, 798, 505, 11346660, 13, 94, 131, 261, 371, 334, 0.965813, 1, 1, 1, 1, 211, 0, 0, 0, 1, 1, 0
146, 798, 541, 11346660, 13, 94, 131, 261, 371, 334, 1, 1, 1, 1, 1, 211, 0, 0, 0, 1, 1, 0
280, 798, 573, 11346660, 13, 94, 37, 131, 261, 371, 1, 0.922558, 1, 1, 1, 211, 0, 0, 0, 0, 1, 0
371, 801, 612, 11346660, 13, 94, 248, 131, 37, 261, 1, 0.854951, 1, 0.643755, 1, 211, 0, 0, 0, 0, 0, 0
261, 801, 629, 11347247, 14, 37, 94, 297, 131, 171, 1, 1, 0.751836, 1, 0.642009, 211, 0, 0, 0, 0, 0, 0
131, 801, 651, 11347247, 14, 248, 94, 171, 37, 297, 1, 1, 0.753222, 0.791083, 0.64488, 211, 0, 0, 0, 0, 0, 0
94, 801, 696, 11347248, 14, 248, 171, 297, 37, 133, 1, 0.949636, 0.75236, 0.965571, 0.633048, 211, 0, 0, 0, 0, 0, 0
37, 798, 707, 11347248, 14, 301, 248, 297, 223, 171, 0.965595, 1, 1, 0.85918, 1, 211, 1, 0, 0, 1, 0, 0
24, 500, 398, 11347723, 8, 347, 144, 286, 120, 53, 0.942885, 1, 0.644092, 0.480717, 1, 211, 1, 0, 1, 0, 0, 0
53, 502, 401, 11347723, 8, 35, 120, 286, 347, 179, 1, 1, 1, 1, 0.859703, 211, 0, 0, 0, 1, 0, 0
144, 542, 401, 11347724, 8, 179, 35, 21, 120, 286, 1, 1, 0.856394, 1, 1, 211, 0, 0, 0, 0, 0, 0
347, 601, 412, 11347724, 8, 85, 21, 130, 179, 35, 1, 1, 0.793161, 1, 0.96398, 211, 0, 0, 0, 0, 0, 0
37, 798, 707, 11347835, 15, 301, 248, 297, 223, 171, 0.965534, 1, 1, 0.859126, 1, 211, 1, 0, 0, 1, 0, 0
171, 798, 744, 11347835, 15, 223, 301, 211, 248, 297, 0.966516, 1, 0.750056, 1, 1, 211, 1, 1, 0, 0, 0, 0
297, 798, 770, 11347835, 15, 223, 211, 301, 248, 10000000, 1, 0.857207, 1, 1, 0, 211, 0, 0, 1, 0, 1, 0
248, 801, 829, 11347835, 15, 211, 223, 301, 10000000, 10000000, 0.964358, 1, 1, 0, 0, 211, 0, 0, 1, 1, 1, 0
286, 601, 426, 11348311, 9, 21, 332, 179, 85, 35, 1, 0.681711, 1, 0.721223, 0.856817, 211, 0, 1, 0, 0, 0, 0
154, 401, 648, 11348311, 9, 31, 96, 162, 108, 79, 0.107283, 0.750723, 0.856921, 1, 1, 211, 1, 0, 0, 0, 0, 0
120, 654, 398, 11348311, 9, 283, 367, 81, 234, 35, 1, 0.857502, 1, 0.841815, 1, 211, 0, 1, 0, 0, 0, 0
79, 401, 694, 11348311, 9, 177, 162, 96, 292, 108, 0.901864, 0.642691, 0.428984, 0.600002, 1, 211, 0, 1, 0, 0, 0, 0
35, 696, 398, 11348311, 9, 398, 367, 306, 234, 124, 0.85584, 0.720366, 0.600132, 1, 0.951772, 211, 1, 1, 1, 0, 0, 0
301, 813, 798, 11348422, 16, 211, 223, 10000000, 10000000, 10000000, 1, 1, 0, 0, 0, 211, 0, 0, 1, 1, 1, 0
108, 398, 714, 11348898, 10, 292, 82, 177, 181, 10000000, 1, 0.536905, 1, 0.644313, 0, 211, 0, 0, 0, 1, 1, 0
292, 401, 827, 11348899, 10, 82, 181, 10000000, 10000000, 10000000, 0.859048, 1, 0, 0, 0, 211, 0, 0, 1, 1, 1, 0
177, 401, 854, 11348899, 10, 181, 82, 292, 10000000, 10000000, 0.859084, 0.644286, 1, 0, 0, 211, 0, 0, 0, 1, 1, 0
292, 401, 827, 11349486, 11, 82, 181, 10000000, 10000000, 10000000, 0.858994, 1, 0, 0, 0, 211, 0, 0, 1, 1, 1, 0
128, 654, 598, 11350073, 12, 377, 371, 318, 251, 84, 0.752646, 0.852089, 0.53551, 0.821499, 1, 211, 1, 1, 1, 0, 0, 0
84, 698, 598, 11350073, 12, 334, 318, 377, 251, 371, 1, 1, 0.752646, 0.964828, 0.722613, 211, 1, 1, 1, 0, 1, 0
90, 698, 601, 11350073, 12, 261, 371, 334, 148, 94, 1, 1, 1, 1, 0.750913, 211, 0, 1, 1, 0, 0, 0
143, 742, 601, 11350073, 12, 131, 94, 261, 371, 334, 1, 0.858186, 1, 1, 1, 211, 0, 0, 0, 1, 1, 0
371, 801, 612, 11350073, 12, 94, 248, 131, 37, 261, 1, 0.853705, 1, 0.643519, 1, 211, 0, 0, 0, 0, 0, 0
334, 801, 612, 11350660, 13, 171, 94, 131, 261, 37, 0.940922, 1, 1, 1, 0.536232, 211, 0, 0, 0, 0, 0, 0
371, 801, 612, 11350660, 13, 94, 248, 131, 37, 261, 1, 0.853491, 1, 0.643479, 1, 211, 0, 0, 0, 0, 0, 0
148, 853, 598, 11350660, 13, 371, 334, 261, 131, 94, 1, 1, 0.963374, 0.856796, 0.643599, 211, 1, 1, 1, 0, 0, 0
124, 746, 401, 11352898, 10, 111, 398, 367, 306, 139, 0.963771, 1, 1, 1, 1, 211, 0, 1, 1, 1, 0, 0
234, 773, 401, 11352898, 10, 111, 87, 280, 139, 283, 1, 0.631063, 0.461792, 1, 1, 211, 0, 0, 1, 0, 0, 0
306, 787, 401, 11352898, 10, 111, 87, 146, 139, 283, 1, 0.683768, 0.63256, 1, 1, 211, 0, 0, 0, 0, 0, 0
367, 787, 401, 11352898, 10, 87, 111, 371, 146, 280, 0.957275, 1, 0.425532, 0.428836, 0.321611, 211, 0, 0, 1, 0, 1, 0
398, 787, 401, 11352898, 10, 111, 87, 146, 334, 139, 1, 0.562285, 0.321627, 0.231435, 1, 211, 0, 0, 0, 1, 0, 0
139, 856, 398, 11353486, 11, 111, 10000000, 10000000, 10000000, 10000000, 0.749553, 0, 0, 0, 0, 211, 0, 1, 1, 1, 1, 0
111, 801, 481, 11353486, 11, 371, 131, 280, 146, 87, 0.787379, 0.693828, 0.722571, 0.750416, 0.83906, 211, 1, 0, 0, 0, 0, 0
87, 798, 505, 11353486, 11, 94, 131, 261, 371, 334, 0.965106, 1, 1, 1, 1, 211, 0, 0, 0, 1, 1, 0
146, 798, 541, 11353486, 11, 94, 131, 261, 371, 334, 1, 1, 1, 1, 1, 211, 0, 0, 0, 1, 1, 0
87, 798, 505, 11354073, 12, 94, 131, 261, 371, 334, 0.965045, 1, 1, 1, 1, 211, 0, 0, 0, 1, 1, 0
146, 798, 541, 11354073, 12, 94, 131, 261, 371, 334, 1, 1, 1, 1, 1, 211, 0, 0, 0, 1, 1, 0
280, 798, 573, 11354073, 12, 94, 37, 131, 261, 371, 1, 0.920983, 1, 1, 1, 211, 0, 0, 0, 0, 1, 0
371, 801, 612, 11354073, 12, 94, 248, 131, 37, 261, 1, 0.85225, 1, 0.643243, 1, 211, 0, 0, 0, 0, 0, 0
261, 801, 629, 11354660, 13, 37, 94, 297, 131, 171, 1, 1, 0.75079, 1, 0.6415, 211, 0, 0, 0, 0, 0, 0
131, 801, 651, 11354660, 13, 248, 94, 171, 37, 297, 1, 1, 0.752172, 0.790156, 0.644367, 211, 0, 0, 0, 0, 0, 0
94, 801, 697, 11354660, 13, 248, 171, 297, 37, 133, 1, 0.948523, 0.751761, 0.964804, 0.632306, 211, 0, 0, 0, 0, 0, 0
37, 798, 707, 11354660, 13, 301, 248, 297, 223, 171, 0.964827, 1, 1, 0.858496, 1, 211, 1, 0, 0, 1, 0, 0
37, 798, 707, 11355247, 14, 301, 248, 297, 223, 171, 0.964767, 1, 1, 0.858442, 1, 211, 1, 0, 0, 1, 0, 0
171, 798, 744, 11355248, 14, 223, 301, 211, 248, 297, 0.965747, 1, 0.749461, 1, 1, 211, 1, 1, 0, 0, 0, 0
297, 798, 770, 11355248, 14, 223, 211, 301, 248, 10000000, 1, 0.856527, 1, 1, 0, 211, 0, 0, 1, 0, 1, 0
248, 801, 829, 11355248, 14, 211, 223, 301, 10000000, 10000000, 0.963593, 1, 1, 0, 0, 211, 0, 0, 1, 1, 1, 0
301, 813, 798, 11355835, 15, 211, 223, 10000000, 10000000, 10000000, 1, 1, 0, 0, 0, 211, 0, 0, 1, 1, 1, 0
223, 830, 798, 11364422, 16, 10000000, 10000000, 10000000, 10000000, 10000000, 0, 0, 0, 0, 0, 211, 1, 1, 1, 1, 1, 0
179, 601, 458, 11364898, 10, 130, 21, 332, 85, 243, 1, 1, 0.633157, 0.81853, 0.427587, 211, 0, 0, 1, 0, 0, 0
21, 601, 502, 11364898, 10, 332, 243, 130, 186, 4, 1, 1, 0.855538, 0.479503, 0.320415, 211, 1, 0, 0, 0, 0, 0
85, 598, 502, 11364898, 10, 4, 186, 332, 243, 273, 0.961244, 1, 1, 1, 0.858599, 211, 0, 0, 1, 0, 1, 0
332, 598, 586, 11364898, 10, 4, 128, 186, 273, 19, 1, 1, 1, 1, 0.816856, 211, 0, 0, 0, 0, 0, 0
130, 598, 539, 11365485, 11, 4, 186, 273, 332, 243, 0.961184, 1, 0.965863, 1, 1, 211, 0, 0, 1, 1, 0, 0
243, 598, 574, 11365485, 11, 4, 186, 128, 337, 273, 1, 1, 0.965342, 0.747581, 0.965863, 211, 0, 0, 0, 1, 1, 0
332, 598, 586, 11365485, 11, 4, 128, 186, 273, 19, 1, 1, 1, 1, 0.816791, 211, 0, 0, 0, 0, 0, 0
186, 601, 660, 11365486, 11, 393, 309, 360, 236, 204, 1, 0.818322, 0.479539, 0.955765, 0.937124, 211, 1, 1, 1, 0, 0, 0
273, 627, 598, 11366072, 12, 90, 84, 371, 143, 128, 1, 1, 0.75202, 0.720294, 1, 211, 0, 0, 1, 0, 0, 0
186, 601, 660, 11366073, 12, 393, 309, 360, 236, 204, 1, 0.818257, 0.479506, 0.955688, 0.937021, 211, 1, 1, 1, 0, 0, 0
19, 598, 695, 11366073, 12, 358, 387, 384, 257, 317, 0.858571, 0.858297, 0.858198, 0.857502, 0.856071, 211, 1, 1, 1, 1, 1, 0
4, 601, 704, 11366073, 12, 360, 309, 393, 236, 204, 1, 0.954633, 0.748991, 1, 1, 211, 1, 1, 1, 0, 0, 0
204, 598, 740, 11366660, 13, 393, 360, 309, 337, 240, 1, 1, 1, 1, 0.961233, 211, 1, 1, 1, 1, 1, 0
236, 598, 770, 11366660, 13, 6, 194, 240, 337, 360, 0.858279, 0.961483, 1, 1, 1, 211, 0, 0, 0, 1, 1, 0
309, 598, 787, 11366660, 13, 6, 194, 240, 337, 248, 1, 1, 1, 1, 0.187329, 211, 0, 0, 0, 1, 1, 0
360, 598, 787, 11366660, 13, 6, 194, 240, 337, 248, 1, 1, 1, 1, 0.316122, 211, 0, 0, 0, 1, 1, 0
393, 598, 787, 11366660, 13, 6, 194, 240, 337, 133, 1, 1, 1, 1, 0.136074, 211, 0, 0, 0, 1, 1, 0
337, 612, 798, 11367247, 14, 6, 301, 194, 240, 223, 1, 0.733471, 1, 1, 0.13642, 211, 0, 1, 0, 0, 1, 0
240, 624, 798, 11367247, 14, 301, 6, 194, 223, 211, 1, 1, 1, 0.360632, 0.314181, 211, 1, 0, 0, 0, 1, 0
194, 658, 798, 11367247, 14, 6, 223, 301, 248, 211, 1, 0.535836, 0.535293, 0.213733, 0.106928, 211, 0, 0, 1, 1, 1, 0
6, 700, 798, 11371834, 15, 301, 248, 211, 223, 57, 0.901121, 0.854514, 0.599741, 0.535573, 0.27145, 211, 1, 1, 0, 0, 0, 0
223, 830, 798, 11371835, 15, 10000000, 10000000, 10000000, 10000000, 10000000, 0, 0, 0, 0, 0, 211, 1, 1, 1, 1, 1, 0
301, 813, 798, 11372422, 16, 211, 223, 10000000, 10000000, 10000000, 1, 1, 0, 0, 0, 211, 0, 0, 1, 1, 1, 0
223, 830, 798, 11372422, 16, 10000000, 10000000, 10000000, 10000000, 10000000, 0, 0, 0, 0, 0, 211, 1, 1, 1, 1, 1, 0
223, 830, 798, 11373009, 17, 10000000, 10000000, 10000000, 10000000, 10000000, 0, 0, 0, 0, 0, 211, 1, 1, 1, 1, 1, 0
128, 654, 598, 11378660, 13, 377, 371, 318, 251, 84, 0.75034, 0.841836, 0.533875, 0.818296, 1, 211, 1, 1, 1, 0, 0, 0
90, 698, 601, 11378660, 13, 261, 371, 334, 148, 94, 1, 1, 1, 1, 0.748617, 211, 0, 1, 1, 0, 0, 0
84, 698, 598, 11378660, 13, 334, 318, 377, 371, 251, 1, 1, 0.75034, 0.720133, 0.96188, 211, 1, 1, 1, 1, 0, 0
143, 742, 601, 11378660, 13, 131, 94, 261, 371, 334, 1, 0.855562, 1, 1, 1, 211, 0, 0, 0, 1, 1, 0
334, 801, 613, 11379247, 14, 171, 94, 131, 261, 37, 0.935888, 1, 1, 1, 0.534593, 211, 0, 0, 0, 0, 0, 0
371, 801, 612, 11379247, 14, 94, 248, 131, 37, 261, 1, 0.843205, 1, 0.641512, 1, 211, 0, 0, 0, 0, 0, 0
148, 853, 598, 11379247, 14, 371, 334, 261, 131, 94, 1, 1, 0.960435, 0.85418, 0.641631, 211, 1, 1, 1, 0, 0, 0
261, 801, 629, 11383834, 15, 37, 94, 297, 131, 171, 1, 1, 0.746701, 1, 0.639506, 211, 0, 0, 0, 0, 0, 0
131, 801, 652, 11383834, 15, 248, 94, 171, 37, 297, 1, 1, 0.748068, 0.78653, 0.642354, 211, 0, 0, 0, 0, 0, 0
94, 801, 697, 11383834, 15, 248, 171, 297, 133, 37, 1, 0.944169, 0.749413, 0.629404, 0.961796, 211, 0, 0, 0, 0, 0, 0
37, 798, 706, 11383834, 15, 301, 248, 297, 223, 171, 0.961819, 1, 1, 0.855817, 1, 211, 1, 0, 0, 1, 0, 0
37, 798, 706, 11384421, 16, 301, 248, 297, 223, 171, 0.961759, 1, 1, 0.855763, 1, 211, 1, 0, 0, 1, 0, 0
171, 798, 743, 11384421, 16, 223, 301, 248, 211, 297, 0.962734, 1, 1, 0.747127, 1, 211, 1, 1, 0, 0, 0, 0
297, 798, 770, 11384422, 16, 223, 211, 301, 248, 10000000, 1, 0.85386, 1, 1, 0, 211, 0, 0, 1, 0, 1, 0
248, 801, 829, 11384422, 16, 223, 211, 301, 10000000, 10000000, 1, 0.960592, 1, 0, 0, 211, 0, 0, 1, 1, 1, 0
301, 813, 798, 11385009, 17, 211, 223, 10000000, 10000000, 10000000, 1, 1, 0, 0, 0, 211, 0, 0, 1, 1, 1, 0
223, 830, 798, 11393596, 18, 10000000, 10000000, 10000000, 10000000, 10000000, 0, 0, 0, 0, 0, 211, 1, 1, 1, 1, 1, 0
8, 103, -1, 12299999, 1, 343, 330, 323, 365, 270, 1, 0.753785, 0.861364, 0.72353, 0.960672, 297, 1, 1, 1, 1, 0, 0
270, 170, 1, 12300200, 2, 98, 7, 123, 170, 235, 0.970489, 1, 1, 1, 1, 297, 0, 0, 0, 0, 0, 0
343, 185, 1, 12300200, 2, 98, 7, 123, 320, 170, 1, 1, 1, 0.796243, 1, 297, 0, 0, 0, 1, 0, 1
323, 201, 14, 12300200, 2, 199, 98, 249, 263, 123, 1, 1, 0.793162, 0.823997, 1, 297, 0, 0, 0, 0, 0, 0
365, 212, -1, 12300200, 2, 288, 7, 123, 60, 62, 1, 1, 1, 1, 1, 297, 0, 0, 0, 0, 0, 0
330, 215, -1, 12300200, 2, 149, 7, 123, 170, 98, 0.96473, 1, 1, 1, 0.754825, 297, 0, 0, 0, 0, 0, 0
123, 201, 75, 12300787, 3, 263, 344, 199, 313, 98, 0.965073, 0.847362, 0.845603, 0.637388, 1, 297, 0, 1, 0, 1, 0, 0
170, 274, -1, 12300787, 3, 320, 7, 149, 62, 373, 0.703989, 1, 0.796198, 0.968019, 0.465406, 297, 1, 0, 0, 0, 1, 0
98, 201, 98, 12300787, 3, 132, 313, 249, 344, 263, 0.936727, 1, 0.860236, 0.947004, 1, 297, 0, 1, 0, 1, 0, 1
7, 305, -1, 12300787, 3, 156, 320, 373, 288, 149, 0.966014, 0.753772, 0.602386, 0.759594, 0.968528, 297, 0, 1, 1, 0, 0, 1
263, 198, 164, 12301374, 4, 23, 132, 13, 249, 313, 1, 1, 0.945526, 1, 1, 297, 0, 0, 0, 0, 1, 0
344, 198, 185, 12301374, 4, 27, 229, 132, 159, 249, 0.968402, 0.886465, 1, 0.970491, 1, 297, 0, 0, 0, 0, 0, 0
313, 201, 215, 12301374, 4, 229, 23, 193, 386, 132, 0.932982, 1, 0.956796, 0.646841, 1, 297, 0, 0, 0, 1, 0, 1
249, 201, 233, 12301375, 4, 399, 366, 305, 311, 386, 0.845575, 0.825242, 0.82414, 0.774799, 0.646841, 297, 1, 1, 1, 1, 1, 0
149, 329, 1, 12305374, 4, 338, 373, 320, 158, 5, 0.380246, 1, 1, 0.967351, 0.969094, 297, 1, 1, 1, 0, 0, 0
373, 401, 12, 12305374, 4, 48, 138, 100, 158, 156, 1, 0.863955, 0.966702, 1, 1, 297, 0, 0, 0, 0, 0, 0
320, 401, 15, 12305374, 4, 48, 100, 158, 138, 260, 1, 0.966702, 1, 0.797513, 0.75323, 297, 0, 0, 0, 0, 0, 1
288, 434, -1, 12305375, 4, 338, 220, 291, 155, 5, 0.430371, 0.215443, 0.233342, 0.107967, 1, 297, 1, 1, 1, 1, 0, 0
156, 475, -1, 12305375, 4, 105, 291, 155, 338, 298, 0.107916, 0.215284, 0.107967, 0.968334, 1, 297, 1, 1, 1, 1, 0, 1
132, 201, 271, 12305962, 5, 366, 399, 229, 311, 305, 1, 0.845107, 1, 0.698769, 0.686351, 297, 1, 1, 0, 1, 1, 0
23, 201, 312, 12305962, 5, 305, 366, 363, 399, 386, 1, 0.963582, 0.793425, 0.754827, 0.754275, 297, 1, 1, 1, 1, 1, 0
193, 198, 324, 12305962, 5, 65, 205, 363, 336, 311, 1, 1, 1, 1, 0.97189, 297, 0, 0, 1, 1, 1, 0
229, 198, 362, 12305962, 5, 399, 386, 366, 305, 311, 1, 1, 1, 1, 1, 297, 1, 1, 1, 1, 1, 1
298, 565, 1, 12305962, 5, 91, 155, 291, 105, 220, 0.967596, 1, 1, 1, 1, 297, 0, 0, 0, 0, 0, 0
338, 584, 1, 12305962, 5, 91, 155, 183, 12, 291, 1, 1, 0.873141, 0.944922, 1, 297, 0, 0, 0, 0, 0, 0
105, 700, -1, 12305962, 5, 362, 331, 382, 357, 225, 1, 1, 1, 1, 1, 297, 1, 1, 1, 1, 0, 1
305, 198, 384, 12306549, 6, 188, 65, 205, 274, 45, 1, 1, 1, 1, 0.755596, 297, 0, 0, 0, 0, 0, 0
366, 198, 387, 12306549, 6, 188, 65, 205, 274, 45, 1, 1, 1, 1, 0.755596, 297, 0, 0, 0, 0, 0, 0
386, 198, 387, 12306549, 6, 188, 65, 205, 274, 45, 1, 0.969442, 1, 1, 0.755596, 297, 0, 0, 0, 0, 0, 0
399, 198, 387, 12306549, 6, 65, 188, 205, 274, 45, 1, 0.970494, 1, 1, 0.755596, 297, 0, 0, 0, 0, 0, 1
311, 201, 415, 12306549, 6, 210, 188, 65, 205, 274, 0.120409, 1, 1, 1, 1, 297, 1, 0, 0, 0, 0, 0
225, 765, 1, 12306550, 6, 382, 357, 75, 126, 319, 1, 1, 0.318789, 0.159657, 0.234365, 297, 1, 1, 0, 1, 1, 0
357, 787, 1, 12306550, 6, 75, 319, 209, 232, 10000000, 1, 0.703096, 0.753376, 0.648059, 0, 297, 0, 1, 0, 0, 1, 0
382, 787, 1, 12306550, 6, 75, 209, 232, 58, 250, 1, 0.847699, 0.43204, 0.107527, 0.188898, 297, 0, 0, 0, 1, 1, 0
362, 812, -1, 12306550, 6, 382, 357, 315, 225, 331, 1, 1, 1, 1, 1, 297, 1, 1, 1, 0, 1, 1
331, 815, -1, 12306550, 6, 382, 357, 315, 225, 362, 1, 1, 1, 1, 1, 297, 1, 1, 1, 0, 1, 0
274, 233, 398, 12307136, 7, 45, 188, 18, 388, 335, 0.971419, 1, 0.862808, 0.635636, 0.60344, 297, 0, 0, 0, 1, 1, 1
205, 201, 472, 12307136, 7, 276, 222, 65, 188, 113, 1, 0.971277, 1, 0.646955, 0.755902, 297, 0, 0, 0, 0, 0, 0
65, 201, 512, 12307136, 7, 210, 276, 222, 45, 67, 0.824292, 0.634329, 0.722955, 0.323806, 0.215878, 297, 0, 0, 0, 0, 1, 1
331, 815, -1, 12307137, 7, 382, 357, 315, 225, 362, 1, 1, 1, 1, 1, 297, 1, 1, 1, 0, 1, 0
357, 787, 1, 12307137, 7, 75, 319, 209, 232, 10000000, 1, 0.702999, 0.753328, 0.648018, 0, 297, 0, 1, 0, 0, 1, 0
382, 787, 1, 12307137, 7, 75, 209, 232, 58, 250, 1, 0.847638, 0.432012, 0.107521, 0.188877, 297, 0, 0, 0, 1, 1, 1
315, 784, 1, 12307137, 7, 232, 75, 209, 126, 10000000, 0.759039, 0.725449, 0.64571, 0.107834, 0, 297, 0, 0, 0, 1, 1, 0
225, 765, 1, 12307137, 7, 382, 357, 75, 126, 319, 1, 1, 0.318759, 0.159642, 0.234333, 297, 1, 1, 0, 1, 1, 0
222, 198, 542, 12307724, 8, 271, 136, 67, 210, 276, 0.137122, 0.136863, 1, 1, 1, 297, 1, 1, 0, 0, 0, 0
276, 201, 630, 12307724, 8, 324, 107, 67, 210, 10, 0.37973, 0.754564, 1, 1, 0.647134, 297, 1, 0, 0, 0, 0, 0
210, 201, 671, 12307724, 8, 324, 107, 67, 246, 295, 1, 0.646769, 1, 1, 0.756082, 297, 1, 0, 0, 0, 0, 1
75, 798, 91, 12307724, 8, 58, 126, 250, 319, 345, 0.967624, 1, 1, 1, 0.970082, 297, 0, 0, 0, 1, 1, 1
209, 798, 129, 12307724, 8, 126, 250, 319, 350, 345, 1, 1, 1, 1, 1, 297, 0, 0, 1, 1, 1, 0
232, 798, 167, 12307724, 8, 126, 58, 250, 319, 40, 1, 0.86011, 1, 1, 0.754149, 297, 0, 0, 0, 1, 0, 0
67, 201, 720, 12308311, 9, 107, 324, 10000000, 10000000, 10000000, 0.323364, 0.968357, 0, 0, 0, 297, 1, 1, 1, 1, 1, 0
295, 198, 763, 12308311, 9, 324, 136, 271, 3, 67, 1, 0.862403, 0.969667, 0.538423, 0.956892, 297, 1, 0, 0, 0, 0, 0
324, 201, 815, 12308311, 9, 136, 3, 271, 10000000, 10000000, 1, 0.753792, 1, 0, 0, 297, 0, 0, 0, 1, 1, 1
246, 201, 835, 12308312, 9, 136, 271, 3, 324, 67, 0.862403, 1, 0.538423, 1, 1, 297, 0, 0, 0, 1, 0, 0
250, 801, 234, 12308312, 9, 58, 40, 126, 187, 10000000, 1, 1, 1, 0.756083, 0, 297, 0, 0, 0, 0, 1, 1
271, 235, 798, 12308899, 10, 352, 215, 95, 3, 136, 1, 0.860813, 0.967012, 0.861422, 1, 297, 1, 0, 0, 0, 0, 1
158, 401, 66, 12309962, 5, 138, 378, 260, 48, 325, 1, 0.844974, 0.822707, 1, 0.684961, 297, 0, 1, 0, 0, 1, 0
100, 398, 87, 12309962, 5, 41, 118, 356, 314, 378, 0.967393, 1, 0.970524, 0.968224, 1, 297, 0, 0, 1, 1, 1, 0
48, 401, 105, 12309962, 5, 118, 325, 260, 138, 378, 0.943412, 0.958945, 1, 1, 0.537557, 297, 0, 1, 0, 0, 1, 1
138, 398, 133, 12309962, 5, 41, 118, 356, 314, 310, 0.967393, 1, 1, 1, 1, 297, 0, 0, 1, 1, 1, 0
138, 398, 133, 12310549, 6, 41, 118, 356, 314, 310, 0.967332, 1, 1, 1, 1, 297, 0, 0, 1, 1, 1, 0
260, 398, 160, 12310549, 6, 41, 118, 314, 117, 356, 1, 1, 1, 0.861099, 1, 297, 0, 0, 1, 0, 1, 0
325, 398, 184, 12310549, 6, 41, 118, 117, 244, 88, 0.967332, 1, 1, 1, 0.754053, 297, 0, 0, 0, 0, 0, 1
378, 398, 187, 12310549, 6, 41, 118, 49, 117, 244, 1, 1, 1, 1, 1, 297, 0, 0, 0, 0, 0, 0
118, 401, 270, 12315136, 7, 349, 300, 381, 395, 351, 1, 0.942036, 0.882828, 0.787209, 0.797968, 297, 1, 0, 1, 1, 1, 0
41, 401, 313, 12315136, 7, 395, 302, 388, 224, 300, 1, 0.962892, 0.793536, 0.962404, 0.754648, 297, 1, 0, 1, 0, 0, 1
224, 398, 358, 12315724, 8, 104, 217, 300, 279, 395, 1, 1, 1, 0.968807, 1, 297, 0, 0, 0, 0, 1, 0
302, 398, 380, 12315724, 8, 104, 166, 217, 279, 300, 1, 0.970147, 1, 1, 1, 297, 0, 0, 0, 0, 0, 1
388, 401, 412, 12315724, 8, 24, 115, 104, 166, 217, 0.967458, 0.96664, 1, 1, 1, 297, 0, 0, 0, 0, 0, 0
300, 401, 426, 12315724, 8, 115, 104, 24, 166, 217, 1, 1, 0.859962, 0.970147, 1, 297, 0, 0, 0, 0, 0, 0
126, 801, 273, 12316899, 10, 111, 187, 58, 40, 10000000, 1, 1, 1, 0.862878, 0, 297, 0, 0, 0, 0, 1, 0
40, 798, 298, 12316899, 10, 111, 398, 367, 306, 187, 0.970136, 0.861085, 0.860429, 0.860206, 1, 297, 0, 1, 1, 1, 0, 0
58, 801, 319, 12316899, 10, 146, 398, 111, 187, 10000000, 1, 1, 0.482339, 0.844431, 0, 297, 0, 1, 0, 0, 1, 1
187, 798, 336, 12316899, 10, 111, 146, 398, 367, 306, 1, 0.763579, 1, 1, 1, 297, 0, 0, 1, 1, 1, 0
136, 271, 798, 12317486, 11, 33, 181, 352, 227, 215, 1, 1, 1, 0.755321, 0.844908, 297, 0, 0, 1, 0, 0, 0
95, 290, 801, 12317486, 11, 181, 82, 352, 292, 304, 1, 0.86009, 1, 0.967484, 1, 297, 0, 0, 1, 0, 1, 0
3, 303, 798, 12317486, 11, 352, 292, 227, 181, 304, 0.753102, 0.722559, 0.755321, 0.566387, 0.6448, 297, 1, 1, 0, 0, 1, 0
187, 798, 336, 12317486, 11, 111, 146, 398, 367, 306, 1, 0.763237, 1, 1, 1, 297, 0, 0, 1, 1, 1, 0
352, 387, 801, 12317486, 11, 82, 181, 141, 33, 292, 1, 1, 0.75283, 0.755409, 1, 297, 0, 0, 0, 0, 0, 1
398, 787, 401, 12317486, 11, 111, 146, 280, 87, 334, 1, 0.755961, 0.465724, 0.476193, 0.189199, 297, 0, 0, 1, 0, 1, 0
111, 801, 493, 12317487, 11, 377, 334, 131, 146, 371, 1, 0.945993, 0.756452, 1, 0.683603, 297, 1, 1, 0, 0, 1, 0
292, 401, 834, 12318073, 12, 181, 82, 10000000, 10000000, 10000000, 0.967062, 0.752532, 0, 0, 0, 297, 0, 0, 1, 1, 1, 0
181, 471, 798, 12318073, 12, 240, 257, 384, 317, 82, 1, 0.962938, 0.86164, 0.863187, 1, 297, 0, 0, 1, 1, 0, 0
33, 496, 801, 12318073, 12, 194, 240, 337, 387, 358, 1, 1, 0.96765, 1, 1, 297, 0, 0, 1, 1, 1, 0
82, 511, 798, 12318074, 12, 384, 358, 387, 194, 337, 0.969345, 0.968171, 0.965285, 0.793235, 0.873272, 297, 1, 1, 1, 0, 1, 1
358, 587, 801, 12318661, 13, 301, 6, 194, 240, 337, 1, 1, 1, 1, 1, 297, 1, 0, 0, 0, 1, 0
384, 587, 801, 12318661, 13, 6, 194, 301, 240, 337, 0.970073, 1, 0.778394, 1, 1, 297, 0, 0, 1, 0, 1, 1
387, 587, 801, 12318661, 13, 6, 194, 240, 337, 309, 0.970073, 1, 1, 1, 1, 297, 0, 0, 0, 1, 1, 0
337, 614, 798, 12318661, 13, 6, 194, 240, 301, 223, 1, 1, 1, 0.432004, 0.120748, 297, 0, 0, 0, 1, 1, 0
194, 670, 798, 12318661, 13, 223, 301, 6, 248, 10000000, 1, 0.822437, 1, 0.465642, 0, 297, 0, 1, 0, 1, 1, 0
337, 614, 798, 12319248, 14, 6, 194, 240, 301, 223, 1, 1, 1, 0.431894, 0.120739, 297, 0, 0, 0, 1, 1, 0
240, 631, 798, 12319248, 14, 6, 301, 194, 223, 211, 1, 0.778039, 1, 0.323599, 0.273307, 297, 0, 1, 0, 0, 1, 0
194, 670, 798, 12319248, 14, 223, 301, 6, 248, 10000000, 1, 0.822371, 1, 0.465578, 0, 297, 0, 1, 0, 1, 1, 0
6, 713, 798, 12319248, 14, 301, 223, 248, 211, 133, 0.935322, 0.724436, 0.751594, 0.700577, 0.215324, 297, 1, 0, 1, 0, 1, 1
188, 275, 398, 12319723, 8, 279, 372, 335, 168, 388, 1, 1, 0.843535, 0.965695, 0.792959, 297, 0, 1, 1, 0, 1, 0
18, 285, 401, 12319723, 8, 24, 166, 279, 395, 388, 0.966014, 0.969729, 1, 1, 1, 297, 0, 0, 0, 1, 1, 0
45, 309, 398, 12319723, 8, 388, 381, 300, 395, 335, 1, 1, 0.963042, 0.945991, 1, 297, 1, 1, 1, 1, 1, 1
335, 384, 401, 12319724, 8, 351, 372, 339, 290, 24, 1, 1, 1, 0.2331, 1, 297, 1, 1, 1, 1, 0, 0
301, 816, 798, 12319836, 15, 297, 10000000, 10000000, 10000000, 10000000, 1, 0, 0, 0, 0, 297, 0, 1, 1, 1, 1, 1
211, 875, 798, 12319836, 15, 301, 297, 223, 248, 171, 1, 0.858469, 1, 0.858911, 0.646148, 297, 1, 1, 0, 1, 0, 0
300, 401, 426, 12320311, 9, 115, 104, 24, 166, 217, 1, 1, 0.859538, 0.969667, 1, 297, 0, 0, 0, 0, 0, 0
217, 401, 451, 12320311, 9, 115, 104, 154, 24, 166, 1, 1, 0.482843, 0.644654, 0.754186, 297, 0, 0, 0, 0, 0, 0
104, 401, 491, 12320311, 9, 79, 154, 115, 10000000, 10000000, 0.765958, 0.687574, 1, 0, 0, 297, 0, 0, 0, 1, 1, 0
115, 398, 510, 12320898, 10, 79, 154, 162, 182, 96, 0.967752, 1, 0.646208, 0.644653, 0.321957, 297, 0, 0, 0, 0, 0, 0
87, 798, 492, 12322074, 12, 131, 261, 94, 334, 371, 0.966602, 1, 0.860603, 1, 1, 297, 0, 0, 0, 1, 1, 0
111, 801, 493, 12322074, 12, 377, 334, 131, 146, 371, 1, 0.945173, 0.755797, 1, 0.683175, 297, 1, 1, 0, 0, 1, 0
146, 798, 530, 12322074, 12, 94, 131, 261, 371, 334, 0.968178, 1, 1, 1, 1, 297, 0, 0, 0, 1, 1, 0
146, 798, 530, 12322661, 13, 94, 131, 261, 371, 334, 0.968117, 1, 1, 1, 1, 297, 0, 0, 0, 1, 1, 0
377, 787, 601, 12322661, 13, 94, 131, 261, 171, 37, 1, 1, 1, 0.601266, 0.644755, 297, 0, 0, 0, 0, 0, 0
371, 801, 612, 12322661, 13, 94, 37, 131, 171, 261, 0.968117, 1, 1, 0.68553, 1, 297, 0, 0, 0, 0, 0, 0
334, 801, 615, 12322661, 13, 171, 94, 131, 37, 261, 0.954512, 0.968117, 1, 0.794942, 1, 297, 0, 0, 0, 0, 0, 0
261, 801, 638, 12323248, 14, 248, 94, 37, 131, 297, 1, 0.968056, 1, 1, 0.635293, 297, 0, 0, 0, 0, 0, 0
131, 801, 663, 12323248, 14, 248, 94, 171, 37, 297, 1, 1, 0.795352, 0.822317, 0.536347, 297, 0, 0, 0, 0, 0, 0
37, 798, 695, 12323248, 14, 297, 171, 301, 223, 248, 1, 1, 0.859242, 0.754739, 1, 297, 0, 0, 1, 1, 0, 0
94, 801, 709, 12323248, 14, 297, 171, 248, 10000000, 10000000, 0.959904, 0.959665, 1, 0, 0, 297, 0, 0, 0, 1, 1, 0
171, 798, 732, 12323835, 15, 297, 301, 223, 10000000, 10000000, 1, 0.966586, 0.862505, 0, 0, 297, 0, 1, 1, 1, 1, 0
248, 801, 838, 12323836, 15, 297, 301, 171, 223, 94, 1, 1, 1, 1, 0.927348, 297, 0, 1, 0, 0, 0, 0
217, 401, 451, 12324311, 9, 115, 104, 154, 24, 166, 1, 1, 0.48261, 0.644377, 0.753861, 297, 0, 0, 0, 0, 0, 0
166, 469, 398, 12324311, 9, 144, 24, 53, 347, 104, 1, 1, 0.965773, 0.481233, 0.644777, 297, 0, 0, 0, 1, 0, 0
104, 401, 491, 12324311, 9, 79, 154, 115, 10000000, 10000000, 0.763619, 0.687196, 1, 0, 0, 297, 0, 0, 0, 1, 1, 0
115, 398, 510, 12324311, 9, 79, 154, 162, 182, 96, 0.967396, 1, 0.64597, 0.644417, 0.321839, 297, 0, 0, 0, 0, 0, 0
227, 367, 801, 12330073, 12, 82, 181, 257, 292, 177, 1, 1, 0.695067, 1, 1, 297, 0, 0, 0, 0, 0, 0
304, 383, 801, 12330073, 12, 317, 82, 257, 181, 141, 1, 1, 0.868816, 1, 0.840814, 297, 1, 0, 0, 0, 0, 0
352, 387, 801, 12330073, 12, 82, 181, 141, 33, 292, 1, 1, 0.751051, 0.753618, 1, 297, 0, 0, 0, 0, 0, 0
181, 472, 798, 12330073, 12, 240, 257, 384, 317, 82, 1, 0.961549, 0.860528, 0.862071, 1, 297, 0, 0, 1, 1, 0, 0
292, 401, 835, 12330660, 13, 181, 82, 10000000, 10000000, 10000000, 0.965756, 0.751515, 0, 0, 0, 297, 0, 0, 1, 1, 1, 0
181, 472, 798, 12330660, 13, 240, 257, 384, 317, 82, 1, 0.961481, 0.860474, 0.862016, 1, 297, 0, 0, 1, 1, 0, 0
82, 512, 798, 12330661, 13, 384, 358, 387, 194, 337, 0.968033, 0.966862, 0.963821, 0.791654, 0.868499, 297, 1, 1, 1, 0, 1, 0
358, 587, 801, 12331248, 14, 301, 6, 194, 240, 337, 1, 1, 1, 1, 1, 297, 1, 0, 0, 0, 1, 0
384, 587, 801, 12331248, 14, 6, 194, 301, 240, 337, 0.968759, 1, 0.770842, 1, 1, 297, 0, 0, 1, 0, 1, 0
387, 587, 801, 12331248, 14, 6, 194, 240, 337, 309, 0.968759, 1, 1, 1, 1, 297, 0, 0, 0, 1, 1, 0
337, 614, 798, 12331248, 14, 6, 194, 240, 301, 223, 1, 1, 1, 0.429668, 0.120565, 297, 0, 0, 0, 1, 1, 0
194, 671, 798, 12331248, 14, 223, 301, 6, 248, 10000000, 1, 0.82102, 1, 0.464281, 0, 297, 0, 1, 0, 1, 1, 0
337, 614, 798, 12331835, 15, 6, 194, 240, 301, 223, 1, 1, 1, 0.429559, 0.120556, 297, 0, 0, 0, 1, 1, 0
240, 631, 798, 12331835, 15, 6, 301, 194, 223, 211, 1, 0.770493, 1, 0.323161, 0.272838, 297, 0, 1, 0, 0, 1, 0
194, 671, 798, 12331835, 15, 223, 301, 6, 248, 10000000, 1, 0.820954, 1, 0.464218, 0, 297, 0, 1, 0, 1, 1, 0
6, 713, 798, 12331835, 15, 301, 223, 248, 211, 133, 0.932578, 0.723336, 0.75058, 0.698524, 0.215032, 297, 1, 0, 1, 0, 1, 0
301, 816, 798, 12332423, 16, 297, 10000000, 10000000, 10000000, 10000000, 1, 0, 0, 0, 0, 297, 0, 1, 1, 1, 1, 0
223, 839, 798, 12332423, 16, 297, 301, 171, 10000000, 10000000, 0.964475, 1, 0.860365, 0, 0, 297, 0, 1, 0, 1, 1, 0
211, 876, 798, 12332423, 16, 301, 297, 223, 248, 171, 1, 0.857311, 1, 0.857752, 0.645274, 297, 1, 1, 0, 1, 0, 0
115, 398, 510, 12332898, 10, 79, 154, 162, 182, 96, 0.966504, 1, 0.645373, 0.643823, 0.321543, 297, 0, 0, 0, 0, 0, 0
53, 490, 401, 12336898, 10, 35, 120, 347, 286, 290, 0.968172, 1, 1, 0.96852, 0.750845, 297, 0, 0, 1, 0, 1, 0
24, 513, 398, 12336898, 10, 347, 286, 144, 120, 35, 0.953585, 0.64568, 1, 0.537052, 0.215149, 297, 1, 1, 0, 0, 1, 0
144, 529, 401, 12336898, 10, 179, 35, 286, 120, 347, 0.967025, 1, 1, 1, 1, 297, 0, 0, 0, 0, 1, 0
347, 601, 414, 12337485, 11, 21, 85, 179, 130, 243, 1, 1, 1, 0.822634, 0.684538, 297, 0, 0, 0, 0, 0, 0
120, 666, 398, 12337486, 11, 367, 398, 234, 35, 81, 0.963692, 0.644386, 0.859795, 1, 0.962217, 297, 1, 1, 0, 0, 0, 0
154, 401, 660, 12341486, 11, 162, 96, 79, 108, 292, 0.752241, 0.642494, 1, 1, 0.321665, 297, 0, 0, 0, 0, 0, 0
108, 398, 700, 12346073, 12, 292, 82, 181, 79, 10000000, 1, 0.428728, 0.535645, 0.750664, 0, 297, 0, 0, 1, 0, 1, 0
79, 401, 707, 12346073, 12, 162, 96, 292, 10000000, 10000000, 0.53705, 0.321089, 0.643013, 0, 0, 297, 1, 0, 0, 1, 1, 0
292, 401, 835, 12346073, 12, 181, 82, 10000000, 10000000, 10000000, 0.964161, 0.750273, 0, 0, 0, 297, 0, 0, 1, 1, 1, 0
81, 693, 401, 12350073, 12, 398, 367, 111, 306, 234, 1, 1, 0.644453, 1, 1, 297, 1, 1, 0, 1, 0, 0
35, 708, 398, 12350073, 12, 398, 367, 234, 124, 306, 0.963076, 0.750199, 1, 0.958144, 0.642862, 297, 1, 1, 0, 0, 1, 0
234, 764, 401, 12350073, 12, 398, 367, 111, 87, 280, 1, 1, 0.966679, 0.54528, 0.375366, 297, 1, 1, 0, 0, 1, 0
398, 787, 401, 12350073, 12, 111, 146, 280, 87, 334, 1, 0.751334, 0.462216, 0.473743, 0.188039, 297, 0, 0, 1, 0, 1, 0
179, 601, 471, 12354073, 12, 243, 130, 21, 332, 85, 0.936835, 1, 1, 0.684301, 0.841408, 297, 0, 0, 0, 1, 0, 0
85, 598, 490, 12354073, 12, 186, 4, 332, 243, 273, 1, 0.855839, 1, 1, 0.749701, 297, 0, 0, 1, 0, 1, 0
21, 601, 515, 12354073, 12, 332, 243, 186, 130, 4, 1, 1, 0.53584, 1, 0.460214, 297, 1, 0, 0, 0, 0, 0
130, 598, 526, 12354073, 12, 186, 4, 332, 273, 19, 1, 0.855839, 1, 0.856801, 0.7482, 297, 0, 0, 1, 1, 0, 0
243, 598, 566, 12354073, 12, 4, 186, 128, 273, 19, 1, 1, 0.859439, 0.856801, 0.719907, 297, 0, 0, 0, 1, 0, 0
130, 598, 526, 12354660, 13, 186, 4, 332, 273, 19, 1, 0.855786, 1, 0.856748, 0.748118, 297, 0, 0, 1, 1, 0, 0
243, 598, 566, 12354660, 13, 4, 186, 128, 273, 19, 1, 1, 0.859385, 0.856748, 0.719856, 297, 0, 0, 0, 1, 0, 0
332, 598, 584, 12354660, 13, 4, 128, 186, 273, 19, 1, 1, 1, 1, 0.839832, 297, 0, 0, 0, 0, 0, 0
292, 401, 835, 12354660, 13, 181, 82, 10000000, 10000000, 10000000, 0.963275, 0.749583, 0, 0, 0, 297, 0, 0, 1, 1, 1, 0
87, 798, 492, 12354660, 13, 261, 131, 94, 334, 371, 1, 0.963231, 0.857596, 1, 1, 297, 0, 0, 0, 1, 1, 0
111, 801, 494, 12354660, 13, 377, 334, 131, 146, 371, 1, 0.939386, 0.751172, 1, 0.680146, 297, 1, 1, 0, 0, 1, 0
146, 798, 529, 12354661, 13, 94, 131, 261, 371, 334, 0.964796, 1, 1, 1, 1, 297, 0, 0, 0, 1, 1, 0
280, 798, 564, 12354661, 13, 94, 37, 131, 261, 334, 0.964796, 0.935668, 1, 1, 1, 297, 0, 0, 0, 0, 1, 0
186, 601, 673, 12355247, 14, 393, 309, 360, 236, 4, 1, 0.841161, 0.428674, 0.962263, 1, 297, 1, 1, 1, 0, 0, 0
19, 598, 681, 12355247, 14, 317, 387, 257, 384, 358, 0.752271, 0.751712, 0.751029, 0.750929, 0.750023, 297, 1, 1, 1, 1, 1, 0
4, 601, 717, 12355248, 14, 393, 360, 309, 236, 10000000, 1, 1, 0.961326, 1, 0, 297, 1, 1, 1, 0, 1, 0
146, 798, 529, 12355248, 14, 94, 131, 261, 371, 334, 0.964735, 1, 1, 1, 1, 297, 0, 0, 0, 1, 1, 0
377, 787, 601, 12355248, 14, 94, 131, 261, 171, 37, 1, 1, 1, 0.598919, 0.642505, 297, 0, 0, 0, 0, 0, 0
371, 801, 612, 12355248, 14, 94, 37, 131, 171, 261, 0.964735, 1, 1, 0.682481, 1, 297, 0, 0, 0, 0, 0, 0
334, 801, 615, 12355248, 14, 171, 94, 131, 37, 261, 0.949589, 0.964735, 1, 0.790845, 1, 297, 0, 0, 0, 0, 0, 0
131, 801, 664, 12355248, 14, 248, 94, 171, 37, 297, 1, 1, 0.791324, 0.818727, 0.534512, 297, 0, 0, 0, 0, 0, 0
236, 598, 760, 12355835, 15, 337, 6, 194, 240, 248, 1, 0.75149, 0.859087, 0.966242, 0.158043, 297, 1, 0, 0, 0, 1, 0
309, 598, 784, 12355835, 15, 6, 194, 240, 337, 248, 0.966201, 1, 1, 1, 0.158043, 297, 0, 0, 0, 1, 1, 0
360, 598, 787, 12355835, 15, 6, 194, 240, 337, 248, 0.966201, 1, 1, 1, 0.273379, 297, 0, 0, 0, 1, 1, 0
393, 598, 787, 12355835, 15, 6, 194, 240, 337, 133, 0.966201, 1, 1, 1, 0.119931, 297, 0, 0, 0, 1, 1, 0
261, 801, 639, 12355835, 15, 248, 94, 37, 131, 297, 1, 0.964674, 1, 1, 0.632022, 297, 0, 0, 0, 0, 0, 0
131, 801, 664, 12355835, 15, 248, 94, 171, 37, 297, 1, 1, 0.791251, 0.818661, 0.534478, 297, 0, 0, 0, 0, 0, 0
37, 798, 694, 12355835, 15, 297, 171, 301, 223, 248, 1, 1, 0.856245, 0.752097, 1, 297, 0, 0, 1, 1, 0, 0
94, 801, 710, 12355835, 15, 297, 171, 10000000, 10000000, 10000000, 0.955633, 0.955397, 0, 0, 0, 297, 0, 0, 1, 1, 1, 0
171, 798, 732, 12355835, 15, 297, 301, 223, 10000000, 10000000, 1, 0.963276, 0.859539, 0, 0, 297, 0, 1, 1, 1, 1, 0
337, 614, 798, 12356422, 16, 6, 194, 240, 301, 223, 1, 1, 1, 0.42507, 0.1202, 297, 0, 0, 0, 1, 1, 0
240, 631, 798, 12356422, 16, 6, 301, 194, 223, 211, 1, 0.756168, 1, 0.322307, 0.271926, 297, 0, 1, 0, 0, 1, 0
194, 671, 798, 12356422, 16, 223, 301, 6, 248, 10000000, 1, 0.818202, 1, 0.461584, 0, 297, 0, 1, 0, 1, 1, 0
171, 798, 732, 12356422, 16, 297, 301, 223, 10000000, 10000000, 1, 0.963215, 0.859485, 0, 0, 297, 0, 1, 1, 1, 1, 0
6, 713, 798, 12361009, 17, 301, 223, 248, 211, 133, 0.926277, 0.720801, 0.748239, 0.693811, 0.21436, 297, 1, 0, 1, 0, 1, 0
301, 816, 798, 12369596, 18, 297, 10000000, 10000000, 10000000, 10000000, 1, 0, 0, 0, 0, 297, 0, 1, 1, 1, 1, 0
223, 839, 798, 12369597, 18, 297, 301, 171, 10000000, 10000000, 0.960648, 1, 0.856939, 0, 0, 297, 0, 1, 0, 1, 1, 0
346, 1, 219, 13299999, 1, 191, 282, 32, 176, 216, 0.120643, 0.96215, 1, 1, 0.972589, 133, 1, 0, 0, 0, 0, 0
176, 1, 289, 13300200, 2, 348, 282, 32, 191, 174, 0.953537, 1, 1, 0.638162, 1, 133, 0, 0, 0, 0, 0, 0
32, 1, 328, 13300200, 2, 348, 282, 191, 43, 56, 1, 0.862599, 0.48256, 0.431077, 0.323571, 133, 0, 0, 0, 0, 0, 1
282, -1, 356, 13308787, 3, 43, 201, 191, 50, 221, 1, 1, 1, 0.933683, 0.860362, 133, 0, 0, 0, 0, 0, 0
348, -1, 378, 13308787, 3, 43, 201, 191, 221, 340, 1, 1, 1, 0.967907, 0.430373, 133, 0, 0, 0, 0, 1, 1
191, 1, 486, 13309374, 4, 370, 390, 374, 268, 340, 1, 0.968, 0.537544, 1, 0.795188, 133, 1, 1, 1, 0, 0, 0
201, -1, 515, 13309374, 4, 374, 390, 370, 28, 163, 1, 1, 1, 0.971881, 1, 133, 1, 1, 1, 0, 0, 0
43, 1, 517, 13309374, 4, 370, 390, 374, 267, 268, 1, 0.969151, 0.645052, 0.957951, 1, 133, 1, 1, 1, 0, 0, 1
268, -1, 553, 13309962, 5, 374, 390, 370, 259, 242, 1, 1, 1, 0.970926, 0.478624, 133, 1, 1, 1, 0, 1, 0
370, -1, 587, 13309962, 5, 134, 259, 103, 34, 163, 1, 1, 0.882382, 0.755214, 1, 133, 0, 0, 0, 0, 0, 1
390, -1, 587, 13309962, 5, 134, 259, 103, 28, 34, 1, 1, 0.882382, 1, 0.755214, 133, 0, 0, 0, 0, 0, 0
374, 1, 612, 13309962, 5, 134, 259, 214, 28, 34, 0.971244, 1, 1, 0.971819, 0.647326, 133, 0, 0, 0, 0, 0, 0
267, 1, 642, 13309962, 5, 275, 34, 259, 28, 134, 0.362421, 0.647326, 0.970926, 1, 0.755412, 133, 1, 0, 0, 0, 0, 0
259, 45, 598, 13310549, 6, 34, 134, 189, 103, 210, 1, 1, 0.794166, 0.846556, 0.322267, 133, 0, 0, 0, 0, 1, 1
103, 65, 601, 13310549, 6, 276, 189, 34, 210, 67, 0.860235, 1, 1, 0.644533, 0.538725, 133, 0, 0, 0, 0, 0, 0
163, 1, 683, 13310549, 6, 242, 28, 214, 34, 134, 1, 1, 1, 0.431524, 0.539546, 133, 0, 0, 0, 0, 0, 1
103, 65, 601, 13315136, 7, 276, 189, 34, 210, 67, 0.859811, 1, 1, 0.644216, 0.538459, 133, 0, 0, 0, 0, 0, 0
134, 83, 598, 13315136, 7, 34, 189, 107, 276, 210, 1, 0.721936, 0.411589, 0.322429, 0.214739, 133, 0, 0, 0, 1, 1, 0
34, 114, 598, 13315136, 7, 107, 189, 210, 276, 10000000, 0.537087, 1, 0.362014, 0.322429, 0, 133, 0, 0, 1, 1, 1, 1
189, 124, 601, 13315136, 7, 107, 276, 210, 67, 295, 0.85934, 1, 0.858955, 0.646151, 0.120895, 133, 0, 0, 0, 0, 1, 0
189, 124, 601, 13315723, 8, 107, 276, 210, 67, 295, 0.859286, 1, 0.8589, 0.64611, 0.120887, 133, 0, 0, 0, 0, 1, 1
214, -1, 721, 13327136, 7, 396, 392, 353, 308, 142, 1, 1, 0.969908, 0.860487, 1, 133, 1, 1, 1, 1, 0, 0
28, 1, 728, 13327136, 7, 142, 89, 242, 275, 134, 1, 0.775036, 1, 0.643702, 0.430865, 133, 0, 0, 0, 0, 1, 0
242, -1, 754, 13327136, 7, 396, 392, 353, 208, 308, 1, 1, 1, 0.751689, 0.968048, 133, 1, 1, 1, 0, 1, 1
353, 12, 798, 13327723, 8, 77, 184, 208, 68, 233, 1, 0.963433, 1, 1, 1, 133, 0, 0, 0, 0, 0, 0
392, 12, 798, 13327723, 8, 77, 184, 208, 324, 68, 1, 1, 1, 0.751015, 1, 133, 0, 0, 0, 1, 0, 0
396, 12, 798, 13327723, 8, 77, 184, 208, 68, 233, 1, 0.967707, 1, 1, 1, 133, 0, 0, 0, 0, 0, 1
233, 43, 798, 13328311, 9, 77, 184, 271, 208, 68, 1, 1, 0.778933, 1, 1, 133, 0, 0, 0, 0, 0, 1
68, 64, 801, 13328311, 9, 136, 271, 324, 246, 77, 0.967033, 1, 1, 0.859087, 0.969055, 133, 0, 0, 1, 0, 0, 0
208, 84, 798, 13328311, 9, 95, 77, 184, 324, 271, 0.754264, 1, 1, 0.603911, 0.549219, 133, 0, 0, 0, 1, 0, 0
184, 121, 801, 13328311, 9, 136, 271, 324, 246, 3, 1, 1, 1, 0.966472, 0.750743, 133, 0, 0, 0, 0, 0, 0
77, 134, 798, 13328311, 9, 136, 324, 95, 246, 190, 0.840622, 0.966681, 0.754264, 0.474733, 0.429463, 133, 0, 1, 0, 1, 1, 1
324, 201, 819, 13328898, 10, 136, 271, 3, 190, 246, 0.966972, 1, 0.643453, 1, 1, 133, 0, 0, 0, 0, 0, 1
95, 275, 801, 13328898, 10, 181, 352, 304, 227, 82, 0.969187, 1, 1, 1, 0.751788, 133, 0, 1, 0, 0, 0, 1
246, 201, 846, 13333485, 11, 271, 136, 3, 190, 10000000, 0.967258, 0.751719, 0.428758, 1, 0, 133, 0, 0, 0, 0, 1, 0
190, 201, 887, 13333485, 11, 271, 136, 3, 10000000, 10000000, 0.752312, 0.536942, 0.321568, 0, 0, 133, 1, 0, 0, 1, 1, 1
227, 357, 801, 13337486, 11, 82, 141, 181, 317, 177, 1, 1, 1, 0.692206, 1, 133, 0, 0, 0, 1, 0, 0
304, 378, 801, 13337486, 11, 317, 82, 393, 257, 181, 1, 1, 0.905765, 0.90651, 1, 133, 1, 0, 1, 0, 0, 0
352, 387, 801, 13337486, 11, 82, 181, 141, 177, 292, 1, 1, 0.78948, 1, 1, 133, 0, 0, 0, 0, 0, 1
292, 401, 844, 13342073, 12, 181, 82, 177, 10000000, 10000000, 0.860279, 0.643479, 1, 0, 0, 133, 0, 0, 0, 1, 1, 0
177, 401, 882, 13342073, 12, 181, 82, 10000000, 10000000, 10000000, 0.64521, 0.428986, 0, 0, 0, 133, 0, 0, 1, 1, 1, 0
181, 488, 798, 13342073, 12, 240, 384, 358, 257, 387, 1, 0.964297, 0.961344, 0.964433, 0.821939, 133, 0, 1, 1, 0, 1, 0
141, 510, 801, 13342073, 12, 194, 240, 337, 387, 384, 0.965911, 1, 1, 1, 1, 133, 0, 0, 0, 1, 1, 0
82, 525, 798, 13342073, 12, 384, 358, 337, 387, 240, 1, 1, 0.905186, 0.966525, 0.789292, 133, 1, 1, 0, 1, 0, 1
358, 587, 801, 13342660, 13, 6, 194, 301, 240, 337, 1, 1, 0.758399, 1, 1, 133, 0, 0, 1, 0, 0, 0
384, 587, 801, 13342660, 13, 6, 194, 240, 337, 112, 1, 1, 1, 1, 1, 133, 0, 0, 0, 0, 0, 1
387, 587, 801, 13342660, 13, 6, 194, 240, 337, 112, 1, 1, 1, 1, 1, 133, 0, 0, 0, 0, 0, 0
337, 619, 798, 13342660, 13, 6, 194, 240, 301, 133, 0.96649, 1, 1, 0.299509, 0.107239, 133, 0, 0, 0, 1, 1, 0
240, 640, 798, 13342661, 13, 6, 194, 223, 301, 211, 1, 1, 0.47668, 0.433145, 0.239774, 133, 0, 0, 0, 1, 1, 0
337, 619, 798, 13343247, 14, 6, 194, 240, 301, 133, 0.96643, 1, 1, 0.299457, 0.107232, 133, 0, 0, 0, 1, 1, 0
240, 640, 798, 13343248, 14, 6, 194, 223, 301, 211, 1, 1, 0.476635, 0.433035, 0.239757, 133, 0, 0, 0, 1, 1, 0
194, 684, 798, 13343248, 14, 223, 6, 301, 248, 10000000, 0.95327, 1, 0.841348, 0.375959, 0, 133, 0, 0, 0, 1, 1, 0
112, 601, 900, 13343248, 14, 194, 6, 240, 10000000, 10000000, 0.53655, 0.429524, 0.750243, 0, 0, 133, 0, 0, 1, 1, 1, 0
6, 727, 798, 13343248, 14, 301, 248, 223, 133, 10000000, 0.943289, 0.643211, 0.752178, 0.24054, 0, 133, 0, 1, 0, 1, 1, 1
301, 821, 798, 13343835, 15, 133, 248, 69, 10000000, 10000000, 0.965029, 1, 0.645264, 0, 0, 133, 0, 0, 0, 1, 1, 1
223, 850, 798, 13343835, 15, 133, 248, 301, 69, 10000000, 0.750578, 0.857561, 1, 0.53772, 0, 133, 0, 0, 0, 0, 1, 0
68, 64, 801, 13344898, 10, 136, 271, 324, 246, 77, 0.965312, 1, 1, 0.857559, 0.967327, 133, 0, 0, 1, 0, 0, 0
208, 85, 798, 13344898, 10, 95, 77, 184, 324, 271, 0.744944, 1, 1, 0.602704, 0.547971, 133, 0, 0, 0, 1, 0, 0
184, 120, 801, 13344898, 10, 136, 271, 324, 246, 3, 1, 1, 1, 0.964754, 0.74941, 133, 0, 0, 0, 0, 0, 0
77, 134, 798, 13344898, 10, 136, 324, 95, 246, 190, 0.838951, 0.964961, 0.744944, 0.47349, 0.428699, 133, 0, 1, 0, 1, 1, 1
324, 201, 819, 13345485, 11, 136, 271, 3, 190, 246, 0.965252, 1, 0.642311, 1, 1, 133, 0, 0, 0, 0, 0, 0
95, 275, 801, 13345485, 11, 181, 352, 304, 227, 82, 0.967459, 1, 1, 1, 0.750451, 133, 0, 1, 0, 0, 0, 0
136, 284, 798, 13345485, 11, 33, 352, 304, 181, 227, 1, 1, 1, 0.757433, 0.957382, 133, 0, 1, 0, 0, 0, 1
227, 357, 801, 13346073, 12, 82, 141, 181, 317, 177, 1, 1, 1, 0.690837, 1, 133, 0, 0, 0, 1, 0, 0
304, 378, 801, 13346073, 12, 317, 82, 393, 257, 181, 1, 1, 0.903423, 0.904163, 1, 133, 1, 0, 1, 0, 0, 0
352, 387, 801, 13346073, 12, 82, 181, 141, 177, 292, 1, 1, 0.788411, 1, 1, 133, 0, 0, 0, 0, 0, 1
292, 401, 844, 13350660, 13, 181, 82, 177, 10000000, 10000000, 0.859486, 0.642887, 1, 0, 0, 133, 0, 0, 0, 1, 1, 0
177, 401, 882, 13350660, 13, 181, 82, 10000000, 10000000, 10000000, 0.644614, 0.428592, 0, 0, 0, 133, 0, 0, 1, 1, 1, 0
181, 488, 798, 13350660, 13, 240, 384, 358, 257, 387, 1, 0.9633, 0.960353, 0.963546, 0.820973, 133, 0, 1, 1, 0, 1, 0
141, 510, 801, 13350660, 13, 194, 240, 337, 387, 384, 0.965022, 1, 1, 1, 1, 133, 0, 0, 0, 1, 1, 0
82, 525, 798, 13350660, 13, 384, 358, 337, 387, 240, 1, 1, 0.902847, 0.965635, 0.788223, 133, 1, 1, 0, 1, 0, 1
358, 587, 801, 13351247, 14, 6, 194, 301, 240, 337, 1, 1, 0.753492, 1, 1, 133, 0, 0, 1, 0, 0, 0
384, 587, 801, 13351247, 14, 6, 194, 240, 337, 112, 1, 1, 1, 1, 1, 133, 0, 0, 0, 0, 0, 1
387, 587, 801, 13351247, 14, 6, 194, 240, 337, 112, 1, 1, 1, 1, 1, 133, 0, 0, 0, 0, 0, 0
337, 619, 798, 13351247, 14, 6, 194, 240, 301, 133, 0.9656, 1, 1, 0.298741, 0.10714, 133, 0, 0, 0, 1, 1, 1
240, 641, 798, 13351248, 14, 6, 194, 223, 301, 211, 1, 1, 0.47603, 0.43154, 0.239528, 133, 0, 0, 0, 1, 1, 1
112, 601, 900, 13351835, 15, 194, 6, 240, 10000000, 10000000, 0.536056, 0.429129, 0.749554, 0, 0, 133, 0, 0, 1, 1, 1, 0
240, 641, 798, 13355835, 15, 6, 194, 223, 301, 211, 1, 1, 0.475684, 0.430687, 0.239396, 133, 0, 0, 0, 1, 1, 0
194, 684, 798, 13355835, 15, 223, 6, 301, 248, 10000000, 0.951368, 1, 0.840077, 0.375071, 0, 133, 0, 0, 0, 1, 1, 1
6, 727, 798, 13360422, 16, 301, 248, 223, 133, 10000000, 0.940243, 0.642029, 0.750792, 0.240044, 0, 133, 0, 1, 0, 1, 1, 1
301, 821, 798, 13360422, 16, 133, 248, 69, 10000000, 10000000, 0.963316, 1, 0.644115, 0, 0, 133, 0, 0, 0, 1, 1, 0
301, 821, 798, 13365009, 17, 133, 248, 69, 10000000, 10000000, 0.962843, 1, 0.643798, 0, 0, 133, 0, 0, 0, 1, 1, 1
223, 851, 798, 13365009, 17, 133, 248, 301, 69, 10000000, 0.748878, 0.855619, 1, 0.536498, 0, 133, 0, 0, 0, 0, 1, 0
270, 151, 1, 14299999, 1, 149, 170, 98, 235, 123, 1, 1, 0.86487, 1, 0.863013, 69, 0, 0, 0, 0, 0, 0
170, 300, -1, 14300200, 2, 373, 254, 158, 7, 288, 0.63525, 0.318497, 0.107929, 1, 0.60505, 69, 1, 1, 1, 0, 0, 1
7, 330, -1, 14304787, 3, 200, 61, 320, 156, 288, 1, 1, 1, 0.863569, 0.825313, 69, 0, 0, 0, 0, 0, 0
373, 401, 12, 14304787, 3, 48, 158, 138, 100, 254, 1, 1, 0.860568, 1, 1, 69, 0, 0, 0, 0, 0, 1
288, 457, -1, 14304788, 3, 5, 200, 298, 156, 158, 1, 1, 0.863929, 1, 0.647255, 69, 0, 0, 0, 0, 0, 0
254, 401, 58, 14305374, 4, 48, 260, 158, 325, 138, 1, 0.861289, 1, 0.704389, 0.645386, 69, 0, 0, 0, 1, 0, 0
100, 398, 59, 14305374, 4, 118, 378, 325, 260, 48, 1, 1, 1, 1, 1, 69, 0, 1, 0, 0, 0, 0
158, 401, 98, 14305375, 4, 378, 48, 260, 325, 138, 0.863277, 1, 0.861289, 0.645501, 1, 69, 1, 0, 0, 0, 0, 0
138, 398, 105, 14305375, 4, 118, 356, 378, 41, 325, 1, 1, 1, 0.755743, 1, 69, 0, 1, 1, 0, 0, 0
48, 401, 132, 14305375, 4, 116, 378, 325, 118, 260, 1, 0.958563, 0.968252, 0.685371, 1, 69, 0, 1, 0, 0, 0, 1
260, 398, 134, 14305962, 5, 118, 41, 356, 314, 378, 1, 0.863651, 1, 0.967325, 1, 69, 0, 0, 1, 1, 1, 1
325, 398, 172, 14305962, 5, 41, 118, 117, 314, 224, 0.971607, 1, 0.863678, 1, 0.685412, 69, 0, 0, 0, 0, 0, 0
378, 398, 187, 14305962, 5, 41, 118, 302, 49, 116, 0.971607, 1, 0.821459, 1, 0.822817, 69, 0, 0, 0, 0, 0, 0
116, 398, 289, 14305962, 5, 104, 217, 300, 349, 395, 0.97074, 1, 1, 1, 1, 69, 0, 0, 0, 0, 1, 1
349, 401, 418, 14306550, 6, 104, 217, 166, 300, 24, 1, 1, 0.96992, 1, 0.752457, 69, 0, 0, 0, 0, 0, 0
300, 401, 442, 14306550, 6, 104, 115, 217, 24, 166, 1, 1, 1, 0.644963, 0.754383, 69, 0, 0, 0, 0, 0, 1
217, 401, 477, 14315137, 7, 104, 115, 154, 79, 10000000, 1, 1, 0.36258, 0.158878, 0, 69, 0, 0, 0, 0, 1, 0
115, 398, 488, 14315137, 7, 154, 79, 104, 162, 182, 1, 0.753473, 1, 0.430873, 0.429843, 69, 0, 0, 0, 0, 0, 0
104, 401, 514, 14315137, 7, 154, 79, 10000000, 10000000, 10000000, 0.539562, 0.302995, 0, 0, 0, 69, 0, 0, 1, 1, 1, 1
154, 401, 686, 14315725, 8, 52, 79, 292, 162, 96, 1, 1, 0.566077, 0.538558, 0.431275, 69, 0, 0, 0, 0, 0, 1
79, 401, 733, 14316312, 9, 169, 52, 292, 352, 31, 1, 1, 0.963869, 1, 0.687357, 69, 0, 0, 0, 1, 0, 1
292, 401, 855, 14320899, 10, 181, 82, 31, 177, 169, 0.752611, 0.536962, 1, 1, 1, 69, 0, 0, 0, 0, 0, 0
52, 398, 873, 14320899, 10, 31, 177, 289, 169, 327, 1, 0.966578, 1, 1, 0.647035, 69, 0, 0, 0, 0, 1, 0
169, 398, 907, 14320899, 10, 364, 327, 231, 31, 195, 0.966204, 0.862713, 0.646039, 1, 0.430468, 69, 1, 1, 1, 0, 0, 1
31, 401, 939, 14320899, 10, 82, 181, 10000000, 10000000, 10000000, 0.214785, 0.322547, 0, 0, 0, 69, 0, 1, 1, 1, 1, 0
31, 401, 939, 14321486, 11, 82, 181, 10000000, 10000000, 10000000, 0.214771, 0.322527, 0, 0, 0, 69, 0, 1, 1, 1, 1, 0
378, 398, 186, 14322549, 6, 41, 118, 302, 49, 116, 0.969871, 1, 0.819598, 1, 0.820949, 69, 0, 0, 0, 0, 0, 0
118, 401, 297, 14322549, 6, 115, 349, 381, 395, 302, 1, 1, 0.936141, 0.915269, 1, 69, 0, 0, 1, 1, 0, 1
302, 398, 365, 14323137, 7, 104, 217, 300, 115, 279, 1, 1, 1, 0.861661, 0.961479, 69, 0, 0, 0, 0, 0, 0
381, 401, 412, 14323137, 7, 104, 217, 115, 166, 300, 1, 1, 0.950481, 1, 1, 69, 0, 0, 0, 0, 0, 0
395, 401, 412, 14323137, 7, 104, 217, 166, 115, 300, 1, 1, 1, 0.861661, 1, 69, 0, 0, 0, 0, 0, 0
349, 401, 418, 14323137, 7, 104, 217, 166, 300, 24, 1, 1, 0.96819, 1, 0.751118, 69, 0, 0, 0, 0, 0, 0
115, 398, 488, 14323137, 7, 154, 79, 104, 162, 182, 1, 0.752825, 1, 0.430502, 0.429474, 69, 0, 0, 0, 0, 0, 1
104, 401, 514, 14323724, 8, 154, 79, 10000000, 10000000, 10000000, 0.539063, 0.302209, 0, 0, 0, 69, 0, 0, 1, 1, 1, 1
154, 401, 686, 14323725, 8, 52, 79, 292, 162, 96, 1, 1, 0.565223, 0.538094, 0.430904, 69, 0, 0, 0, 0, 0, 1
79, 401, 734, 14324312, 9, 169, 52, 292, 352, 31, 1, 1, 0.96294, 1, 0.686602, 69, 0, 0, 0, 1, 0, 1
292, 401, 855, 14324312, 9, 181, 82, 31, 177, 169, 0.752335, 0.536766, 1, 1, 1, 69, 0, 0, 0, 0, 0, 0
292, 401, 855, 14328899, 10, 181, 82, 31, 177, 169, 0.751964, 0.536501, 1, 1, 1, 69, 0, 0, 0, 0, 0, 1
177, 401, 896, 14329486, 11, 181, 31, 82, 10000000, 10000000, 0.537083, 1, 0.321881, 0, 0, 69, 0, 0, 0, 1, 1, 0
169, 398, 907, 14329486, 11, 364, 327, 231, 31, 195, 0.965315, 0.861915, 0.645442, 1, 0.430071, 69, 1, 1, 1, 0, 0, 0
31, 401, 939, 14329486, 11, 82, 181, 10000000, 10000000, 10000000, 0.214587, 0.32225, 0, 0, 0, 69, 0, 1, 1, 1, 1, 1
216, 106, 198, 15299999, 1, 197, 368, 56, 238, 313, 1, 1, 1, 1, 0.431275, 57, 0, 1, 0, 0, 1, 0
238, 132, 201, 15300200, 2, 159, 27, 71, 249, 313, 0.96892, 0.862001, 0.954122, 0.971326, 1, 57, 0, 0, 0, 0, 0, 0
56, 153, 198, 15300200, 2, 197, 159, 241, 368, 313, 0.880331, 0.82607, 0.780051, 1, 0.862531, 57, 0, 0, 0, 1, 0, 0
368, 201, 215, 15300200, 2, 399, 132, 366, 23, 386, 0.863474, 1, 0.846238, 0.861595, 0.604496, 57, 1, 0, 1, 0, 1, 1
132, 201, 314, 15304787, 3, 205, 113, 366, 399, 386, 1, 0.871201, 1, 0.970927, 0.962512, 57, 0, 0, 1, 1, 1, 0
23, 201, 352, 15304787, 3, 205, 222, 299, 113, 363, 1, 1, 1, 1, 0.860158, 57, 0, 0, 0, 0, 1, 0
366, 198, 384, 15304787, 3, 274, 65, 299, 188, 113, 1, 0.972248, 1, 0.756041, 1, 57, 0, 0, 0, 0, 0, 0
399, 198, 387, 15304787, 3, 274, 65, 205, 18, 299, 1, 0.972248, 0.96937, 1, 1, 57, 0, 0, 0, 0, 0, 1
18, 245, 401, 15305375, 4, 279, 372, 395, 388, 381, 0.967456, 1, 1, 1, 0.96726, 57, 0, 1, 1, 1, 1, 1
205, 201, 513, 15305375, 4, 276, 10, 65, 188, 45, 1, 0.883757, 1, 0.323997, 0.216047, 57, 0, 0, 0, 0, 0, 1
65, 201, 553, 15313962, 5, 295, 210, 10, 178, 276, 1, 0.957967, 1, 0.769256, 0.751661, 57, 0, 0, 0, 0, 0, 0
276, 201, 662, 15313962, 5, 324, 67, 210, 107, 295, 0.241746, 1, 1, 0.430679, 0.965473, 57, 1, 0, 0, 0, 0, 1
210, 201, 712, 15314549, 6, 324, 67, 107, 246, 10000000, 1, 1, 0.322989, 0.753788, 0, 57, 0, 0, 0, 0, 1, 1
295, 198, 729, 15314550, 6, 136, 271, 324, 67, 246, 0.537304, 0.647297, 1, 0.862391, 1, 57, 0, 0, 0, 0, 0, 0
67, 201, 764, 15314550, 6, 10000000, 10000000, 10000000, 10000000, 10000000, 0, 0, 0, 0, 0, 57, 1, 1, 1, 1, 1, 0
67, 201, 764, 15323137, 7, 10000000, 10000000, 10000000, 10000000, 10000000, 0, 0, 0, 0, 0, 57, 1, 1, 1, 1, 1, 0
324, 201, 833, 15323137, 7, 136, 271, 3, 10000000, 10000000, 0.751532, 0.862264, 0.42969, 0, 0, 57, 0, 0, 0, 1, 1, 1
238, 118, 201, 16299999, 1, 71, 159, 313, 368, 249, 0.960443, 0.863056, 0.972429, 1, 0.860943, 171, 0, 0, 0, 0, 0, 0
71, 255, 201, 16300200, 2, 314, 356, 122, 27, 310, 1, 0.97132, 0.888735, 1, 1, 171, 0, 1, 0, 0, 0, 1
310, 353, 201, 16300787, 3, 117, 244, 122, 88, 118, 0.97099, 1, 1, 0.860864, 0.861073, 171, 0, 0, 0, 0, 0, 0
27, 371, 198, 16300787, 3, 122, 239, 117, 49, 314, 1, 0.878021, 0.845759, 1, 0.962421, 171, 0, 0, 0, 0, 0, 1
49, 442, 201, 16313375, 4, 285, 380, 88, 312, 287, 0.215716, 1, 0.967162, 1, 0.861038, 171, 1, 0, 0, 0, 0, 0
314, 450, 198, 16313375, 4, 88, 117, 239, 244, 312, 1, 1, 0.963502, 1, 0.723913, 171, 0, 0, 0, 0, 0, 0
122, 468, 201, 16313375, 4, 380, 88, 287, 312, 86, 1, 1, 0.861038, 1, 0.824782, 171, 0, 0, 0, 0, 0, 1
239, 521, 201, 16313375, 4, 102, 137, 86, 287, 380, 0.967307, 0.967995, 1, 0.861038, 1, 171, 0, 0, 0, 0, 0, 0
312, 552, 201, 16313962, 5, 232, 359, 350, 319, 137, 0.215595, 0.241967, 0.463673, 0.241714, 1, 171, 1, 1, 1, 1, 0, 0
380, 579, 201, 16313962, 5, 290, 114, 350, 359, 345, 0.910988, 0.860486, 0.604568, 0.434309, 1, 171, 0, 0, 1, 1, 0, 1
88, 580, 198, 16313962, 5, 350, 47, 213, 137, 86, 1, 1, 0.913303, 0.860385, 1, 171, 0, 0, 0, 0, 0, 0
86, 632, 201, 16313962, 5, 350, 385, 389, 232, 345, 0.966882, 0.96684, 0.859666, 0.323393, 1, 171, 1, 1, 1, 1, 0, 0
350, 779, 201, 16314550, 6, 126, 58, 250, 40, 319, 1, 0.859423, 1, 1, 1, 171, 0, 0, 0, 0, 0, 1
319, 801, 246, 16323137, 7, 58, 126, 87, 250, 187, 1, 0.965753, 0.774205, 1, 1, 171, 0, 0, 0, 0, 0, 0
40, 798, 248, 16323137, 7, 58, 126, 250, 187, 367, 0.965959, 1, 0.966656, 1, 0.430326, 171, 0, 0, 0, 0, 1, 1
187, 798, 275, 16335724, 8, 58, 126, 398, 367, 87, 1, 1, 0.750051, 0.644617, 0.599938, 171, 0, 0, 1, 1, 0, 0
250, 801, 285, 16335724, 8, 58, 126, 10000000, 10000000, 10000000, 1, 1, 0, 0, 0, 171, 0, 0, 1, 1, 1, 0
126, 801, 332, 16335724, 8, 398, 87, 146, 58, 111, 1, 0.866145, 0.752204, 1, 0.462753, 171, 1, 0, 0, 0, 0, 0
58, 801, 381, 16335724, 8, 280, 87, 398, 367, 111, 1, 1, 1, 1, 0.536088, 171, 0, 0, 1, 0, 0, 1
398, 787, 401, 16336311, 9, 111, 146, 87, 280, 334, 0.964898, 0.859282, 0.839854, 0.601452, 0.107477, 171, 0, 0, 0, 0, 1, 0
367, 780, 401, 16336311, 9, 111, 87, 146, 280, 371, 0.964898, 1, 0.751872, 0.536805, 0.136362, 171, 0, 0, 0, 0, 1, 0
87, 798, 442, 16336312, 9, 371, 37, 334, 111, 280, 0.968651, 0.873472, 0.85982, 1, 1, 171, 0, 0, 0, 0, 0, 0
280, 798, 511, 16336312, 9, 261, 334, 371, 377, 131, 1, 1, 1, 0.964816, 0.752149, 171, 0, 0, 0, 1, 0, 1
111, 801, 543, 16336312, 9, 171, 261, 334, 37, 371, 1, 1, 0.967297, 0.873472, 0.861023, 171, 0, 0, 0, 0, 0, 0
371, 801, 621, 16336899, 10, 261, 131, 171, 297, 37, 1, 1, 0.858458, 0.927057, 1, 171, 0, 0, 0, 0, 0, 0
334, 801, 648, 16336899, 10, 261, 171, 131, 297, 10000000, 1, 0.965765, 1, 1, 0, 171, 0, 0, 0, 0, 1, 0
261, 801, 688, 16336899, 10, 10000000, 10000000, 10000000, 10000000, 10000000, 0, 0, 0, 0, 0, 171, 1, 1, 1, 1, 1, 0
261, 801, 688, 16341486, 11, 10000000, 10000000, 10000000, 10000000, 10000000, 0, 0, 0, 0, 0, 171, 1, 1, 1, 1, 1, 0
131, 801, 712, 16341486, 11, 171, 261, 10000000, 10000000, 10000000, 1, 1, 0, 0, 0, 171, 0, 0, 1, 1, 1, 0
297, 798, 713, 16341486, 11, 171, 261, 131, 10000000, 10000000, 1, 0.857004, 0.859121, 0, 0, 171, 0, 0, 0, 1, 1, 0
87, 798, 442, 16348899, 10, 371, 37, 334, 111, 280, 0.967341, 0.868696, 0.858658, 1, 1, 171, 0, 0, 0, 0, 0, 0
261, 801, 688, 16350073, 12, 10000000, 10000000, 10000000, 10000000, 10000000, 0, 0, 0, 0, 0, 171, 1, 1, 1, 1, 1, 0
280, 798, 511, 16353486, 11, 261, 334, 371, 377, 131, 1, 1, 1, 0.963042, 0.750764, 171, 0, 0, 0, 1, 0, 0
111, 801, 543, 16353486, 11, 261, 171, 334, 37, 371, 1, 1, 0.965515, 0.866969, 0.859435, 171, 0, 0, 0, 0, 0, 0
371, 801, 621, 16353486, 11, 261, 131, 171, 297, 37, 1, 1, 0.856933, 0.923507, 1, 171, 0, 0, 0, 0, 0, 0
37, 798, 647, 16354073, 12, 261, 171, 131, 297, 10000000, 1, 1, 1, 1, 0, 171, 0, 0, 0, 0, 1, 0
261, 801, 688, 16354073, 12, 10000000, 10000000, 10000000, 10000000, 10000000, 0, 0, 0, 0, 0, 171, 1, 1, 1, 1, 1, 0
131, 801, 712, 16354073, 12, 261, 171, 297, 10000000, 10000000, 1, 1, 1, 0, 0, 171, 0, 0, 0, 1, 1, 0
297, 798, 713, 16354073, 12, 171, 261, 131, 10000000, 10000000, 1, 0.855849, 0.857962, 0, 0, 171, 0, 0, 0, 1, 1, 0
297, 798, 713, 16358660, 13, 171, 261, 131, 10000000, 10000000, 1, 0.85543, 0.85754, 0, 0, 171, 0, 0, 0, 1, 1, 0
261, 801, 688, 16358661, 13, 10000000, 10000000, 10000000, 10000000, 10000000, 0, 0, 0, 0, 0, 171, 1, 1, 1, 1, 1, 0
131, 801, 712, 16367247, 14, 261, 171, 297, 10000000, 10000000, 1, 1, 1, 0, 0, 171, 0, 0, 0, 1, 1, 0
261, 801, 688, 16367248, 14, 10000000, 10000000, 10000000, 10000000, 10000000, 0, 0, 0, 0, 0, 171, 1, 1, 1, 1, 1, 0
297, 798, 713, 16375834, 15, 171, 261, 131, 10000000, 10000000, 1, 0.853862, 0.855964, 0, 0, 171, 0, 0, 0, 1, 1, 0
261, 801, 688, 16375835, 15, 10000000, 10000000, 10000000, 10000000, 10000000, 0, 0, 0, 0, 0, 171, 1, 1, 1, 1, 1, 0
131, 801, 713, 16384422, 16, 261, 171, 297, 10000000, 10000000, 1, 1, 1, 0, 0, 171, 0, 0, 0, 1, 1, 0
261, 801, 688, 16384422, 16, 10000000, 10000000, 10000000, 10000000, 10000000, 0, 0, 0, 0, 0, 171, 1, 1, 1, 1, 1, 0
297, 798, 713, 16393009, 17, 171, 261, 131, 10000000, 10000000, 1, 0.852299, 0.854394, 0, 0, 171, 0, 0, 0, 1, 1, 0
261, 801, 689, 16393009, 17, 10000000, 10000000, 10000000, 10000000, 10000000, 0, 0, 0, 0, 0, 171, 1, 1, 1, 1, 1, 0
131, 801, 713, 16401596, 18, 261, 171, 297, 10000000, 10000000, 1, 1, 1, 0, 0, 171, 0, 0, 0, 1, 1, 0
261, 801, 689, 16401596, 18, 10000000, 10000000, 10000000, 10000000, 10000000, 0, 0, 0, 0, 0, 171, 1, 1, 1, 1, 1, 0
297, 798, 712, 16410183, 19, 171, 261, 131, 10000000, 10000000, 1, 0.850743, 0.85283, 0, 0, 171, 0, 0, 0, 1, 1, 0
261, 801, 689, 16410183, 19, 10000000, 10000000, 10000000, 10000000, 10000000, 0, 0, 0, 0, 0, 171, 1, 1, 1, 1, 1, 0
131, 801, 713, 16418770, 20, 261, 171, 297, 10000000, 10000000, 1, 1, 1, 0, 0, 171, 0, 0, 0, 1, 1, 0
261, 801, 689, 16418770, 20, 10000000, 10000000, 10000000, 10000000, 10000000, 0, 0, 0, 0, 0, 171, 1, 1, 1, 1, 1, 0
297, 798, 712, 16427357, 21, 171, 261, 131, 10000000, 10000000, 1, 0.849192, 0.851271, 0, 0, 171, 0, 0, 0, 1, 1, 0
261, 801, 689, 16427357, 21, 10000000, 10000000, 10000000, 10000000, 10000000, 0, 0, 0, 0, 0, 171, 1, 1, 1, 1, 1, 0
249, 201, 293, 17299999, 1, 222, 311, 399, 366, 23, 1, 0.954004, 0.972497, 1, 0.970013, 301, 0, 0, 1, 0, 0, 0
366, 198, 374, 17300200, 2, 299, 274, 222, 311, 399, 1, 0.860692, 1, 1, 1, 301, 0, 0, 0, 0, 1, 0
23, 201, 378, 17300200, 2, 205, 299, 222, 113, 363, 1, 1, 1, 1, 1, 301, 0, 0, 0, 0, 0, 0
399, 198, 387, 17300200, 2, 274, 299, 205, 311, 65, 0.968278, 1, 0.861164, 1, 0.7536, 301, 0, 0, 0, 0, 0, 1
311, 201, 452, 17308787, 3, 10, 65, 205, 299, 188, 1, 0.96802, 1, 1, 0.539215, 301, 1, 0, 0, 0, 0, 0
299, 201, 497, 17308787, 3, 10, 65, 205, 276, 188, 0.872544, 0.96802, 1, 0.410609, 0.323529, 301, 1, 0, 0, 0, 0, 1
205, 201, 541, 17313374, 4, 295, 178, 276, 10, 65, 1, 1, 0.797603, 0.936535, 1, 301, 0, 0, 0, 1, 0, 0
65, 201, 581, 17313374, 4, 20, 276, 295, 178, 210, 1, 0.967151, 0.880053, 0.909264, 0.752158, 301, 0, 0, 0, 0, 0, 0
10, 198, 610, 17313375, 4, 67, 210, 295, 276, 178, 1, 1, 1, 1, 1, 301, 0, 0, 0, 0, 0, 1
178, 198, 668, 17313962, 5, 67, 210, 324, 295, 276, 1, 1, 0.966457, 1, 1, 301, 0, 0, 0, 0, 0, 0
276, 201, 686, 17313962, 5, 67, 324, 210, 172, 107, 1, 0.318234, 1, 1, 0.215016, 301, 0, 1, 0, 0, 0, 0
295, 198, 706, 17313962, 5, 67, 324, 210, 59, 172, 0.967037, 1, 1, 1, 0.94698, 301, 0, 0, 0, 0, 0, 0
210, 201, 738, 17313962, 5, 67, 10000000, 10000000, 10000000, 10000000, 1, 0, 0, 0, 0, 301, 0, 1, 1, 1, 1, 1
67, 201, 786, 17318549, 6, 95, 10000000, 10000000, 10000000, 10000000, 1, 0, 0, 0, 0, 301, 0, 1, 1, 1, 1, 1
95, 221, 801, 17319136, 7, 33, 352, 3, 304, 136, 0.942639, 1, 1, 1, 1, 301, 0, 0, 0, 0, 0, 1
136, 332, 798, 17319724, 8, 257, 141, 33, 3, 352, 1, 1, 0.942535, 1, 1, 301, 0, 0, 0, 0, 0, 0
304, 341, 801, 17319724, 8, 82, 181, 141, 33, 384, 0.861878, 0.859597, 0.967573, 1, 0.637685, 301, 0, 0, 0, 0, 1, 0
352, 373, 801, 17319724, 8, 82, 181, 257, 141, 387, 0.969612, 1, 0.954782, 1, 0.781712, 301, 0, 0, 0, 0, 1, 1
3, 373, 798, 17319724, 8, 358, 257, 141, 33, 317, 1, 1, 1, 1, 0.761331, 301, 0, 0, 0, 0, 0, 0
141, 461, 801, 17324311, 9, 337, 387, 384, 82, 358, 1, 1, 1, 1, 1, 301, 0, 1, 1, 0, 0, 0
257, 497, 801, 17324311, 9, 240, 337, 387, 384, 82, 0.96803, 0.968074, 1, 1, 1, 301, 0, 0, 1, 1, 0, 0
181, 549, 798, 17324311, 9, 337, 240, 109, 387, 384, 1, 0.792498, 1, 1, 0.968184, 301, 0, 0, 0, 1, 1, 0
82, 578, 798, 17324311, 9, 240, 337, 194, 393, 109, 1, 0.959367, 0.752813, 1, 1, 301, 0, 0, 0, 1, 0, 1
393, 598, 787, 17324898, 10, 240, 337, 194, 6, 4, 1, 1, 0.645228, 0.429063, 1, 301, 0, 0, 0, 0, 0, 0
109, 598, 832, 17324899, 10, 4, 393, 360, 10000000, 10000000, 0.929866, 0.969205, 0.969392, 0, 0, 301, 0, 1, 0, 1, 1, 0
337, 656, 798, 17324899, 10, 194, 6, 240, 301, 10000000, 1, 0.858126, 1, 0.409778, 0, 301, 0, 0, 0, 0, 1, 0
240, 692, 798, 17324899, 10, 196, 6, 51, 194, 301, 1, 1, 0.767158, 1, 0.635836, 301, 0, 0, 0, 0, 0, 1
194, 740, 798, 17324899, 10, 51, 196, 301, 252, 6, 1, 1, 0.86186, 1, 1, 301, 0, 0, 0, 0, 0, 0
194, 740, 798, 17325486, 11, 51, 196, 301, 252, 6, 1, 1, 0.861805, 1, 1, 301, 0, 0, 0, 0, 0, 0
6, 780, 798, 17325486, 11, 51, 301, 196, 74, 223, 0.935367, 0.969531, 1, 1, 1, 301, 0, 0, 0, 0, 0, 0
51, 840, 801, 17325486, 11, 10000000, 10000000, 10000000, 10000000, 10000000, 0, 0, 0, 0, 0, 301, 1, 1, 1, 1, 1, 0
196, 864, 801, 17325486, 11, 51, 301, 10000000, 10000000, 10000000, 1, 0.969531, 0, 0, 0, 301, 0, 0, 1, 1, 1, 1
51, 840, 801, 17326073, 12, 10000000, 10000000, 10000000, 10000000, 10000000, 0, 0, 0, 0, 0, 301, 1, 1, 1, 1, 1, 0
74, 798, 827, 17330073, 12, 94, 10000000, 10000000, 10000000, 10000000, 1, 0, 0, 0, 0, 301, 0, 1, 1, 1, 1, 0
51, 840, 801, 17330073, 12, 10000000, 10000000, 10000000, 10000000, 10000000, 0, 0, 0, 0, 0, 301, 1, 1, 1, 1, 1, 0
196, 864, 801, 17330073, 12, 51, 301, 10000000, 10000000, 10000000, 1, 0.969052, 0, 0, 0, 301, 0, 0, 1, 1, 1, 0
223, 905, 798, 17330074, 12, 51, 301, 196, 252, 6, 1, 1, 1, 1, 0.85765, 301, 0, 0, 0, 0, 0, 0
4, 601, 781, 17337486, 11, 10000000, 10000000, 10000000, 10000000, 10000000, 0, 0, 0, 0, 0, 301, 1, 1, 1, 1, 1, 0
337, 656, 798, 17337486, 11, 194, 6, 240, 301, 10000000, 1, 0.856969, 1, 0.409075, 0, 301, 0, 0, 0, 0, 1, 0
51, 840, 801, 17338660, 13, 10000000, 10000000, 10000000, 10000000, 10000000, 0, 0, 0, 0, 0, 301, 1, 1, 1, 1, 1, 0
240, 692, 798, 17342073, 12, 196, 6, 51, 194, 301, 1, 1, 0.757182, 1, 0.634105, 301, 0, 0, 0, 0, 0, 0
194, 740, 798, 17342073, 12, 51, 196, 301, 252, 6, 1, 1, 0.860268, 1, 1, 301, 0, 0, 0, 0, 0, 0
6, 780, 798, 17342073, 12, 196, 51, 301, 74, 223, 1, 0.931753, 0.967802, 1, 1, 301, 0, 0, 0, 0, 0, 0
6, 780, 798, 17342660, 13, 196, 51, 301, 74, 223, 1, 0.931625, 0.967741, 1, 1, 301, 0, 0, 0, 0, 0, 0
51, 840, 801, 17342660, 13, 10000000, 10000000, 10000000, 10000000, 10000000, 0, 0, 0, 0, 0, 301, 1, 1, 1, 1, 1, 0
94, 801, 776, 17342660, 13, 10000000, 10000000, 10000000, 10000000, 10000000, 0, 0, 0, 0, 0, 301, 1, 1, 1, 1, 1, 0
196, 864, 801, 17342660, 13, 51, 301, 10000000, 10000000, 10000000, 1, 0.967741, 0, 0, 0, 301, 0, 0, 1, 1, 1, 0
252, 904, 801, 17342661, 13, 51, 196, 301, 223, 10000000, 1, 1, 0.860214, 1, 0, 301, 0, 0, 0, 0, 1, 0
51, 840, 801, 17347247, 14, 10000000, 10000000, 10000000, 10000000, 10000000, 0, 0, 0, 0, 0, 301, 1, 1, 1, 1, 1, 0
369, 32, -1, 18299999, 1, 365, 60, 8, 153, 160, 1, 1, 1, 1, 0.861084, 248, 0, 1, 0, 0, 0, 0
153, 149, -1, 18300200, 2, 266, 330, 149, 365, 60, 0.964462, 1, 1, 0.965999, 1, 248, 0, 0, 0, 0, 1, 1
60, 198, 8, 18312787, 3, 98, 123, 344, 368, 263, 1, 1, 1, 0.861318, 1, 248, 0, 0, 0, 0, 0, 0
149, 253, 1, 18312787, 3, 100, 7, 61, 170, 288, 1, 1, 0.696883, 1, 0.752091, 248, 1, 0, 0, 0, 0, 0
266, 304, -1, 18312787, 3, 200, 100, 61, 7, 170, 1, 1, 1, 1, 1, 248, 0, 1, 1, 0, 0, 1
170, 351, -1, 18313375, 4, 338, 373, 288, 100, 61, 1, 1, 0.942151, 1, 1, 248, 0, 0, 0, 1, 1, 0
7, 380, -1, 18313375, 4, 320, 338, 138, 288, 298, 1, 1, 1, 1, 1, 248, 0, 0, 0, 0, 0, 0
100, 398, 12, 18313375, 4, 48, 378, 158, 325, 254, 1, 1, 1, 1, 1, 248, 0, 0, 0, 0, 0, 1
61, 412, 1, 18313375, 4, 5, 100, 46, 156, 338, 1, 1, 0.612854, 1, 1, 248, 1, 1, 0, 0, 0, 0
254, 401, 116, 18317962, 5, 118, 116, 27, 48, 378, 0.874601, 1, 1, 1, 1, 248, 0, 0, 1, 0, 0, 0
325, 398, 121, 18317962, 5, 118, 224, 116, 48, 356, 0.969069, 1, 1, 1, 0.860493, 248, 0, 0, 0, 0, 1, 0
158, 401, 157, 18317962, 5, 224, 116, 48, 302, 378, 1, 1, 1, 0.436124, 0.967639, 248, 0, 0, 0, 0, 0, 0
48, 401, 182, 18317962, 5, 395, 302, 224, 116, 118, 1, 1, 1, 1, 0.646046, 248, 1, 0, 0, 0, 0, 1
116, 398, 232, 18318549, 6, 395, 388, 41, 300, 351, 1, 1, 1, 0.861723, 1, 248, 1, 1, 0, 0, 0, 0
224, 398, 281, 18318550, 6, 300, 349, 395, 388, 381, 0.969438, 0.970077, 1, 1, 0.968811, 248, 0, 0, 1, 1, 0, 0
302, 398, 316, 18318550, 6, 217, 300, 349, 115, 381, 1, 1, 1, 1, 1, 248, 0, 0, 0, 0, 0, 1
381, 401, 425, 18323137, 7, 104, 217, 300, 279, 349, 1, 1, 1, 0.858731, 1, 248, 0, 0, 0, 0, 0, 0
115, 398, 443, 18323137, 7, 104, 217, 300, 349, 154, 1, 1, 1, 1, 0.64412, 248, 0, 0, 0, 0, 0, 0
349, 401, 453, 18323137, 7, 108, 104, 217, 300, 279, 1, 1, 1, 1, 0.644048, 248, 0, 0, 0, 0, 0, 1
300, 401, 497, 18331724, 8, 108, 104, 217, 166, 24, 1, 1, 1, 0.323145, 0.214439, 248, 0, 0, 0, 0, 0, 0
217, 401, 529, 18331724, 8, 108, 104, 154, 16, 10000000, 1, 1, 0.410787, 0, 0, 248, 0, 0, 0, 1, 1, 0
104, 401, 561, 18331725, 8, 108, 154, 79, 16, 10000000, 1, 0.536272, 0.273337, 0, 0, 248, 0, 0, 0, 1, 1, 0
108, 398, 621, 18331725, 8, 79, 154, 304, 352, 292, 1, 1, 0.323048, 0.321851, 0.536732, 248, 0, 0, 1, 1, 0, 1
154, 401, 737, 18332312, 9, 289, 169, 52, 79, 292, 1, 1, 0.927761, 1, 0.536698, 248, 0, 0, 0, 0, 0, 0
79, 401, 787, 18332312, 9, 33, 292, 289, 169, 52, 1, 1, 1, 0.931577, 1, 248, 0, 0, 0, 0, 0, 1
33, 428, 801, 18332899, 10, 82, 387, 358, 181, 317, 1, 1, 1, 1, 1, 248, 0, 1, 0, 0, 0, 1
52, 398, 824, 18332899, 10, 292, 177, 289, 169, 31, 1, 1, 1, 1, 1, 248, 0, 0, 0, 0, 0, 0
169, 398, 857, 18332900, 10, 292, 177, 289, 364, 231, 1, 1, 1, 0.536071, 0.214444, 248, 0, 0, 0, 1, 1, 0
289, 398, 886, 18332900, 10, 364, 292, 327, 231, 177, 0.750499, 0.963446, 0.537215, 0.321666, 1, 248, 1, 0, 1, 0, 0, 0
292, 401, 901, 18332900, 10, 181, 10000000, 10000000, 10000000, 10000000, 0.322376, 0, 0, 0, 0, 248, 0, 1, 1, 1, 1, 1
317, 531, 801, 18333487, 11, 240, 337, 194, 4, 393, 1, 1, 0.85992, 1, 1, 248, 0, 0, 0, 1, 1, 0
181, 563, 798, 18333487, 11, 337, 109, 4, 393, 240, 1, 1, 1, 1, 0.683215, 248, 0, 0, 1, 1, 0, 0
358, 565, 801, 18333487, 11, 240, 337, 6, 194, 109, 1, 1, 0.753958, 0.75243, 1, 248, 0, 0, 0, 0, 0, 0
387, 587, 801, 18333487, 11, 194, 240, 337, 219, 112, 0.96741, 1, 1, 0.966144, 0.966004, 248, 0, 0, 0, 0, 0, 1
219, 598, 862, 18338074, 12, 253, 10000000, 10000000, 10000000, 10000000, 0.321997, 0, 0, 0, 0, 248, 0, 1, 1, 1, 1, 0
337, 668, 798, 18338074, 12, 51, 194, 6, 240, 301, 1, 1, 0.861241, 1, 0.359962, 248, 0, 0, 1, 0, 0, 0
240, 706, 798, 18338074, 12, 6, 196, 194, 51, 252, 1, 1, 1, 0.863302, 1, 248, 1, 0, 0, 0, 0, 1
112, 601, 971, 18338075, 12, 219, 240, 10000000, 10000000, 10000000, 1, 0.214743, 0, 0, 0, 248, 0, 1, 1, 1, 1, 0
194, 754, 798, 18342661, 13, 74, 51, 6, 196, 10000000, 1, 1, 1, 0.757594, 0, 248, 0, 0, 1, 0, 1, 0
6, 788, 798, 18342662, 13, 74, 248, 10000000, 10000000, 10000000, 1, 0.21424, 0, 0, 0, 248, 0, 1, 1, 1, 1, 1
51, 828, 801, 18342662, 13, 10000000, 10000000, 10000000, 10000000, 10000000, 0, 0, 0, 0, 0, 248, 1, 1, 1, 1, 1, 0
196, 852, 801, 18342662, 13, 51, 6, 10000000, 10000000, 10000000, 1, 1, 0, 0, 0, 248, 0, 1, 1, 1, 1, 0
252, 890, 801, 18342662, 13, 51, 6, 196, 194, 301, 1, 1, 1, 1, 0.959371, 248, 0, 1, 0, 0, 0, 0
74, 798, 813, 18343249, 14, 248, 133, 69, 10000000, 10000000, 1, 1, 1, 0, 0, 248, 0, 0, 0, 1, 1, 0
133, 801, 943, 18343836, 15, 248, 10000000, 10000000, 10000000, 10000000, 1, 0, 0, 0, 0, 248, 0, 1, 1, 1, 1, 0
7, 392, -1, 19299999, 1, 48, 378, 254, 320, 288, 1, 1, 1, 1, 1, 37, 1, 0, 0, 0, 0, 0
320, 401, 81, 19300200, 2, 48, 27, 158, 378, 254, 1, 1, 1, 1, 1, 37, 1, 1, 0, 0, 0, 0
254, 401, 131, 19300200, 2, 224, 116, 48, 27, 158, 1, 1, 1, 1, 1, 37, 0, 0, 1, 1, 0, 0
378, 398, 150, 19300200, 2, 27, 351, 118, 224, 116, 1, 1, 0.969923, 1, 0.968806, 37, 1, 0, 0, 0, 0, 1
27, 391, 198, 19304787, 3, 88, 118, 351, 244, 314, 1, 1, 1, 1, 1, 37, 1, 0, 0, 0, 0, 1
116, 398, 222, 19304787, 3, 395, 388, 41, 118, 351, 1, 0.971464, 0.97107, 1, 1, 37, 1, 1, 0, 0, 0, 0
314, 485, 198, 19305374, 4, 272, 213, 86, 91, 88, 1, 1, 1, 1, 1, 37, 0, 0, 1, 1, 1, 0
244, 518, 198, 19305375, 4, 272, 213, 47, 91, 88, 1, 1, 1, 1, 1, 37, 0, 0, 1, 1, 1, 0
351, 398, 341, 19305375, 4, 300, 395, 388, 45, 349, 0.968985, 1, 1, 1, 1, 37, 0, 1, 1, 1, 0, 0
118, 401, 363, 19305375, 4, 349, 300, 53, 388, 395, 1, 0.86132, 1, 1, 0.968459, 37, 0, 0, 1, 1, 1, 1
88, 593, 200, 19305375, 4, 114, 290, 44, 345, 287, 1, 1, 1, 1, 1, 37, 0, 0, 1, 0, 0, 1
290, 598, 275, 19305962, 5, 347, 85, 114, 130, 286, 0.972123, 0.971355, 1, 0.723601, 0.647501, 37, 0, 1, 0, 0, 0, 0
345, 712, 201, 19305962, 5, 102, 389, 385, 44, 40, 0.968883, 1, 1, 1, 0.431497, 37, 1, 1, 1, 1, 1, 0
287, 725, 198, 19305962, 5, 44, 192, 350, 102, 389, 1, 1, 1, 1, 1, 37, 1, 0, 0, 1, 1, 0
114, 601, 356, 19305962, 5, 332, 286, 347, 85, 130, 1, 0.971252, 1, 1, 0.877593, 37, 0, 0, 0, 1, 0, 1
44, 808, 201, 19305963, 5, 126, 250, 319, 187, 40, 1, 1, 1, 1, 0, 37, 0, 0, 0, 0, 1, 1
85, 598, 410, 19306550, 6, 96, 81, 179, 286, 332, 1, 1, 1, 1, 1, 37, 1, 1, 0, 0, 0, 0
130, 598, 438, 19306550, 6, 21, 179, 286, 332, 243, 1, 1, 1, 1, 1, 37, 1, 0, 0, 0, 0, 0
347, 601, 484, 19306550, 6, 90, 21, 19, 179, 96, 1, 1, 1, 1, 1, 37, 1, 1, 1, 0, 1, 0
332, 598, 513, 19306550, 6, 251, 90, 21, 19, 204, 1, 1, 1, 1, 1, 37, 0, 1, 1, 1, 0, 1
21, 601, 592, 19307137, 7, 84, 377, 128, 318, 273, 1, 1, 1, 1, 1, 37, 1, 0, 0, 0, 0, 0
90, 608, 601, 19307137, 7, 84, 377, 128, 318, 273, 0.971367, 1, 0.969132, 1, 1, 37, 0, 0, 0, 0, 0, 1
19, 599, 602, 19307137, 7, 377, 318, 273, 251, 128, 1, 1, 1, 1, 0.793279, 37, 0, 0, 0, 0, 0, 0
204, 598, 649, 19307137, 7, 90, 21, 19, 10000000, 10000000, 1, 1, 1, 0, 0, 37, 1, 1, 1, 1, 1, 0
53, 410, 401, 19309962, 5, 24, 166, 279, 339, 217, 0.970267, 1, 1, 1, 1, 37, 1, 0, 0, 0, 0, 1
388, 401, 412, 19309962, 5, 339, 279, 104, 217, 300, 1, 0.863312, 1, 1, 1, 37, 0, 0, 0, 0, 0, 0
395, 401, 412, 19309962, 5, 339, 279, 104, 217, 300, 1, 0.863312, 1, 1, 1, 37, 0, 0, 0, 0, 0, 0
273, 719, 598, 19311725, 8, 70, 84, 202, 377, 128, 1, 1, 1, 1, 1, 37, 1, 1, 0, 0, 0, 0
128, 753, 598, 19311725, 8, 37, 84, 371, 202, 70, 1, 1, 0.859767, 1, 0.796566, 37, 1, 1, 0, 0, 1, 1
40, 798, 210, 19314550, 6, 126, 250, 319, 58, 187, 1, 1, 1, 0.752294, 1, 37, 0, 0, 0, 0, 0, 0
187, 798, 234, 19314550, 6, 58, 126, 250, 319, 87, 1, 1, 1, 1, 0.645088, 37, 1, 0, 0, 0, 1, 0
319, 801, 285, 19314550, 6, 58, 126, 250, 87, 10000000, 0.967236, 0.970539, 1, 0.700434, 0, 37, 1, 0, 0, 1, 1, 0
250, 801, 329, 19314550, 6, 280, 146, 58, 87, 398, 1, 1, 1, 1, 1, 37, 0, 0, 0, 1, 1, 1
339, 494, 398, 19318549, 6, 85, 24, 81, 166, 279, 1, 0.96937, 0.904982, 1, 1, 37, 1, 1, 1, 0, 0, 0
279, 525, 398, 19318549, 6, 234, 81, 85, 124, 24, 1, 1, 1, 0.867434, 0.96937, 37, 0, 1, 1, 0, 1, 0
166, 550, 398, 19318549, 6, 130, 124, 81, 85, 24, 1, 1, 1, 1, 1, 37, 0, 0, 1, 1, 1, 0
24, 592, 398, 19318549, 6, 21, 19, 286, 87, 35, 1, 1, 1, 1, 1, 37, 1, 1, 0, 1, 1, 1
286, 601, 533, 19319137, 7, 90, 21, 19, 204, 236, 1, 1, 1, 1, 1, 37, 1, 1, 1, 0, 0, 0
58, 801, 426, 19319137, 7, 84, 280, 111, 146, 10000000, 1, 1, 0.604209, 0.684341, 0, 37, 1, 0, 0, 0, 1, 0
280, 798, 476, 19319137, 7, 84, 371, 111, 334, 37, 1, 0.966468, 1, 0.967657, 0.861115, 37, 1, 0, 0, 0, 0, 1
111, 801, 579, 19319725, 8, 37, 371, 171, 70, 84, 0.948204, 0.966407, 1, 1, 1, 37, 1, 0, 0, 1, 1, 0
84, 791, 598, 19320312, 9, 37, 371, 171, 70, 10000000, 1, 1, 1, 0.823157, 0, 37, 1, 0, 0, 1, 1, 0
70, 813, 601, 19320312, 9, 37, 10000000, 10000000, 10000000, 10000000, 1, 0, 0, 0, 0, 37, 1, 1, 1, 1, 1, 0
371, 801, 648, 19320312, 9, 37, 10000000, 10000000, 10000000, 10000000, 1, 0, 0, 0, 0, 37, 1, 1, 1, 1, 1, 0
202, 832, 601, 19320312, 9, 37, 70, 84, 10000000, 10000000, 1, 1, 0.940245, 0, 0, 37, 1, 1, 1, 1, 1, 0
70, 812, 601, 19324899, 10, 37, 10000000, 10000000, 10000000, 10000000, 1, 0, 0, 0, 0, 37, 1, 1, 1, 1, 1, 0
371, 801, 648, 19324899, 10, 37, 10000000, 10000000, 10000000, 10000000, 1, 0, 0, 0, 0, 37, 1, 1, 1, 1, 1, 0
171, 798, 652, 19324899, 10, 37, 371, 10000000, 10000000, 10000000, 1, 1, 0, 0, 0, 37, 1, 0, 1, 1, 1, 0
21, 601, 592, 19327724, 8, 84, 377, 128, 318, 273, 1, 1, 1, 1, 1, 37, 1, 0, 0, 0, 0, 0
90, 608, 601, 19327724, 8, 84, 377, 128, 318, 273, 0.969213, 1, 0.966989, 1, 1, 37, 0, 0, 0, 0, 0, 0
19, 599, 602, 19327724, 8, 377, 318, 273, 251, 143, 1, 1, 1, 1, 1, 37, 0, 0, 0, 0, 0, 0
204, 598, 649, 19327724, 8, 90, 21, 19, 10000000, 10000000, 1, 1, 1, 0, 0, 37, 1, 1, 1, 1, 1, 0
236, 598, 671, 19327724, 8, 19, 21, 90, 204, 10000000, 1, 0.909649, 1, 1, 0, 37, 1, 1, 1, 0, 1, 0
318, 718, 601, 19328312, 9, 70, 371, 84, 202, 377, 1, 0.965517, 1, 0.965472, 1, 37, 1, 0, 1, 0, 0, 0
273, 719, 598, 19328312, 9, 70, 84, 202, 377, 128, 1, 1, 1, 1, 1, 37, 1, 1, 0, 0, 0, 0
377, 754, 601, 19328312, 9, 37, 371, 70, 84, 202, 1, 1, 1, 1, 0.857974, 37, 1, 0, 1, 1, 0, 0
371, 801, 648, 19328312, 9, 37, 10000000, 10000000, 10000000, 10000000, 1, 0, 0, 0, 0, 37, 1, 1, 1, 1, 1, 0
171, 798, 652, 19328312, 9, 37, 371, 10000000, 10000000, 10000000, 1, 1, 0, 0, 0, 37, 1, 0, 1, 1, 1, 0
187, 798, 234, 19331137, 7, 58, 126, 250, 319, 87, 1, 1, 1, 1, 0.643939, 37, 1, 0, 0, 0, 1, 0
319, 801, 286, 19331137, 7, 58, 126, 250, 87, 10000000, 0.965515, 0.968806, 1, 0.697732, 0, 37, 1, 0, 0, 1, 1, 0
250, 801, 329, 19331137, 7, 280, 146, 58, 87, 398, 1, 1, 1, 1, 1, 37, 0, 0, 0, 1, 1, 0
398, 787, 401, 19335724, 8, 280, 111, 146, 58, 87, 1, 0.750997, 1, 1, 1, 37, 0, 0, 0, 0, 1, 0
87, 798, 409, 19335724, 8, 111, 280, 146, 371, 37, 1, 1, 1, 0.643167, 0.567201, 37, 0, 0, 0, 0, 0, 0
58, 801, 427, 19335724, 8, 84, 280, 111, 146, 10000000, 1, 1, 0.603, 0.682791, 0, 37, 1, 0, 0, 0, 1, 0
146, 798, 454, 19335724, 8, 371, 84, 111, 280, 377, 1, 1, 1, 1, 0.536946, 37, 0, 1, 0, 0, 1, 0
280, 798, 475, 19335724, 8, 84, 371, 111, 334, 37, 1, 0.96475, 1, 0.965934, 0.85958, 37, 1, 0, 0, 0, 0, 0
111, 801, 579, 19336312, 9, 37, 371, 171, 70, 84, 0.945231, 0.964689, 1, 1, 1, 37, 1, 0, 0, 1, 1, 0
377, 754, 601, 19340899, 10, 37, 371, 70, 84, 202, 1, 1, 1, 1, 0.856818, 37, 1, 0, 1, 1, 0, 0
84, 791, 598, 19340899, 10, 37, 371, 171, 70, 10000000, 1, 1, 1, 0.820839, 0, 37, 1, 0, 0, 1, 1, 0
70, 812, 601, 19340899, 10, 37, 10000000, 10000000, 10000000, 10000000, 1, 0, 0, 0, 0, 37, 1, 1, 1, 1, 1, 0
202, 832, 601, 19340899, 10, 37, 70, 84, 10000000, 10000000, 1, 1, 0.936619, 0, 0, 37, 1, 1, 1, 1, 1, 0
84, 791, 598, 19344899, 10, 37, 371, 171, 70, 10000000, 1, 1, 1, 0.82039, 0, 37, 1, 0, 0, 1, 1, 0
70, 812, 601, 19344899, 10, 37, 10000000, 10000000, 10000000, 10000000, 1, 0, 0, 0, 0, 37, 1, 1, 1, 1, 1, 0
371, 801, 648, 19344899, 10, 37, 10000000, 10000000, 10000000, 10000000, 1, 0, 0, 0, 0, 37, 1, 1, 1, 1, 1, 0
171, 798, 652, 19344899, 10, 37, 371, 10000000, 10000000, 10000000, 1, 1, 0, 0, 0, 37, 1, 0, 1, 1, 1, 0
371, 801, 648, 19353486, 11, 37, 10000000, 10000000, 10000000, 10000000, 1, 0, 0, 0, 0, 37, 1, 1, 1, 1, 1, 0
