source_id,source_x,source_y,time,hop,pri_1_id,pri_2_id,pri_3_id,pri_4_id,pri_5_id,pri_1_r,pri_2_r,pri_3_r,pri_4_r,pri_5_r,des_id,send_log
347, 8, -1, 10299999, 1, 405, 351, 29, 8, 449, 1, 1, 1, 1, 0.699175, 147, 1
8, 79, -1, 10300200, 2, 448, 425, 38, 436, 364, 1, 0.954645, 1, 0.754815, 0.754333, 147, 1
29, -1, 115, 10300200, 2, 32, 177, 288, 489, 419, 0.967828, 0.969213, 1, 1, 1, 147, 1
419, 1, 212, 10308818, 3, 56, 217, 64, 32, 177, 0.968282, 1, 0.950195, 0.966931, 1, 147, 0
489, 1, 212, 10308818, 3, 192, 56, 217, 32, 64, 1, 0.968282, 1, 1, 0.821904, 147, 0
288, 1, 219, 10308818, 3, 56, 32, 217, 369, 177, 0.860695, 0.966931, 0.969199, 0.64497, 1, 147, 0
177, 1, 247, 10308818, 3, 286, 32, 64, 175, 192, 0.752375, 1, 0.68492, 0.604849, 0.442123, 147, 0
32, 1, 281, 10308818, 3, 369, 175, 43, 64, 286, 1, 0.688099, 0.56565, 0.724429, 0.53741, 147, 1
64, -1, 319, 10309437, 4, 192, 43, 318, 369, 286, 1, 0.968646, 0.966934, 1, 1, 147, 0
175, -1, 355, 10309437, 4, 318, 43, 192, 222, 110, 1, 1, 0.968502, 0.85954, 0.753838, 147, 0
286, -1, 381, 10309437, 4, 222, 110, 318, 43, 192, 1, 0.861529, 1, 1, 1, 147, 0
369, -1, 387, 10309437, 4, 110, 222, 50, 318, 43, 0.96922, 1, 1, 1, 1, 147, 1
43, 1, 474, 10309437, 4, 272, 410, 361, 446, 349, 1, 0.949726, 0.947332, 0.703231, 0.644753, 147, 0
318, 14, 398, 10310055, 5, 333, 421, 357, 83, 110, 0.866725, 0.842582, 0.787859, 0.751896, 0.969156, 147, 0
222, 30, 398, 10310055, 5, 278, 357, 158, 467, 266, 1, 0.824768, 0.754018, 0.685718, 0.68762, 147, 0
110, 60, 398, 10310055, 5, 158, 357, 467, 403, 266, 1, 0.753659, 0.723173, 0.696982, 0.726107, 147, 1
43, 1, 474, 10310055, 5, 272, 410, 361, 446, 349, 1, 0.949614, 0.947221, 0.70313, 0.64471, 147, 0
158, 156, 401, 10310673, 6, 45, 189, 278, 206, 316, 0.967545, 1, 1, 1, 1, 147, 1
266, 179, 401, 10310673, 6, 438, 45, 189, 278, 65, 1, 0.967545, 0.966686, 1, 0.967572, 147, 0
357, 187, 401, 10310673, 6, 438, 45, 189, 113, 278, 1, 0.967545, 0.966686, 1, 1, 147, 0
467, 187, 401, 10310673, 6, 189, 45, 65, 278, 169, 0.966686, 0.86004, 0.967572, 0.968279, 0.608565, 147, 0
403, 201, 412, 10310673, 6, 189, 45, 278, 65, 206, 0.966686, 0.86004, 1, 0.860064, 1, 147, 0
316, 201, 419, 10311291, 7, 45, 189, 278, 65, 113, 0.859983, 0.85922, 1, 0.860007, 0.79316, 147, 0
278, 219, 398, 10311292, 7, 412, 45, 18, 189, 282, 0.883216, 0.967481, 0.755125, 1, 0.550418, 147, 0
206, 201, 446, 10311292, 7, 319, 280, 65, 45, 189, 1, 1, 1, 0.644987, 0.751817, 147, 0
189, 248, 398, 10311292, 7, 480, 356, 45, 18, 282, 0.962724, 0.755806, 0.967481, 0.755125, 0.550418, 147, 0
45, 283, 398, 10311292, 7, 167, 412, 480, 283, 360, 1, 0.938518, 0.919871, 0.870571, 0.756885, 147, 1
480, 401, 412, 10311910, 8, 24, 167, 115, 104, 283, 1, 1, 0.967397, 0.969803, 1, 147, 0
360, 412, 398, 10311910, 8, 24, 53, 167, 378, 306, 1, 0.793292, 1, 0.565976, 0.537803, 147, 0
412, 412, 398, 10311910, 8, 53, 24, 167, 368, 431, 0.95195, 1, 1, 0.608191, 0.603064, 147, 1
38, 108, 1, 10312818, 3, 7, 171, 270, 240, 449, 0.969124, 1, 1, 1, 1, 147, 0
364, 187, 1, 10312818, 3, 267, 7, 98, 413, 171, 1, 1, 1, 0.766036, 1, 147, 0
436, 187, 1, 10312818, 3, 365, 62, 98, 200, 7, 1, 1, 1, 0.825968, 0.969124, 147, 0
425, 201, 12, 10312818, 3, 7, 98, 60, 171, 124, 1, 1, 0.844985, 1, 1, 147, 0
448, 212, -1, 10312818, 3, 292, 62, 7, 171, 124, 0.913251, 1, 1, 1, 1, 147, 1
171, 248, -1, 10313436, 4, 258, 7, 62, 380, 341, 0.880241, 1, 0.752086, 0.644343, 0.548618, 147, 0
124, 201, 49, 10313436, 4, 200, 365, 98, 408, 253, 0.860835, 0.795737, 1, 0.46506, 0.43371, 147, 0
7, 280, -1, 10313436, 4, 292, 258, 380, 341, 413, 1, 0.93295, 0.821787, 0.754981, 0.702697, 147, 0
62, 318, 1, 10313437, 4, 157, 258, 466, 413, 341, 0.969173, 1, 1, 1, 1, 147, 1
167, 445, 398, 10316528, 9, 378, 24, 306, 145, 290, 0.822965, 1, 0.645044, 0.609944, 0.549582, 147, 0
24, 485, 398, 10316528, 9, 368, 378, 431, 53, 306, 1, 0.912284, 0.753522, 0.966863, 0.687461, 147, 0
53, 516, 401, 10316529, 9, 35, 121, 290, 368, 455, 0.969743, 1, 1, 1, 1, 147, 1
368, 601, 412, 10316529, 9, 35, 21, 121, 180, 85, 0.969743, 1, 1, 1, 0.686092, 147, 0
455, 587, 401, 10317147, 10, 35, 21, 121, 180, 81, 1, 1, 1, 1, 0.697091, 147, 0
368, 601, 412, 10317147, 10, 35, 21, 121, 180, 85, 0.969678, 1, 1, 1, 0.686033, 147, 0
35, 683, 398, 10317147, 10, 407, 287, 81, 125, 239, 0.937135, 0.882017, 1, 0.792938, 0.751801, 147, 1
81, 718, 401, 10317765, 11, 469, 407, 328, 239, 111, 1, 1, 1, 1, 0.753368, 147, 0
125, 757, 401, 10317765, 11, 111, 469, 328, 239, 407, 0.968616, 1, 1, 1, 0.968937, 147, 0
239, 780, 401, 10317765, 11, 111, 87, 355, 147, 265, 1, 0.635682, 0.468038, 0.322693, 0.317296, 147, 0
407, 787, 401, 10317765, 11, 111, 284, 87, 147, 382, 1, 0.602619, 0.549313, 0.377047, 0.241361, 147, 1
287, 819, 398, 10317766, 11, 111, 469, 407, 328, 239, 0.860992, 1, 1, 1, 1, 147, 0
341, 401, 12, 10318055, 5, 100, 139, 48, 5, 157, 0.948873, 0.754658, 0.968344, 0.862233, 1, 147, 0
413, 401, 12, 10318055, 5, 100, 139, 5, 48, 157, 0.962877, 0.725203, 0.970012, 0.753156, 1, 147, 0
466, 401, 12, 10318055, 5, 346, 5, 48, 157, 465, 1, 0.970012, 0.86075, 1, 0.538257, 147, 0
157, 447, -1, 10318055, 5, 105, 61, 5, 359, 295, 1, 1, 1, 0.686963, 0.607785, 147, 1
111, 801, 467, 10318384, 12, 147, 355, 265, 284, 87, 0.96188, 1, 1, 0.752628, 0.686583, 147, 1
87, 798, 518, 10318384, 12, 147, 284, 382, 10000000, 10000000, 1, 1, 1, 0, 0, 147, 0
5, 488, -1, 10318673, 6, 321, 423, 359, 374, 61, 1, 1, 0.95704, 0.752499, 1, 147, 0
61, 515, 1, 10318673, 6, 295, 105, 432, 374, 221, 1, 0.968202, 1, 1, 1, 147, 0
359, 587, 1, 10318673, 6, 289, 184, 12, 91, 156, 1, 1, 1, 1, 1, 147, 0
87, 798, 518, 10319002, 13, 147, 284, 382, 10000000, 10000000, 1, 1, 1, 0, 0, 147, 0
284, 798, 580, 10319002, 13, 147, 10000000, 10000000, 10000000, 10000000, 1, 0, 0, 0, 0, 147, 0
265, 801, 621, 10319002, 13, 147, 284, 382, 87, 375, 0.967949, 1, 1, 0.968805, 1, 147, 0
449, 201, 12, 10321436, 4, 7, 98, 60, 171, 124, 1, 1, 0.844107, 1, 1, 147, 0
270, 219, -1, 10321436, 4, 341, 292, 7, 62, 150, 0.876371, 0.872277, 1, 0.858789, 0.721306, 147, 0
171, 248, -1, 10321436, 4, 258, 7, 62, 380, 341, 0.877153, 1, 0.751441, 0.64379, 0.548016, 147, 0
432, 601, 12, 10323291, 7, 91, 289, 384, 156, 12, 1, 0.750996, 0.699791, 1, 0.723431, 147, 0
221, 634, -1, 10323292, 7, 397, 352, 46, 91, 440, 0.862483, 0.862708, 0.842804, 0.752915, 0.751175, 147, 0
105, 674, -1, 10323292, 7, 336, 208, 440, 463, 397, 1, 1, 0.858486, 0.79589, 0.754672, 147, 0
65, 201, 486, 10323910, 8, 280, 45, 319, 223, 113, 0.933819, 0.536761, 0.643858, 0.86145, 0.539102, 147, 0
7, 280, -1, 10326054, 5, 292, 258, 380, 341, 413, 1, 0.930213, 0.82037, 0.753187, 0.700626, 147, 0
62, 318, 1, 10326055, 5, 157, 258, 466, 413, 341, 0.967857, 1, 1, 1, 1, 147, 0
380, 387, 1, 10326055, 5, 418, 61, 100, 5, 48, 0.873382, 0.926517, 0.823644, 0.969177, 0.86001, 147, 0
341, 401, 12, 10326055, 5, 100, 139, 48, 5, 157, 0.947434, 0.754007, 0.967511, 0.86149, 1, 147, 0
272, -1, 579, 10326673, 6, 34, 135, 263, 488, 446, 0.85888, 0.966097, 1, 1, 1, 147, 0
410, -1, 587, 10326673, 6, 34, 135, 263, 488, 446, 1, 1, 1, 1, 1, 147, 0
349, 1, 612, 10326674, 6, 135, 34, 263, 488, 446, 1, 0.858879, 1, 1, 1, 147, 0
446, 1, 612, 10326674, 6, 135, 34, 263, 488, 414, 1, 0.858879, 1, 1, 1, 147, 0
263, 19, 598, 10327292, 7, 280, 34, 190, 135, 103, 0.759855, 1, 0.684088, 1, 0.646532, 147, 0
446, 1, 612, 10327292, 7, 135, 34, 263, 488, 414, 1, 0.858822, 1, 1, 1, 147, 0
488, 1, 612, 10327292, 7, 135, 34, 263, 446, 414, 1, 0.858822, 1, 1, 1, 147, 0
375, 812, 598, 10327620, 14, 147, 87, 284, 382, 10000000, 0.967053, 0.860362, 1, 0.966997, 0, 147, 0
382, 798, 587, 10327620, 14, 147, 284, 10000000, 10000000, 10000000, 1, 1, 0, 0, 0, 147, 0
284, 798, 580, 10327620, 14, 147, 10000000, 10000000, 10000000, 10000000, 1, 0, 0, 0, 0, 147, 0
87, 798, 518, 10327621, 14, 147, 284, 382, 10000000, 10000000, 1, 1, 1, 0, 0, 147, 0
208, 754, 1, 10327910, 8, 373, 210, 237, 482, 463, 0.323334, 0.322439, 0.274121, 1, 1, 147, 0
336, 787, 1, 10327910, 8, 237, 210, 340, 75, 254, 0.685303, 0.549512, 0.430931, 0.430219, 0.305014, 147, 0
397, 787, 1, 10327910, 8, 254, 75, 373, 210, 237, 0.875977, 0.601325, 0.431112, 0.412134, 0.360454, 147, 0
440, 787, 1, 10327910, 8, 75, 210, 237, 10000000, 10000000, 0.753353, 0.549512, 0.23173, 0, 0, 147, 0
463, 787, 1, 10327910, 8, 210, 75, 373, 237, 429, 0.755027, 0.696088, 0.431112, 0.411182, 0.215334, 147, 0
210, 798, 155, 10328529, 9, 58, 40, 127, 254, 457, 1, 0.910249, 1, 1, 1, 147, 0
237, 798, 178, 10328529, 9, 40, 58, 127, 254, 457, 0.92723, 0.968981, 1, 1, 1, 147, 0
457, 801, 212, 10329147, 10, 40, 58, 127, 188, 254, 0.945105, 1, 1, 0.438643, 1, 147, 0
254, 801, 219, 10329147, 10, 58, 111, 40, 127, 188, 1, 0.60124, 0.695323, 1, 0.15828, 147, 0
127, 801, 246, 10329147, 10, 40, 58, 188, 111, 10000000, 1, 1, 0.699309, 0.273739, 0, 147, 0
58, 801, 289, 10329147, 10, 188, 40, 111, 10000000, 10000000, 0.723594, 0.844998, 0.56342, 0, 0, 147, 0
40, 798, 322, 10329147, 10, 111, 407, 328, 387, 469, 0.967431, 0.967751, 0.967205, 0.968964, 0.861506, 147, 0
180, 601, 445, 10329765, 11, 21, 85, 131, 464, 430, 1, 0.840508, 0.536787, 0.480468, 0.361285, 147, 0
121, 643, 398, 10329765, 11, 387, 328, 469, 81, 35, 1, 0.796098, 0.79548, 0.843518, 1, 147, 0
21, 601, 488, 10329765, 11, 131, 353, 464, 85, 248, 0.790539, 0.841685, 0.840818, 0.858676, 0.750433, 147, 0
85, 598, 515, 10329765, 11, 277, 131, 381, 248, 129, 0.861282, 1, 0.64562, 0.964843, 0.537825, 147, 0
111, 801, 467, 10329766, 11, 147, 355, 265, 284, 87, 0.960378, 1, 1, 0.75102, 0.685511, 147, 0
98, 201, 76, 10330054, 5, 253, 200, 365, 133, 408, 0.94018, 0.927599, 0.82344, 0.75091, 0.694904, 147, 0
200, 198, 153, 10330055, 5, 406, 23, 133, 253, 408, 0.870881, 0.965251, 1, 1, 1, 147, 0
408, 201, 212, 10330055, 5, 458, 27, 23, 234, 160, 0.94374, 0.96573, 0.965251, 0.794072, 1, 147, 0
253, 201, 218, 10330055, 5, 481, 403, 194, 23, 316, 1, 1, 1, 0.965251, 0.759959, 147, 0
87, 798, 518, 10330384, 12, 147, 284, 382, 10000000, 10000000, 1, 1, 1, 0, 0, 147, 0
284, 798, 580, 10330384, 12, 147, 10000000, 10000000, 10000000, 10000000, 1, 0, 0, 0, 0, 147, 0
355, 801, 612, 10330384, 12, 147, 284, 382, 87, 375, 0.966766, 1, 1, 1, 1, 147, 0
380, 387, 1, 10330673, 6, 418, 61, 100, 5, 48, 0.871624, 0.925527, 0.823122, 0.968695, 0.859583, 147, 0
341, 401, 12, 10330673, 6, 100, 139, 48, 5, 157, 0.946606, 0.753632, 0.967031, 0.861062, 1, 147, 0
413, 401, 12, 10330673, 6, 100, 139, 5, 48, 157, 0.961417, 0.724099, 0.968695, 0.752135, 1, 147, 0
292, 420, -1, 10330673, 6, 374, 5, 48, 157, 159, 1, 0.968695, 0.859583, 1, 0.968653, 147, 0
408, 201, 212, 10330673, 6, 458, 27, 23, 234, 160, 0.943629, 0.965666, 0.965187, 0.793994, 1, 147, 0
253, 201, 218, 10330673, 6, 481, 403, 194, 23, 316, 1, 1, 1, 0.965187, 0.759603, 147, 0
133, 201, 245, 10330673, 6, 458, 486, 481, 23, 194, 0.840895, 0.752107, 0.69422, 0.965187, 0.646301, 147, 0
23, 201, 285, 10330673, 6, 234, 333, 403, 481, 206, 1, 0.911781, 0.906978, 0.900841, 0.770869, 147, 0
157, 447, -1, 10331291, 7, 105, 61, 5, 359, 295, 1, 1, 1, 0.685716, 0.60535, 147, 0
5, 488, -1, 10331291, 7, 321, 423, 359, 374, 61, 1, 1, 0.955118, 0.750717, 1, 147, 0
113, 198, 531, 10332528, 9, 107, 319, 280, 223, 10000000, 0.536286, 0.964895, 1, 1, 0, 147, 0
223, 198, 564, 10332528, 9, 107, 10000000, 10000000, 10000000, 10000000, 0.7508, 0, 0, 0, 0, 147, 0
319, 198, 584, 10332528, 9, 107, 280, 223, 113, 10000000, 0.965314, 1, 1, 1, 0, 147, 0
280, 201, 618, 10332528, 9, 107, 10000000, 10000000, 10000000, 10000000, 0.858057, 0, 0, 0, 0, 147, 0
85, 598, 515, 10334383, 12, 277, 131, 381, 248, 129, 0.860854, 1, 0.645299, 0.964365, 0.537558, 147, 0
131, 598, 552, 10334383, 12, 277, 381, 129, 84, 10000000, 0.968461, 0.967948, 0.64507, 0.537086, 0, 147, 0
248, 598, 580, 10334383, 12, 277, 129, 84, 381, 131, 1, 0.860093, 0.75192, 0.967948, 1, 147, 0
353, 598, 587, 10334383, 12, 129, 277, 84, 381, 131, 0.967604, 1, 0.75192, 1, 1, 147, 0
381, 612, 598, 10335001, 13, 84, 144, 90, 129, 265, 0.966691, 0.722098, 0.721369, 0.96754, 0.546134, 147, 0
375, 812, 598, 10335002, 13, 147, 87, 284, 382, 10000000, 0.966286, 0.85968, 1, 0.966231, 0, 147, 0
382, 798, 587, 10335002, 13, 147, 284, 10000000, 10000000, 10000000, 1, 1, 0, 0, 0, 147, 0
284, 798, 580, 10335002, 13, 147, 10000000, 10000000, 10000000, 10000000, 1, 0, 0, 0, 0, 147, 0
87, 798, 518, 10335002, 13, 147, 284, 382, 10000000, 10000000, 1, 1, 1, 0, 0, 147, 0
234, 198, 378, 10335291, 7, 45, 278, 189, 206, 316, 0.85777, 1, 0.857011, 0.968742, 1, 147, 0
333, 201, 412, 10335292, 7, 189, 45, 278, 65, 113, 0.964137, 0.85777, 1, 0.965018, 0.906267, 147, 0
403, 201, 412, 10335292, 7, 189, 45, 278, 65, 206, 0.964137, 0.85777, 1, 0.857794, 1, 147, 0
481, 201, 412, 10335292, 7, 189, 45, 278, 65, 206, 0.964137, 0.85777, 1, 0.965018, 0.968742, 147, 0
206, 201, 447, 10335292, 7, 319, 280, 65, 45, 189, 1, 1, 1, 0.643327, 0.749884, 147, 0
284, 798, 580, 10335620, 14, 147, 10000000, 10000000, 10000000, 10000000, 1, 0, 0, 0, 0, 147, 0
382, 798, 587, 10335620, 14, 147, 284, 10000000, 10000000, 10000000, 1, 1, 0, 0, 0, 147, 0
61, 514, 1, 10335909, 8, 295, 105, 432, 374, 221, 1, 0.96641, 1, 1, 1, 147, 0
359, 587, 1, 10335909, 8, 289, 184, 12, 91, 156, 1, 1, 1, 1, 1, 147, 0
423, 587, 1, 10335909, 8, 184, 91, 352, 156, 12, 1, 1, 1, 0.966211, 0.75161, 147, 0
374, 601, 12, 10335909, 8, 91, 12, 384, 156, 289, 1, 0.858418, 0.6427, 0.966211, 0.535701, 147, 0
321, 614, -1, 10335910, 8, 91, 156, 105, 46, 295, 0.966722, 0.966211, 0.96641, 0.841526, 1, 147, 0
278, 219, 398, 10335910, 8, 412, 45, 18, 189, 282, 0.873717, 0.964927, 0.753125, 1, 0.54856, 147, 0
316, 201, 419, 10335910, 8, 45, 189, 278, 65, 113, 0.857713, 0.856954, 1, 0.857737, 0.790075, 147, 0
135, 44, 598, 10335910, 8, 190, 103, 34, 280, 107, 0.859809, 0.861243, 1, 0.564493, 0.136568, 147, 0
206, 201, 447, 10335910, 8, 319, 280, 65, 45, 189, 1, 1, 1, 0.643285, 0.749835, 147, 0
34, 79, 598, 10335910, 8, 190, 280, 103, 107, 211, 0.947499, 0.698408, 0.645932, 0.214436, 0.107223, 147, 0
103, 110, 601, 10335910, 8, 107, 280, 190, 211, 319, 0.964964, 1, 1, 0.857787, 0.857373, 147, 0
190, 157, 601, 10335910, 8, 107, 280, 211, 223, 319, 1, 1, 1, 0.860339, 0.857373, 147, 0
284, 798, 580, 10336238, 15, 147, 10000000, 10000000, 10000000, 10000000, 1, 0, 0, 0, 0, 147, 0
295, 601, 19, 10336528, 9, 384, 91, 156, 12, 289, 0.821846, 1, 1, 0.635357, 0.535665, 147, 0
105, 674, -1, 10336528, 9, 336, 208, 440, 463, 397, 1, 1, 0.857269, 0.794217, 0.753597, 147, 0
46, 716, 1, 10336528, 9, 482, 463, 440, 397, 336, 1, 1, 1, 1, 1, 147, 0
35, 683, 398, 10338383, 12, 407, 81, 287, 125, 239, 0.932496, 1, 0.873833, 0.790276, 0.75009, 147, 0
81, 717, 401, 10338383, 12, 469, 407, 328, 239, 111, 1, 1, 1, 1, 0.7517, 147, 0
469, 787, 401, 10338383, 12, 87, 111, 411, 284, 147, 0.942199, 1, 0.770992, 0.535859, 0.411105, 147, 0
387, 812, 398, 10338384, 12, 111, 469, 407, 328, 239, 0.966472, 1, 1, 1, 1, 147, 0
328, 787, 401, 10339002, 13, 111, 87, 147, 355, 382, 1, 0.547715, 0.479751, 0.435429, 0.411289, 147, 0
407, 787, 401, 10339002, 13, 111, 284, 87, 147, 382, 1, 0.60108, 0.547715, 0.375543, 0.240744, 147, 0
469, 787, 401, 10339002, 13, 87, 111, 411, 284, 147, 0.942089, 1, 0.770624, 0.535824, 0.41107, 147, 0
239, 779, 401, 10339002, 13, 111, 87, 355, 147, 265, 1, 0.633543, 0.465723, 0.321957, 0.316231, 147, 0
129, 643, 598, 10339620, 14, 149, 355, 144, 84, 255, 1, 0.870624, 0.752772, 0.966211, 0.694768, 147, 0
84, 685, 598, 10339620, 14, 149, 255, 445, 144, 417, 1, 0.818989, 0.752612, 0.721697, 0.684615, 147, 0
90, 712, 601, 10339620, 14, 339, 255, 375, 445, 471, 1, 1, 0.966076, 0.967644, 0.964649, 147, 0
144, 754, 601, 10340238, 15, 382, 284, 471, 417, 375, 1, 0.961585, 1, 1, 0.966012, 147, 0
255, 780, 601, 10340238, 15, 284, 87, 147, 382, 375, 1, 0.859196, 0.858439, 0.962831, 1, 147, 0
417, 787, 601, 10340238, 15, 147, 284, 87, 382, 375, 0.965744, 1, 1, 0.962831, 0.966012, 147, 0
149, 841, 598, 10340238, 15, 284, 382, 375, 471, 339, 0.964355, 0.965688, 1, 1, 1, 147, 0
189, 248, 398, 10340528, 9, 480, 356, 45, 18, 282, 0.958869, 0.753428, 0.96445, 0.752751, 0.548212, 147, 0
45, 283, 398, 10340528, 9, 167, 412, 480, 283, 360, 1, 0.932124, 0.911698, 0.859631, 0.75272, 147, 0
103, 110, 601, 10340528, 9, 107, 280, 190, 211, 319, 0.964487, 1, 1, 0.857362, 0.856949, 147, 0
18, 312, 401, 10340528, 9, 24, 167, 443, 360, 317, 0.968642, 0.964632, 1, 1, 1, 147, 0
190, 157, 601, 10340528, 9, 107, 280, 211, 223, 319, 1, 1, 1, 0.859911, 0.856949, 147, 0
282, 379, 401, 10340528, 9, 53, 368, 24, 167, 104, 0.923436, 0.774559, 0.968642, 1, 1, 147, 0
280, 201, 618, 10341146, 10, 107, 10000000, 10000000, 10000000, 10000000, 0.857265, 0, 0, 0, 0, 147, 0
211, 201, 646, 10341146, 10, 107, 319, 280, 223, 113, 0.723627, 1, 1, 1, 0.968584, 147, 0
107, 273, 598, 10341146, 10, 312, 183, 20, 96, 163, 0.86816, 0.860177, 0.793, 0.376497, 0.321221, 147, 0
20, 312, 601, 10341765, 11, 96, 163, 312, 155, 183, 0.965409, 1, 1, 0.8606, 1, 147, 0
183, 356, 601, 10341765, 11, 310, 96, 163, 312, 155, 1, 1, 1, 1, 0.968175, 147, 0
312, 419, 598, 10341765, 11, 96, 174, 163, 16, 310, 1, 0.720948, 1, 0.64444, 0.535306, 147, 0
163, 448, 598, 10342383, 12, 16, 96, 174, 277, 310, 0.840925, 1, 0.644698, 0.31629, 0.321162, 147, 0
96, 484, 598, 10342383, 12, 84, 277, 304, 381, 174, 1, 1, 0.89887, 0.859659, 0.967047, 147, 0
16, 509, 601, 10342383, 12, 84, 129, 277, 381, 464, 0.965925, 0.966773, 1, 1, 1, 147, 0
174, 553, 601, 10342383, 12, 84, 129, 277, 381, 430, 0.965925, 0.966773, 1, 1, 1, 147, 0
310, 579, 601, 10342383, 12, 144, 90, 84, 129, 277, 1, 1, 0.965925, 1, 1, 147, 0
174, 553, 601, 10343001, 13, 84, 129, 277, 381, 430, 0.965861, 0.966709, 1, 1, 1, 147, 0
381, 612, 598, 10343002, 13, 84, 144, 90, 129, 265, 0.965861, 0.721403, 0.720676, 0.966708, 0.545538, 147, 0
277, 620, 598, 10343002, 13, 84, 255, 411, 90, 144, 0.965861, 0.644269, 0.631188, 0.682575, 0.601169, 147, 0
111, 801, 468, 10343620, 14, 147, 355, 265, 284, 87, 0.958556, 1, 1, 0.749071, 0.684212, 147, 0
284, 798, 580, 10343620, 14, 147, 10000000, 10000000, 10000000, 10000000, 1, 0, 0, 0, 0, 147, 0
208, 754, 1, 10345146, 10, 373, 210, 237, 482, 463, 0.322734, 0.321842, 0.273475, 1, 1, 147, 0
336, 787, 1, 10345146, 10, 237, 210, 340, 75, 254, 0.683688, 0.548214, 0.427754, 0.429423, 0.303418, 147, 0
397, 787, 1, 10345146, 10, 254, 75, 373, 210, 237, 0.869413, 0.600082, 0.430313, 0.41116, 0.359709, 147, 0
440, 787, 1, 10345146, 10, 75, 210, 237, 10000000, 10000000, 0.750915, 0.548214, 0.230808, 0, 0, 147, 0
463, 787, 1, 10345146, 10, 210, 75, 373, 237, 429, 0.752578, 0.693315, 0.430313, 0.410213, 0.214936, 147, 0
360, 412, 398, 10345146, 10, 24, 53, 167, 378, 306, 1, 0.789131, 1, 0.562449, 0.535888, 147, 0
412, 412, 398, 10345146, 10, 53, 24, 167, 368, 431, 0.946957, 1, 1, 0.602106, 0.600656, 147, 0
283, 419, 398, 10345146, 10, 53, 24, 167, 431, 306, 1, 1, 1, 0.480525, 0.480055, 147, 0
75, 798, 117, 10345764, 11, 58, 127, 254, 429, 340, 1, 1, 1, 1, 1, 147, 0
84, 685, 598, 10347620, 14, 149, 255, 445, 144, 417, 1, 0.818096, 0.751965, 0.721003, 0.683866, 147, 0
90, 712, 601, 10347620, 14, 339, 255, 375, 445, 471, 1, 1, 0.965247, 0.966812, 0.963822, 147, 0
87, 798, 518, 10348238, 15, 147, 284, 382, 10000000, 10000000, 1, 1, 1, 0, 0, 147, 0
255, 780, 601, 10348238, 15, 284, 87, 147, 382, 375, 1, 0.858459, 0.857702, 0.961905, 1, 147, 0
339, 787, 601, 10348238, 15, 147, 284, 382, 87, 375, 0.964915, 1, 1, 1, 0.965183, 147, 0
445, 787, 601, 10348238, 15, 147, 284, 382, 87, 375, 0.964915, 1, 1, 1, 0.965183, 147, 0
471, 787, 601, 10348238, 15, 147, 284, 382, 87, 375, 0.964915, 1, 1, 1, 0.965183, 147, 0
375, 812, 598, 10348238, 15, 147, 87, 284, 382, 10000000, 0.964915, 0.858459, 1, 0.96486, 0, 147, 0
284, 798, 580, 10348238, 15, 147, 10000000, 10000000, 10000000, 10000000, 1, 0, 0, 0, 0, 147, 0
265, 801, 621, 10348238, 15, 147, 284, 382, 87, 375, 0.964915, 1, 1, 0.965766, 1, 147, 0
65, 201, 486, 10348528, 9, 280, 45, 319, 223, 113, 0.928483, 0.535346, 0.642162, 0.859173, 0.537675, 147, 0
319, 198, 584, 10348528, 9, 107, 280, 223, 113, 10000000, 0.96366, 1, 1, 1, 0, 147, 0
382, 798, 587, 10348856, 16, 147, 284, 10000000, 10000000, 10000000, 1, 1, 0, 0, 0, 147, 0
284, 798, 580, 10348856, 16, 147, 10000000, 10000000, 10000000, 10000000, 1, 0, 0, 0, 0, 147, 0
375, 812, 598, 10348856, 16, 147, 87, 284, 382, 10000000, 0.964851, 0.858402, 1, 0.964796, 0, 147, 0
87, 798, 518, 10348856, 16, 147, 284, 382, 10000000, 10000000, 1, 1, 1, 0, 0, 147, 0
223, 198, 564, 10349146, 10, 107, 10000000, 10000000, 10000000, 10000000, 0.749464, 0, 0, 0, 0, 147, 0
280, 201, 618, 10349146, 10, 107, 10000000, 10000000, 10000000, 10000000, 0.85653, 0, 0, 0, 0, 147, 0
113, 198, 531, 10349146, 10, 107, 319, 280, 223, 10000000, 0.535332, 0.963179, 1, 1, 0, 147, 0
167, 445, 398, 10349764, 11, 378, 24, 306, 145, 290, 0.819231, 1, 0.642747, 0.603824, 0.547084, 147, 0
24, 486, 398, 10349764, 11, 368, 378, 431, 53, 306, 1, 0.903156, 0.750835, 0.962995, 0.684334, 147, 0
53, 516, 401, 10349765, 11, 35, 121, 290, 368, 455, 0.966283, 1, 1, 1, 1, 147, 0
455, 587, 401, 10350383, 12, 35, 21, 121, 180, 81, 1, 1, 1, 1, 0.691749, 147, 0
368, 601, 412, 10350383, 12, 35, 21, 121, 180, 85, 0.966219, 1, 1, 1, 0.682919, 147, 0
121, 643, 398, 10350383, 12, 387, 328, 469, 81, 35, 1, 0.793494, 0.792879, 0.841428, 1, 147, 0
156, 601, 45, 10353146, 10, 184, 12, 384, 289, 91, 0.96231, 1, 0.792025, 0.748598, 1, 147, 0
91, 601, 85, 10353146, 10, 289, 384, 184, 12, 114, 0.962484, 0.819979, 0.858237, 0.856834, 0.158595, 147, 0
12, 598, 110, 10353146, 10, 114, 384, 289, 420, 334, 1, 1, 1, 0.856563, 0.855712, 147, 0
289, 598, 178, 10353146, 10, 294, 114, 47, 291, 138, 1, 0.965027, 0.757397, 1, 0.857752, 147, 0
384, 598, 187, 10353146, 10, 47, 114, 431, 379, 294, 0.895235, 0.965027, 0.764321, 0.754985, 0.690793, 147, 0
114, 601, 262, 10353764, 11, 435, 450, 379, 368, 294, 1, 0.842304, 0.719444, 0.599491, 0.630816, 147, 0
47, 598, 315, 10353765, 11, 21, 290, 180, 368, 435, 0.967031, 1, 0.96638, 1, 1, 147, 0
435, 598, 387, 10354383, 12, 381, 21, 121, 180, 464, 1, 1, 1, 1, 0.851781, 147, 0
368, 601, 412, 10354383, 12, 35, 21, 121, 180, 85, 0.965804, 1, 1, 1, 0.682546, 147, 0
180, 601, 446, 10354383, 12, 21, 85, 131, 464, 430, 1, 0.838031, 0.535372, 0.479051, 0.360217, 147, 0
21, 601, 488, 10354383, 12, 131, 353, 464, 85, 248, 0.787474, 0.8392, 0.838339, 0.856413, 0.748458, 147, 0
85, 598, 515, 10355001, 13, 277, 131, 381, 248, 129, 0.858949, 1, 0.643871, 0.962239, 0.536369, 147, 0
131, 598, 552, 10355001, 13, 277, 381, 129, 84, 10000000, 0.966317, 0.965807, 0.643643, 0.535899, 0, 147, 0
248, 598, 580, 10355001, 13, 277, 129, 84, 381, 131, 1, 0.85819, 0.750259, 0.965807, 1, 147, 0
353, 598, 587, 10355001, 13, 129, 277, 84, 381, 131, 0.965464, 1, 0.750259, 1, 1, 147, 0
464, 598, 587, 10355001, 13, 129, 277, 84, 381, 131, 0.965464, 1, 0.750259, 0.965807, 1, 147, 0
381, 612, 598, 10355620, 14, 84, 144, 90, 129, 265, 0.964554, 0.720311, 0.719585, 0.9654, 0.544601, 147, 0
340, 801, 212, 10358383, 12, 58, 127, 40, 188, 254, 0.965877, 1, 0.679969, 0.480701, 1, 147, 0
429, 801, 212, 10358383, 12, 58, 40, 127, 188, 254, 1, 0.815963, 1, 0.428904, 1, 147, 0
254, 801, 219, 10358383, 12, 58, 111, 40, 127, 188, 1, 0.596002, 0.690643, 1, 0.157551, 147, 0
127, 801, 247, 10358383, 12, 40, 58, 188, 111, 10000000, 1, 1, 0.694576, 0.272648, 0, 147, 0
129, 643, 598, 10360238, 15, 149, 355, 144, 84, 255, 1, 0.86288, 0.751106, 0.964077, 0.691466, 147, 0
84, 685, 598, 10360238, 15, 149, 255, 445, 417, 144, 1, 0.81669, 0.750947, 0.682688, 0.719911, 147, 0
90, 712, 601, 10360238, 15, 339, 255, 375, 445, 471, 1, 1, 0.963942, 0.965504, 0.962522, 147, 0
144, 754, 601, 10360856, 16, 382, 284, 471, 417, 375, 1, 0.959208, 1, 1, 0.963878, 147, 0
255, 780, 601, 10360856, 16, 284, 87, 147, 382, 375, 1, 0.857298, 0.856544, 0.960448, 1, 147, 0
417, 787, 601, 10360856, 16, 147, 284, 87, 382, 375, 0.963612, 1, 1, 0.960448, 0.963878, 147, 0
445, 787, 601, 10360856, 16, 147, 284, 382, 87, 375, 0.963612, 1, 1, 1, 0.963878, 147, 0
149, 841, 598, 10360856, 16, 284, 382, 375, 471, 339, 0.962229, 0.963556, 1, 1, 1, 147, 0
375, 812, 598, 10361474, 17, 147, 87, 284, 382, 10000000, 0.963548, 0.857241, 1, 0.963493, 0, 147, 0
382, 798, 587, 10361474, 17, 147, 284, 10000000, 10000000, 10000000, 1, 1, 0, 0, 0, 147, 0
339, 787, 601, 10361474, 17, 147, 284, 382, 87, 375, 0.963548, 1, 1, 1, 0.963815, 147, 0
471, 787, 601, 10361474, 17, 147, 284, 382, 87, 375, 0.963548, 1, 1, 1, 0.963815, 147, 0
58, 801, 289, 10363001, 13, 188, 40, 111, 10000000, 10000000, 0.720652, 0.841559, 0.55986, 0, 0, 147, 0
40, 798, 322, 10363001, 13, 111, 407, 328, 387, 469, 0.963923, 0.964241, 0.963699, 0.965446, 0.858376, 147, 0
188, 798, 359, 10363001, 13, 111, 407, 328, 387, 469, 1, 1, 1, 1, 0.965673, 147, 0
111, 801, 468, 10363620, 14, 147, 355, 265, 284, 87, 0.955938, 1, 1, 0.746276, 0.682344, 147, 0
87, 798, 518, 10364238, 15, 147, 284, 382, 10000000, 10000000, 1, 1, 1, 0, 0, 147, 0
284, 798, 580, 10364238, 15, 147, 10000000, 10000000, 10000000, 10000000, 1, 0, 0, 0, 0, 147, 0
355, 801, 612, 10364238, 15, 147, 284, 382, 87, 375, 0.963263, 1, 1, 1, 1, 147, 0
265, 801, 621, 10364238, 15, 147, 284, 382, 87, 375, 0.963263, 1, 1, 0.964111, 1, 147, 0
284, 798, 580, 10364856, 16, 147, 10000000, 10000000, 10000000, 10000000, 1, 0, 0, 0, 0, 147, 0
382, 798, 587, 10364856, 16, 147, 284, 10000000, 10000000, 10000000, 1, 1, 0, 0, 0, 147, 0
364, 186, 1, 11299999, 1, 365, 98, 7, 124, 267, 0.931462, 1, 1, 1, 0.780412, 85, 0
124, 201, 62, 11300200, 2, 200, 365, 60, 98, 408, 0.9678, 0.825281, 0.954188, 1, 0.567399, 85, 0
98, 201, 87, 11300200, 2, 253, 365, 267, 200, 408, 0.954156, 0.847802, 0.847944, 0.946548, 0.756532, 85, 0
7, 293, -1, 11300200, 2, 292, 466, 341, 380, 258, 1, 0.796364, 0.795556, 0.844602, 0.758403, 85, 1
267, 198, 173, 11300200, 2, 234, 194, 23, 133, 160, 1, 1, 1, 1, 0.97246, 85, 0
365, 198, 187, 11300200, 2, 71, 486, 327, 27, 23, 1, 1, 1, 1, 1, 85, 1
23, 201, 298, 11300818, 3, 333, 494, 403, 481, 206, 0.938877, 1, 0.935053, 0.930153, 0.882074, 85, 1
380, 386, 1, 11308818, 3, 48, 100, 159, 139, 201, 0.967017, 0.846693, 1, 0.755308, 1, 85, 0
466, 401, 12, 11308818, 3, 346, 100, 48, 159, 465, 1, 1, 0.967017, 1, 0.602069, 85, 0
341, 401, 12, 11308818, 3, 100, 48, 139, 418, 159, 0.95844, 1, 0.863529, 0.795457, 1, 85, 0
292, 426, -1, 11308818, 3, 374, 48, 61, 159, 5, 0.933824, 0.859571, 0.95122, 0.96987, 0.969802, 85, 1
5, 501, -1, 11309437, 4, 423, 201, 359, 321, 374, 1, 1, 0.964175, 1, 0.792847, 85, 0
61, 502, 1, 11309437, 4, 295, 432, 374, 156, 91, 1, 1, 1, 0.861912, 0.752287, 85, 1
494, 198, 387, 11317437, 4, 189, 45, 278, 65, 206, 1, 0.968158, 1, 0.966213, 1, 85, 0
403, 201, 412, 11317437, 4, 189, 45, 278, 65, 206, 1, 0.860585, 1, 0.966213, 1, 85, 0
481, 201, 412, 11317437, 4, 189, 45, 278, 65, 206, 1, 0.860585, 1, 1, 1, 85, 0
333, 201, 412, 11317437, 4, 189, 45, 278, 65, 206, 1, 0.860585, 1, 1, 1, 85, 1
432, 601, 12, 11318055, 5, 289, 184, 91, 384, 156, 0.966257, 1, 1, 0.757323, 1, 85, 1
374, 601, 12, 11318055, 5, 91, 12, 384, 289, 156, 1, 0.968932, 0.752266, 0.724692, 1, 85, 0
278, 225, 398, 11318055, 5, 45, 18, 169, 189, 412, 1, 0.861476, 0.722568, 1, 0.611393, 85, 0
206, 201, 459, 11318055, 5, 45, 65, 189, 278, 10000000, 0.645396, 1, 0.753302, 0.969442, 0, 85, 0
65, 201, 499, 11318055, 5, 45, 10000000, 10000000, 10000000, 10000000, 0.53783, 0, 0, 0, 0, 85, 0
156, 601, 57, 11322673, 6, 289, 184, 384, 12, 91, 0.965718, 0.969529, 0.823898, 1, 1, 85, 0
91, 601, 98, 11322673, 6, 289, 384, 184, 12, 114, 1, 0.844719, 0.969529, 0.860845, 0.274919, 85, 0
184, 598, 134, 11322673, 6, 114, 420, 334, 244, 384, 0.968834, 1, 1, 0.970344, 1, 85, 0
289, 598, 172, 11322673, 6, 114, 47, 294, 420, 334, 1, 0.873424, 0.775977, 1, 1, 85, 1
384, 598, 187, 11322673, 6, 455, 47, 114, 294, 420, 1, 0.925797, 1, 0.564721, 1, 85, 0
420, 587, 201, 11323292, 7, 207, 114, 450, 47, 294, 0.91619, 1, 0.538789, 0.547239, 0.466505, 85, 0
334, 587, 201, 11323292, 7, 114, 47, 368, 207, 379, 1, 0.75377, 0.439788, 0.429057, 0.362208, 85, 0
114, 601, 272, 11323292, 7, 435, 450, 379, 207, 368, 1, 0.754305, 0.751936, 0.75085, 0.644473, 85, 1
207, 598, 347, 11323910, 8, 131, 21, 180, 290, 368, 1, 0.967746, 1, 1, 1, 85, 0
379, 598, 387, 11323910, 8, 21, 180, 85, 290, 368, 1, 1, 0.755523, 1, 1, 85, 0
435, 598, 387, 11323910, 8, 21, 180, 248, 85, 290, 1, 1, 1, 0.755523, 1, 85, 1
450, 598, 387, 11323910, 8, 21, 85, 180, 290, 368, 1, 0.843878, 1, 1, 1, 85, 0
290, 601, 426, 11324528, 9, 21, 85, 180, 131, 248, 1, 0.821192, 1, 0.601991, 0.430343, 85, 0
180, 601, 457, 11324528, 9, 21, 85, 131, 10000000, 10000000, 1, 0.858088, 0.645814, 0, 0, 85, 0
21, 601, 501, 11324529, 9, 85, 10000000, 10000000, 10000000, 10000000, 1, 0, 0, 0, 0, 85, 0
248, 598, 574, 11324529, 9, 85, 131, 21, 180, 10000000, 0.965349, 1, 0.819978, 0.723256, 0, 85, 0
189, 261, 398, 11326673, 6, 283, 480, 356, 18, 45, 1, 0.965436, 0.861886, 1, 1, 85, 0
45, 296, 398, 11326673, 6, 388, 412, 283, 167, 169, 1, 0.947433, 0.905599, 0.863866, 1, 85, 0
18, 299, 401, 11326673, 6, 167, 443, 360, 317, 480, 1, 1, 1, 1, 1, 85, 0
169, 344, 401, 11326673, 6, 24, 167, 283, 218, 104, 1, 1, 1, 1, 0.969357, 85, 0
412, 412, 398, 11326674, 6, 24, 53, 167, 431, 455, 1, 0.819939, 1, 0.644762, 0.636936, 85, 0
169, 344, 401, 11327291, 7, 24, 167, 283, 218, 104, 1, 1, 1, 1, 0.969292, 85, 0
388, 401, 412, 11327292, 7, 24, 167, 104, 283, 218, 1, 1, 1, 1, 1, 85, 0
283, 425, 398, 11327292, 7, 53, 145, 24, 167, 431, 0.953657, 0.903616, 1, 1, 0.537266, 85, 0
167, 457, 398, 11327292, 7, 378, 24, 306, 145, 53, 0.843224, 1, 0.751515, 0.699341, 0.646207, 85, 0
283, 425, 398, 11327910, 8, 53, 145, 24, 167, 431, 0.953563, 0.903447, 1, 1, 0.53723, 85, 0
218, 401, 440, 11327910, 8, 104, 24, 115, 167, 10000000, 1, 0.752207, 0.790803, 0.862269, 0, 85, 0
167, 457, 398, 11327910, 8, 378, 24, 306, 145, 53, 0.843161, 1, 0.751465, 0.69924, 0.646164, 85, 0
104, 401, 479, 11327910, 8, 10000000, 10000000, 10000000, 10000000, 10000000, 0, 0, 0, 0, 0, 85, 0
24, 499, 398, 11332528, 9, 368, 431, 378, 145, 306, 1, 0.965408, 0.929271, 0.943757, 0.723838, 85, 0
53, 504, 401, 11332528, 9, 290, 368, 455, 431, 378, 1, 1, 1, 1, 1, 85, 0
145, 543, 401, 11332528, 9, 180, 290, 368, 21, 455, 1, 1, 1, 0.751994, 1, 85, 0
306, 571, 401, 11332528, 9, 21, 180, 290, 368, 464, 1, 1, 1, 1, 0.754916, 85, 0
378, 587, 401, 11332528, 9, 21, 85, 180, 290, 368, 1, 0.953754, 1, 1, 1, 85, 0
368, 601, 412, 11333146, 10, 21, 180, 85, 290, 131, 1, 1, 0.72252, 1, 0.430143, 85, 0
290, 601, 426, 11333146, 10, 21, 85, 180, 131, 248, 1, 0.820224, 1, 0.601367, 0.429944, 85, 0
180, 601, 458, 11333146, 10, 21, 85, 131, 10000000, 10000000, 1, 0.857295, 0.645215, 0, 0, 85, 0
21, 601, 501, 11333147, 10, 85, 10000000, 10000000, 10000000, 10000000, 1, 0, 0, 0, 0, 85, 0
167, 457, 398, 11343292, 7, 378, 24, 306, 145, 53, 0.841602, 1, 0.750226, 0.696742, 0.645096, 85, 0
24, 500, 398, 11343292, 7, 368, 431, 378, 145, 306, 1, 0.964155, 0.926953, 0.941844, 0.7229, 85, 0
53, 504, 401, 11343292, 7, 290, 368, 455, 431, 378, 1, 1, 1, 1, 1, 85, 0
145, 543, 401, 11343910, 8, 180, 290, 368, 21, 455, 1, 1, 1, 0.751076, 1, 85, 0
306, 570, 401, 11343910, 8, 21, 180, 290, 368, 464, 1, 1, 1, 1, 0.753298, 85, 0
378, 587, 401, 11343910, 8, 21, 85, 180, 290, 368, 1, 0.952031, 1, 1, 1, 85, 0
431, 587, 401, 11343910, 8, 21, 180, 290, 85, 368, 1, 1, 1, 0.682516, 1, 85, 0
368, 601, 412, 11343910, 8, 21, 180, 85, 290, 131, 1, 1, 0.721584, 1, 0.429646, 85, 0
290, 601, 426, 11344528, 9, 21, 85, 180, 131, 248, 1, 0.81895, 1, 0.600545, 0.429419, 85, 0
180, 601, 458, 11344528, 9, 21, 85, 131, 10000000, 10000000, 1, 0.856251, 0.644426, 0, 0, 85, 0
21, 601, 501, 11344529, 9, 85, 10000000, 10000000, 10000000, 10000000, 1, 0, 0, 0, 0, 85, 0
131, 598, 540, 11344529, 9, 85, 21, 10000000, 10000000, 10000000, 1, 0.858315, 0, 0, 0, 85, 0
425, 201, 12, 12299999, 1, 98, 124, 60, 200, 171, 1, 1, 0.969866, 0.756644, 1, 310, 0
60, 198, 73, 12300200, 2, 133, 253, 335, 408, 365, 1, 1, 1, 1, 1, 310, 0
124, 201, 75, 12300200, 2, 335, 365, 200, 408, 98, 1, 0.846408, 0.972806, 0.636204, 1, 310, 0
171, 274, -1, 12300200, 2, 292, 303, 466, 380, 150, 1, 0.940245, 0.79838, 0.825567, 0.843425, 310, 1
98, 201, 98, 12300200, 2, 13, 253, 365, 408, 267, 1, 0.960446, 0.864244, 0.795256, 0.864373, 310, 1
267, 198, 164, 12300818, 3, 194, 234, 23, 133, 253, 1, 0.914552, 0.970423, 1, 1, 310, 0
365, 198, 185, 12300818, 3, 467, 23, 486, 27, 133, 1, 1, 0.87641, 1, 1, 310, 0
408, 201, 212, 12300818, 3, 494, 23, 472, 133, 160, 1, 1, 0.789224, 1, 1, 310, 0
253, 201, 233, 12300818, 3, 481, 194, 23, 333, 458, 0.87073, 1, 1, 0.782181, 0.753803, 310, 1
23, 201, 312, 12305436, 4, 65, 333, 403, 481, 494, 1, 0.949663, 0.94653, 0.94251, 1, 310, 0
194, 198, 324, 12305437, 4, 206, 316, 333, 481, 472, 1, 1, 1, 1, 1, 310, 1
458, 198, 387, 12305437, 4, 65, 189, 113, 206, 45, 1, 0.967706, 1, 1, 0.862195, 310, 0
472, 201, 412, 12310055, 5, 189, 65, 206, 278, 45, 0.967226, 1, 1, 1, 0.754046, 310, 0
481, 201, 412, 12310055, 5, 280, 189, 65, 206, 278, 1, 0.967226, 1, 1, 1, 310, 0
333, 201, 415, 12310055, 5, 189, 65, 113, 206, 278, 0.967226, 1, 0.946066, 1, 1, 310, 0
316, 201, 434, 12310055, 5, 319, 65, 223, 206, 113, 1, 0.967764, 0.825843, 1, 0.843103, 310, 0
206, 201, 472, 12310055, 5, 280, 319, 65, 113, 223, 1, 1, 1, 0.843103, 0.645285, 310, 1
113, 198, 506, 12310673, 6, 280, 319, 211, 223, 67, 1, 1, 0.97126, 1, 0.846791, 310, 0
65, 201, 512, 12310673, 6, 280, 319, 223, 211, 67, 0.9569, 0.861434, 1, 0.481389, 0.275212, 310, 0
223, 198, 543, 12310673, 6, 280, 107, 319, 211, 10000000, 1, 0.645361, 1, 1, 0, 310, 0
319, 198, 573, 12310673, 6, 107, 280, 10000000, 10000000, 10000000, 0.860482, 1, 0, 0, 0, 310, 1
280, 201, 630, 12315292, 7, 107, 10000000, 10000000, 10000000, 10000000, 0.752547, 0, 0, 0, 0, 310, 1
150, 327, 1, 12316818, 3, 258, 157, 341, 5, 466, 1, 1, 1, 0.969785, 1, 310, 0
303, 367, 1, 12316818, 3, 159, 258, 157, 341, 48, 1, 1, 1, 1, 0.751732, 310, 0
380, 383, 1, 12316818, 3, 465, 48, 159, 100, 258, 0.912536, 0.966513, 1, 0.862491, 1, 310, 0
466, 401, 12, 12316818, 3, 346, 100, 48, 159, 258, 0.911916, 1, 0.966513, 1, 1, 310, 0
292, 435, -1, 12316818, 3, 432, 48, 159, 5, 61, 0.944124, 0.751732, 0.861708, 0.969785, 0.956848, 310, 1
61, 489, 1, 12317436, 4, 295, 432, 374, 156, 91, 0.966521, 1, 1, 0.754998, 0.646658, 310, 0
5, 515, -1, 12317437, 4, 432, 423, 201, 359, 315, 0.845132, 1, 1, 0.967575, 0.962524, 310, 1
201, 539, 1, 12330055, 5, 156, 295, 91, 374, 432, 0.969392, 1, 0.75341, 1, 1, 310, 0
315, 565, 1, 12330055, 5, 91, 156, 295, 374, 432, 0.96867, 1, 1, 1, 1, 310, 0
359, 584, 1, 12330055, 5, 91, 12, 184, 156, 295, 1, 1, 0.864147, 1, 1, 310, 0
423, 587, 1, 12330055, 5, 289, 91, 156, 12, 184, 1, 1, 1, 0.820114, 0.692923, 310, 0
432, 601, 12, 12330055, 5, 184, 91, 289, 156, 12, 0.943061, 1, 0.861014, 1, 0.858438, 310, 1
156, 601, 71, 12330673, 6, 289, 384, 184, 91, 12, 0.968576, 0.844344, 1, 1, 1, 310, 0
12, 598, 84, 12330673, 6, 114, 384, 289, 184, 420, 0.968415, 1, 1, 1, 0.753721, 310, 0
91, 601, 111, 12330673, 6, 289, 384, 184, 114, 10000000, 1, 0.860698, 0.96671, 0.241462, 0, 310, 0
184, 598, 120, 12330673, 6, 114, 420, 334, 384, 289, 0.860814, 0.969069, 0.968071, 1, 1, 310, 1
289, 598, 164, 12330673, 6, 294, 114, 420, 334, 244, 0.870815, 1, 1, 1, 0.965925, 310, 0
289, 598, 164, 12331291, 7, 294, 114, 420, 334, 244, 0.870581, 1, 1, 1, 0.965861, 310, 0
384, 598, 184, 12331291, 7, 114, 47, 455, 294, 420, 1, 0.938223, 0.763997, 0.632813, 1, 310, 0
114, 601, 283, 12331292, 7, 435, 450, 379, 368, 294, 1, 0.858995, 0.861091, 0.752453, 0.721282, 310, 1
294, 598, 362, 12331910, 8, 21, 180, 85, 290, 368, 1, 1, 0.902924, 1, 1, 310, 0
379, 598, 384, 12331910, 8, 21, 131, 180, 290, 85, 1, 0.923541, 1, 1, 0.793356, 310, 0
435, 598, 387, 12331910, 8, 21, 180, 248, 464, 290, 0.964729, 1, 0.763761, 0.693554, 1, 310, 1
450, 598, 387, 12331910, 8, 21, 180, 85, 290, 368, 1, 1, 0.859934, 1, 1, 310, 0
368, 601, 414, 12331910, 8, 21, 180, 85, 290, 131, 1, 1, 0.752442, 1, 0.60046, 310, 0
290, 601, 434, 12332528, 9, 353, 21, 187, 180, 85, 0.860002, 1, 0.763136, 1, 0.841907, 310, 0
180, 601, 470, 12332528, 9, 464, 131, 21, 304, 85, 1, 1, 1, 0.762527, 1, 310, 0
21, 601, 515, 12332529, 9, 464, 353, 248, 304, 430, 1, 1, 1, 0.938497, 0.858677, 310, 1
464, 598, 587, 12332529, 9, 310, 430, 10000000, 10000000, 10000000, 1, 1, 0, 0, 0, 310, 0
248, 598, 566, 12333147, 10, 310, 174, 464, 430, 353, 0.967205, 0.857251, 1, 1, 1, 310, 0
353, 598, 584, 12333147, 10, 310, 174, 464, 430, 10000000, 1, 1, 1, 1, 0, 310, 0
430, 598, 587, 12333147, 10, 310, 464, 10000000, 10000000, 10000000, 1, 1, 0, 0, 0, 310, 0
464, 598, 587, 12333147, 10, 310, 430, 10000000, 10000000, 10000000, 1, 1, 0, 0, 0, 310, 1
304, 601, 636, 12333147, 10, 310, 174, 464, 430, 353, 1, 1, 1, 1, 1, 310, 0
430, 598, 587, 12333765, 11, 310, 464, 10000000, 10000000, 10000000, 1, 1, 0, 0, 0, 310, 0
464, 598, 587, 12338383, 12, 310, 430, 10000000, 10000000, 10000000, 1, 1, 0, 0, 0, 310, 0
430, 598, 587, 12343001, 13, 310, 464, 10000000, 10000000, 10000000, 1, 1, 0, 0, 0, 310, 0
420, 587, 201, 12343909, 8, 114, 207, 450, 47, 379, 1, 0.698479, 0.602533, 0.600238, 0.479715, 310, 0
114, 601, 283, 12343910, 8, 435, 450, 379, 368, 294, 1, 0.857832, 0.859923, 0.751434, 0.720189, 310, 0
47, 598, 288, 12343910, 8, 21, 180, 290, 368, 450, 0.96349, 0.966163, 1, 1, 1, 310, 0
294, 598, 361, 12343910, 8, 21, 180, 85, 290, 368, 1, 1, 0.899675, 1, 1, 310, 0
294, 598, 361, 12344528, 9, 21, 180, 85, 290, 368, 1, 1, 0.899508, 1, 1, 310, 0
379, 598, 384, 12344528, 9, 21, 131, 180, 290, 85, 1, 0.920859, 1, 1, 0.79177, 310, 0
435, 598, 387, 12344528, 9, 21, 180, 248, 290, 464, 0.963426, 1, 0.756471, 1, 0.691536, 310, 0
450, 598, 387, 12344528, 9, 21, 180, 85, 290, 368, 1, 1, 0.858769, 1, 1, 310, 0
368, 601, 415, 12344528, 9, 21, 180, 85, 290, 131, 1, 1, 0.751423, 1, 0.599552, 310, 0
290, 601, 434, 12345146, 10, 21, 353, 187, 180, 85, 1, 0.858837, 0.755858, 1, 0.840631, 310, 0
180, 601, 470, 12345146, 10, 464, 131, 21, 304, 85, 1, 1, 1, 0.75526, 1, 310, 0
21, 601, 515, 12345147, 10, 464, 353, 248, 304, 430, 1, 1, 1, 0.936279, 0.857515, 310, 0
248, 598, 566, 12345147, 10, 310, 174, 464, 430, 353, 0.965959, 0.85615, 1, 1, 1, 310, 0
248, 598, 566, 12345765, 11, 310, 174, 464, 430, 353, 0.965895, 0.856094, 1, 1, 1, 310, 0
353, 598, 584, 12345765, 11, 310, 174, 464, 430, 10000000, 1, 1, 1, 1, 0, 310, 0
430, 598, 587, 12345765, 11, 310, 464, 10000000, 10000000, 10000000, 1, 1, 0, 0, 0, 310, 0
464, 598, 587, 12345765, 11, 310, 430, 10000000, 10000000, 10000000, 1, 1, 0, 0, 0, 310, 0
304, 601, 636, 12345765, 11, 310, 174, 464, 430, 353, 1, 1, 1, 1, 1, 310, 0
430, 598, 587, 12346383, 12, 310, 464, 10000000, 10000000, 10000000, 1, 1, 0, 0, 0, 310, 0
464, 598, 587, 12351001, 13, 310, 430, 10000000, 10000000, 10000000, 1, 1, 0, 0, 0, 310, 0
430, 598, 587, 12355619, 14, 310, 464, 10000000, 10000000, 10000000, 1, 1, 0, 0, 0, 310, 0
464, 598, 587, 12360237, 15, 310, 430, 10000000, 10000000, 10000000, 1, 1, 0, 0, 0, 310, 0
430, 598, 587, 12364855, 16, 310, 464, 10000000, 10000000, 10000000, 1, 1, 0, 0, 0, 310, 0
464, 598, 587, 12369473, 17, 310, 430, 10000000, 10000000, 10000000, 1, 1, 0, 0, 0, 310, 0
430, 598, 587, 12374091, 18, 310, 464, 10000000, 10000000, 10000000, 1, 1, 0, 0, 0, 310, 0
464, 598, 587, 12378709, 19, 310, 430, 10000000, 10000000, 10000000, 1, 1, 0, 0, 0, 310, 0
430, 598, 587, 12383327, 20, 310, 464, 10000000, 10000000, 10000000, 1, 1, 0, 0, 0, 310, 0
464, 598, 587, 12387945, 21, 310, 430, 10000000, 10000000, 10000000, 1, 1, 0, 0, 0, 310, 0
489, 1, 212, 13299999, 1, 32, 175, 177, 64, 217, 1, 1, 1, 1, 1, 400, 0
64, -1, 278, 13300200, 2, 192, 369, 286, 43, 175, 0.967855, 1, 1, 0.756557, 1, 400, 0
177, 1, 290, 13300200, 2, 369, 286, 32, 175, 43, 1, 1, 1, 0.861797, 0.188987, 400, 0
175, -1, 315, 13300200, 2, 43, 50, 192, 369, 318, 1, 0.954178, 0.967855, 1, 0.861067, 400, 0
32, 1, 328, 13300200, 2, 192, 369, 286, 43, 10000000, 0.959354, 1, 0.824585, 0.361663, 0, 400, 1
286, -1, 356, 13300818, 3, 43, 192, 318, 222, 369, 1, 1, 0.968636, 0.862893, 1, 400, 0
369, -1, 378, 13300818, 3, 192, 43, 50, 110, 222, 1, 0.972652, 0.948585, 0.864069, 0.970755, 400, 1
192, 1, 486, 13300818, 3, 446, 488, 461, 349, 414, 1, 0.949135, 1, 0.795596, 0.758307, 400, 1
461, -1, 587, 13301437, 4, 103, 135, 263, 34, 28, 1, 1, 1, 0.861709, 0.968557, 400, 0
414, 1, 612, 13301437, 4, 135, 263, 28, 164, 247, 0.967746, 1, 1, 1, 0.798829, 400, 0
446, 1, 612, 13301437, 4, 135, 263, 247, 28, 215, 0.967746, 1, 1, 1, 0.963627, 400, 1
488, 1, 612, 13301437, 4, 135, 263, 28, 164, 34, 0.967746, 1, 1, 1, 0.646282, 400, 0
349, 1, 619, 13301437, 4, 135, 263, 28, 215, 164, 0.967746, 1, 1, 0.955362, 1, 400, 0
263, 45, 598, 13302055, 5, 190, 34, 135, 103, 280, 0.967126, 1, 1, 0.966143, 0.233057, 400, 1
215, -1, 722, 13302055, 5, 479, 468, 394, 330, 238, 1, 1, 1, 0.97199, 0.75315, 400, 0
28, 1, 730, 13302055, 5, 434, 377, 279, 247, 10000000, 0.936122, 0.756391, 0.845524, 1, 0, 400, 0
192, 1, 486, 13305436, 4, 446, 488, 461, 349, 414, 1, 0.948304, 1, 0.795012, 0.757643, 400, 1
43, 1, 517, 13305437, 4, 28, 349, 488, 476, 461, 0.884141, 0.96917, 0.96519, 1, 1, 400, 0
461, -1, 587, 13306055, 5, 103, 135, 263, 34, 28, 1, 1, 1, 0.861281, 0.968016, 400, 0
414, 1, 612, 13306055, 5, 135, 263, 28, 164, 247, 0.967265, 1, 1, 1, 0.79824, 400, 0
446, 1, 612, 13306055, 5, 135, 263, 247, 28, 215, 0.967265, 1, 1, 1, 0.963015, 400, 1
488, 1, 612, 13306055, 5, 135, 263, 28, 164, 34, 0.967265, 1, 1, 1, 0.645961, 400, 0
215, -1, 721, 13306673, 6, 479, 468, 394, 330, 238, 1, 1, 1, 0.971505, 0.752776, 400, 0
34, 114, 598, 13306673, 6, 107, 190, 280, 20, 10000000, 0.701199, 0.967407, 0.412868, 0, 0, 400, 0
28, 1, 730, 13306673, 6, 434, 377, 279, 247, 10000000, 0.935111, 0.756014, 0.845053, 1, 0, 400, 0
190, 125, 601, 13306673, 6, 107, 280, 183, 211, 319, 0.972068, 1, 0.795632, 0.859726, 0.725998, 400, 1
247, -1, 755, 13306673, 6, 330, 479, 468, 394, 209, 1, 1, 1, 1, 0.755419, 400, 1
394, 12, 798, 13315291, 7, 77, 209, 68, 238, 185, 1, 1, 0.970003, 1, 0.645842, 400, 0
468, 12, 798, 13315291, 7, 77, 209, 185, 68, 238, 1, 1, 0.843542, 0.962374, 1, 400, 0
479, 12, 798, 13315291, 7, 77, 209, 185, 68, 238, 1, 1, 0.843542, 1, 1, 400, 1
238, 43, 798, 13319910, 8, 275, 77, 209, 185, 68, 0.873655, 1, 1, 0.753108, 0.96952, 400, 0
68, 64, 801, 13319910, 8, 137, 275, 345, 250, 77, 1, 1, 1, 0.860721, 1, 400, 0
209, 84, 798, 13319910, 8, 275, 77, 185, 345, 3, 1, 1, 0.968282, 0.602933, 0.379403, 400, 0
185, 121, 801, 13319910, 8, 137, 275, 3, 345, 433, 1, 1, 0.860242, 1, 0.968773, 400, 0
77, 134, 798, 13319910, 8, 95, 275, 3, 345, 137, 1, 0.963078, 0.793797, 0.844106, 0.601379, 400, 1
345, 201, 819, 13320528, 9, 137, 275, 3, 10000000, 10000000, 0.968748, 1, 0.645139, 0, 0, 400, 0
275, 246, 798, 13320528, 9, 33, 308, 393, 3, 326, 1, 1, 0.945975, 1, 0.752703, 400, 0
95, 276, 801, 13320528, 9, 182, 308, 393, 326, 232, 0.966683, 1, 1, 1, 1, 400, 1
137, 283, 798, 13320528, 9, 393, 326, 3, 216, 232, 1, 1, 1, 0.95816, 0.75247, 400, 0
232, 358, 801, 13321147, 10, 142, 182, 308, 82, 296, 1, 1, 1, 0.862819, 1, 400, 0
326, 378, 801, 13321147, 10, 142, 82, 33, 182, 451, 1, 1, 1, 1, 0.763027, 400, 0
393, 387, 801, 13321147, 10, 338, 82, 182, 308, 33, 1, 1, 1, 1, 0.686838, 400, 0
308, 443, 798, 13321147, 10, 478, 82, 398, 261, 33, 0.942592, 1, 0.861023, 0.862694, 1, 400, 1
263, 46, 598, 13322673, 6, 190, 34, 135, 103, 280, 0.964721, 1, 1, 0.963743, 0.231942, 400, 1
164, 1, 681, 13322673, 6, 28, 279, 434, 215, 247, 1, 0.928953, 0.841704, 1, 0.684886, 400, 0
247, -1, 754, 13322673, 6, 330, 479, 468, 394, 209, 1, 1, 1, 1, 0.754117, 400, 0
33, 485, 801, 13325765, 11, 478, 459, 453, 451, 426, 1, 1, 1, 1, 1, 400, 0
82, 526, 798, 13325765, 11, 478, 451, 398, 358, 338, 1, 1, 1, 1, 1, 400, 1
103, 65, 601, 13327291, 7, 107, 280, 190, 34, 211, 0.86214, 0.86052, 1, 1, 0.643369, 400, 0
135, 83, 598, 13327291, 7, 190, 34, 280, 10000000, 10000000, 0.965268, 1, 0.36119, 0, 0, 400, 0
34, 114, 598, 13327291, 7, 107, 190, 280, 20, 10000000, 0.697836, 0.965268, 0.4117, 0, 0, 400, 0
190, 124, 601, 13327291, 7, 107, 280, 183, 211, 319, 0.969908, 1, 0.782791, 0.857825, 0.724191, 400, 1
107, 314, 598, 13327910, 8, 163, 312, 183, 96, 16, 1, 0.945092, 1, 0.240996, 0, 400, 1
183, 319, 601, 13327910, 8, 163, 96, 312, 16, 155, 1, 0.965556, 1, 0.722061, 0.753445, 400, 0
183, 319, 601, 13328528, 9, 163, 96, 312, 16, 155, 1, 0.965492, 1, 0.722008, 0.753395, 400, 0
312, 444, 598, 13328528, 9, 381, 96, 310, 163, 174, 1, 1, 0.841506, 1, 0.860577, 400, 0
16, 467, 601, 13328528, 9, 381, 310, 277, 174, 129, 1, 1, 0.966759, 1, 0.961466, 400, 0
163, 493, 598, 13328528, 9, 381, 310, 174, 129, 96, 1, 1, 1, 1, 1, 400, 1
174, 518, 601, 13329147, 10, 304, 187, 381, 310, 277, 0.96694, 0.861312, 1, 1, 1, 400, 0
96, 525, 598, 13329147, 10, 381, 277, 310, 174, 304, 1, 1, 0.75303, 1, 0.474362, 400, 0
310, 554, 601, 13329147, 10, 187, 304, 4, 205, 483, 0.968976, 1, 0.753136, 0.322137, 0.321678, 400, 0
381, 621, 598, 13329147, 10, 187, 304, 4, 19, 310, 0.968976, 1, 0.753136, 0.430712, 1, 400, 1
310, 554, 601, 13329765, 11, 187, 304, 4, 205, 483, 0.968912, 1, 0.753086, 0.322116, 0.321656, 400, 0
338, 580, 801, 13330383, 12, 483, 400, 331, 478, 459, 1, 1, 1, 1, 1, 400, 0
398, 587, 801, 13330383, 12, 483, 400, 331, 478, 459, 1, 1, 1, 1, 1, 400, 0
451, 587, 801, 13330383, 12, 483, 400, 331, 478, 459, 1, 1, 1, 1, 1, 400, 0
478, 587, 801, 13330383, 12, 483, 400, 331, 459, 453, 1, 1, 1, 1, 1, 400, 1
358, 619, 798, 13330383, 12, 483, 400, 331, 478, 459, 1, 1, 1, 1, 1, 400, 0
459, 587, 801, 13331001, 13, 483, 400, 331, 478, 453, 1, 1, 1, 1, 1, 400, 0
483, 598, 787, 13331001, 13, 400, 10000000, 10000000, 10000000, 10000000, 1, 0, 0, 0, 0, 400, 0
331, 598, 781, 13331001, 13, 483, 400, 10000000, 10000000, 10000000, 1, 1, 0, 0, 0, 400, 0
453, 612, 798, 13331001, 13, 483, 400, 331, 478, 459, 1, 1, 1, 1, 1, 400, 0
215, -1, 721, 13335291, 7, 479, 468, 394, 330, 238, 1, 1, 1, 0.968513, 0.750466, 400, 0
28, 1, 730, 13335291, 7, 434, 377, 279, 247, 10000000, 0.928897, 0.753684, 0.842143, 1, 0, 400, 0
247, -1, 754, 13335291, 7, 330, 479, 468, 394, 209, 1, 1, 1, 1, 0.753094, 400, 0
434, 1, 812, 13335291, 7, 209, 238, 77, 330, 479, 1, 1, 0.753785, 1, 1, 400, 0
247, -1, 754, 13335909, 8, 330, 479, 468, 394, 209, 1, 1, 1, 1, 0.753044, 400, 0
434, 1, 812, 13335909, 8, 209, 238, 77, 330, 479, 1, 1, 0.753735, 1, 1, 400, 0
377, 1, 819, 13335910, 8, 209, 238, 77, 330, 479, 0.968199, 1, 0.753735, 1, 1, 400, 0
279, 1, 845, 13335910, 8, 330, 479, 468, 394, 209, 1, 1, 1, 1, 0.753043, 400, 0
479, 12, 798, 13336528, 9, 77, 209, 185, 68, 238, 1, 1, 0.841389, 1, 1, 400, 0
330, 20, 798, 13336528, 9, 77, 209, 185, 68, 238, 1, 1, 0.841389, 0.860255, 1, 400, 0
238, 43, 798, 13336528, 9, 275, 77, 209, 185, 68, 0.867359, 1, 1, 0.751764, 0.967787, 400, 0
312, 444, 598, 13337146, 10, 381, 96, 310, 163, 174, 1, 1, 0.840635, 1, 0.85978, 400, 0
16, 467, 601, 13337146, 10, 381, 310, 277, 174, 129, 1, 1, 0.965865, 1, 0.960471, 400, 0
68, 64, 801, 13341146, 10, 137, 275, 345, 250, 77, 1, 1, 1, 0.858759, 1, 400, 0
209, 85, 798, 13341146, 10, 275, 77, 185, 345, 3, 1, 1, 0.966075, 0.601393, 0.37788, 400, 0
185, 120, 801, 13341146, 10, 137, 275, 3, 345, 433, 1, 1, 0.858282, 1, 0.966564, 400, 0
77, 134, 798, 13341146, 10, 95, 275, 3, 345, 137, 1, 0.960622, 0.791129, 0.84195, 0.599847, 400, 0
345, 201, 819, 13345764, 11, 137, 275, 3, 10000000, 10000000, 0.966124, 1, 0.643393, 0, 0, 400, 0
275, 247, 798, 13345764, 11, 33, 308, 393, 3, 326, 1, 1, 0.94148, 1, 0.750666, 400, 0
95, 275, 801, 13345764, 11, 308, 182, 393, 326, 232, 1, 0.96407, 1, 1, 1, 400, 0
137, 284, 798, 13345764, 11, 393, 326, 3, 216, 232, 1, 1, 1, 0.954861, 0.750434, 400, 0
163, 493, 598, 13345764, 11, 381, 310, 174, 129, 96, 1, 1, 1, 1, 1, 400, 0
174, 518, 601, 13345765, 11, 304, 187, 381, 310, 277, 0.965216, 0.859774, 1, 1, 1, 400, 0
96, 525, 598, 13345765, 11, 381, 277, 310, 174, 304, 1, 1, 0.751686, 1, 0.473119, 400, 0
310, 554, 601, 13345765, 11, 187, 304, 4, 205, 483, 0.967246, 1, 0.751792, 0.321564, 0.321105, 400, 0
232, 357, 801, 13346383, 12, 142, 182, 308, 82, 296, 1, 1, 1, 0.860477, 1, 400, 0
326, 378, 801, 13346383, 12, 142, 82, 33, 182, 451, 1, 1, 1, 1, 0.748612, 400, 0
393, 387, 801, 13346383, 12, 338, 82, 182, 308, 33, 1, 1, 1, 1, 0.684465, 400, 0
308, 443, 798, 13346383, 12, 478, 82, 398, 261, 33, 0.938129, 1, 0.858691, 0.860352, 1, 400, 0
304, 601, 647, 13346383, 12, 483, 331, 4, 205, 187, 1, 1, 1, 0.959376, 1, 400, 0
33, 485, 801, 13347001, 13, 478, 459, 453, 451, 426, 1, 1, 1, 1, 1, 400, 0
82, 526, 798, 13347001, 13, 478, 451, 398, 358, 338, 1, 1, 1, 1, 1, 400, 0
261, 553, 801, 13347001, 13, 483, 400, 331, 478, 459, 1, 1, 1, 1, 1, 400, 0
398, 587, 801, 13347001, 13, 483, 400, 331, 478, 459, 1, 1, 1, 1, 1, 400, 0
187, 601, 688, 13351001, 13, 331, 241, 400, 4, 205, 0.962495, 0.961091, 0.817002, 0.966047, 1, 400, 0
205, 598, 716, 13351002, 13, 483, 400, 331, 453, 426, 1, 1, 1, 1, 1, 400, 0
4, 601, 730, 13351002, 13, 483, 400, 478, 459, 451, 1, 1, 1, 1, 1, 400, 0
331, 598, 781, 13351002, 13, 483, 400, 10000000, 10000000, 10000000, 1, 1, 0, 0, 0, 400, 0
483, 598, 787, 13351002, 13, 400, 10000000, 10000000, 10000000, 10000000, 1, 0, 0, 0, 0, 400, 0
459, 587, 801, 13355619, 14, 483, 400, 331, 478, 453, 1, 1, 1, 1, 1, 400, 0
478, 587, 801, 13355619, 14, 483, 400, 331, 459, 453, 1, 1, 1, 1, 1, 400, 0
483, 598, 787, 13355620, 14, 400, 10000000, 10000000, 10000000, 10000000, 1, 0, 0, 0, 0, 400, 0
331, 598, 781, 13355620, 14, 483, 400, 10000000, 10000000, 10000000, 1, 1, 0, 0, 0, 400, 0
243, 145, 201, 14299999, 1, 27, 160, 198, 313, 253, 1, 1, 0.951986, 1, 1, 301, 0
313, 250, 198, 14300200, 2, 27, 198, 428, 246, 454, 1, 1, 0.79876, 0.845484, 0.754683, 301, 0
160, 296, 198, 14300200, 2, 389, 439, 454, 332, 485, 1, 0.95688, 0.964792, 0.972557, 0.8827, 301, 1
332, 373, 201, 14304818, 3, 420, 41, 118, 117, 244, 1, 0.969551, 1, 1, 0.88654, 301, 0
454, 387, 201, 14304818, 3, 41, 118, 117, 49, 123, 1, 1, 1, 1, 0.909236, 301, 0
439, 412, 198, 14304818, 3, 334, 116, 118, 88, 117, 1, 1, 1, 1, 1, 301, 0
485, 412, 198, 14304818, 3, 116, 118, 117, 244, 49, 1, 1, 1, 0.826805, 1, 301, 0
389, 415, 198, 14304818, 3, 334, 118, 88, 123, 117, 0.95895, 1, 0.967736, 1, 1, 301, 1
123, 497, 201, 14305437, 4, 291, 420, 102, 334, 138, 1, 1, 0.864349, 1, 0.861396, 301, 0
117, 506, 198, 14305437, 4, 86, 291, 420, 88, 334, 1, 0.937199, 0.861461, 1, 0.863853, 301, 0
334, 571, 201, 14305437, 4, 114, 47, 102, 138, 435, 0.967606, 0.958462, 1, 1, 0.611986, 301, 1
138, 694, 198, 14306055, 5, 429, 474, 366, 337, 44, 0.945703, 1, 1, 1, 1, 301, 1
366, 770, 201, 14318674, 6, 127, 58, 254, 40, 188, 1, 0.861134, 1, 0.722538, 0.638031, 301, 0
474, 787, 201, 14318674, 6, 58, 127, 254, 40, 340, 0.968776, 1, 1, 0.754315, 1, 301, 0
429, 801, 212, 14318674, 6, 58, 188, 127, 40, 254, 1, 1, 1, 1, 1, 301, 1
337, 828, 198, 14318674, 6, 127, 254, 340, 457, 429, 0.859986, 0.966051, 1, 1, 1, 301, 0
44, 857, 201, 14318674, 6, 474, 390, 366, 276, 86, 1, 0.960807, 0.859641, 0.725561, 0, 301, 1
254, 801, 256, 14319292, 7, 58, 188, 127, 40, 111, 0.968711, 1, 1, 0.842898, 0.273351, 301, 0
40, 798, 273, 14319292, 7, 111, 58, 188, 469, 328, 0.858851, 0.968711, 1, 0.646976, 0.646331, 301, 0
127, 801, 303, 14319292, 7, 58, 188, 111, 10000000, 10000000, 1, 0.72463, 0.240972, 0, 0, 301, 0
188, 798, 306, 14319292, 7, 111, 469, 407, 328, 387, 0.966208, 0.970464, 0.96669, 0.861775, 0.862615, 301, 0
58, 801, 350, 14319292, 7, 147, 407, 469, 87, 111, 0.783171, 1, 0.872806, 0.431591, 0.322069, 301, 1
469, 787, 401, 14319910, 8, 111, 87, 147, 284, 411, 1, 0.861302, 0.60457, 0.481783, 0.189446, 301, 0
407, 787, 401, 14319910, 8, 111, 284, 87, 147, 382, 1, 0.843121, 0.845822, 0.537257, 0.322244, 301, 1
87, 798, 467, 14319911, 8, 132, 265, 355, 411, 382, 1, 1, 1, 1, 1, 301, 0
87, 798, 467, 14324529, 9, 132, 265, 355, 411, 382, 1, 1, 1, 1, 1, 301, 0
147, 798, 507, 14324529, 9, 94, 132, 265, 355, 411, 0.968219, 1, 1, 1, 1, 301, 0
284, 798, 540, 14324529, 9, 301, 94, 132, 265, 355, 1, 1, 1, 1, 1, 301, 1
355, 801, 627, 14329147, 10, 301, 94, 132, 172, 37, 1, 1, 1, 0.85866, 1, 301, 0
265, 801, 663, 14329147, 10, 94, 301, 132, 172, 37, 1, 0.859636, 1, 0.643995, 0.858819, 301, 0
132, 801, 688, 14329147, 10, 94, 172, 301, 252, 10000000, 1, 0.964813, 0.603513, 0.362227, 0, 301, 1
474, 787, 201, 14335292, 7, 58, 127, 254, 40, 340, 0.967046, 1, 1, 0.752966, 1, 301, 1
390, 786, 201, 14335292, 7, 58, 188, 127, 40, 254, 1, 1, 1, 1, 1, 301, 0
366, 770, 201, 14335292, 7, 127, 58, 254, 40, 188, 1, 0.859596, 1, 0.721094, 0.636345, 301, 0
276, 740, 201, 14335292, 7, 254, 127, 58, 340, 457, 1, 0.858453, 0.752147, 1, 1, 301, 0
340, 801, 227, 14335910, 8, 58, 127, 188, 40, 254, 0.966981, 1, 0.954423, 0.860476, 1, 301, 0
254, 801, 256, 14335910, 8, 58, 188, 127, 40, 111, 0.966981, 1, 1, 0.841214, 0.272731, 301, 0
40, 798, 273, 14335910, 8, 111, 58, 188, 469, 328, 0.857322, 0.966981, 1, 0.645819, 0.645176, 301, 0
127, 801, 303, 14335910, 8, 58, 188, 111, 10000000, 10000000, 1, 0.723178, 0.24049, 0, 0, 301, 0
172, 798, 709, 14337765, 11, 301, 94, 10000000, 10000000, 10000000, 1, 1, 0, 0, 0, 301, 0
94, 801, 736, 14337765, 11, 301, 10000000, 10000000, 10000000, 10000000, 1, 0, 0, 0, 0, 301, 0
252, 801, 862, 14337766, 11, 301, 94, 172, 323, 37, 1, 1, 1, 0.966411, 0.858025, 301, 0
188, 798, 306, 14340528, 9, 111, 469, 407, 328, 387, 0.96401, 0.968247, 0.96449, 0.859808, 0.860644, 301, 0
58, 801, 350, 14340529, 9, 147, 407, 469, 87, 111, 0.770358, 1, 0.864792, 0.427671, 0.321337, 301, 0
469, 787, 401, 14341147, 10, 111, 87, 147, 284, 411, 1, 0.859338, 0.603022, 0.480554, 0.188687, 301, 0
407, 787, 401, 14341147, 10, 111, 284, 87, 147, 382, 1, 0.840969, 0.843657, 0.536034, 0.321511, 301, 0
87, 798, 467, 14341147, 10, 132, 265, 355, 411, 382, 1, 1, 1, 1, 1, 301, 0
87, 798, 467, 14345765, 11, 132, 265, 355, 411, 382, 1, 1, 1, 1, 1, 301, 0
147, 798, 507, 14345765, 11, 94, 132, 265, 355, 411, 0.966012, 1, 1, 1, 1, 301, 0
284, 798, 539, 14345765, 11, 301, 94, 132, 265, 355, 1, 1, 1, 1, 1, 301, 0
355, 801, 627, 14350384, 12, 301, 94, 132, 37, 172, 1, 1, 1, 1, 0.856708, 301, 0
265, 801, 663, 14350384, 12, 94, 301, 132, 172, 37, 1, 0.857679, 1, 0.642531, 0.856865, 301, 0
132, 801, 688, 14350384, 12, 94, 172, 301, 252, 10000000, 1, 0.962348, 0.60197, 0.3613, 0, 301, 0
172, 798, 709, 14359002, 13, 301, 94, 10000000, 10000000, 10000000, 1, 1, 0, 0, 0, 301, 0
94, 801, 736, 14359002, 13, 301, 10000000, 10000000, 10000000, 10000000, 1, 0, 0, 0, 0, 301, 0
252, 801, 862, 14359002, 13, 301, 94, 172, 323, 37, 1, 1, 1, 0.964212, 0.856075, 301, 0
94, 801, 737, 14371621, 14, 301, 10000000, 10000000, 10000000, 10000000, 1, 0, 0, 0, 0, 301, 0
172, 798, 709, 14371621, 14, 301, 94, 10000000, 10000000, 10000000, 1, 1, 0, 0, 0, 301, 0
344, 201, 32, 15299999, 1, 267, 98, 13, 124, 200, 1, 1, 0.787876, 1, 0.966702, 33, 0
200, 198, 86, 15300200, 2, 253, 335, 408, 133, 365, 0.971332, 1, 1, 0.861451, 1, 33, 0
124, 201, 111, 15300200, 2, 13, 335, 365, 253, 408, 1, 0.914187, 1, 0.685641, 0.753718, 33, 0
98, 201, 132, 15300200, 2, 194, 253, 335, 13, 365, 1, 1, 0.95974, 0.912189, 1, 33, 1
365, 198, 168, 15304818, 3, 23, 133, 194, 253, 13, 0.968754, 1, 0.948125, 1, 0.959956, 33, 0
335, 201, 236, 15304818, 3, 333, 403, 327, 23, 234, 1, 1, 1, 0.968754, 0.963738, 33, 0
13, 198, 245, 15304818, 3, 113, 472, 403, 494, 486, 1, 0.970165, 0.967843, 1, 1, 33, 0
253, 201, 269, 15304818, 3, 486, 494, 23, 234, 481, 1, 0.966871, 1, 1, 0.754586, 33, 0
194, 198, 281, 15304818, 3, 206, 316, 403, 472, 333, 0.96751, 0.971288, 1, 1, 0.967558, 33, 1
472, 201, 412, 15305437, 4, 65, 206, 316, 319, 113, 0.972135, 1, 1, 0.755139, 0.755987, 33, 0
403, 201, 415, 15305437, 4, 206, 65, 316, 319, 223, 1, 0.86412, 1, 0.755139, 0.7553, 33, 1
333, 201, 432, 15305437, 4, 319, 206, 223, 316, 113, 0.937269, 1, 0.844953, 1, 0.845367, 33, 0
316, 201, 469, 15314055, 5, 65, 319, 206, 223, 280, 0.971231, 0.95743, 1, 0.862398, 0.440446, 33, 0
223, 198, 501, 15314055, 5, 179, 211, 280, 67, 319, 1, 0.966579, 0.970494, 0.752475, 1, 33, 0
206, 201, 513, 15314055, 5, 280, 65, 319, 211, 10, 1, 1, 1, 0.322193, 0, 33, 1
319, 198, 545, 15314055, 5, 299, 211, 280, 67, 10, 1, 1, 1, 0.752475, 0.820376, 33, 0
65, 201, 553, 15314055, 5, 211, 179, 10, 280, 67, 1, 1, 1, 0.862661, 0.214993, 33, 0
319, 198, 545, 15314673, 6, 299, 211, 280, 67, 10, 1, 1, 1, 0.752425, 0.820307, 33, 0
65, 201, 553, 15314673, 6, 211, 179, 10, 280, 67, 1, 1, 1, 0.862604, 0.214979, 33, 0
10, 198, 639, 15314674, 6, 433, 67, 376, 299, 211, 1, 1, 1, 1, 1, 33, 0
280, 201, 662, 15314674, 6, 67, 376, 299, 211, 433, 0.967404, 0.956804, 0.966772, 1, 0.845498, 33, 1
211, 201, 712, 15314674, 6, 433, 67, 376, 345, 250, 1, 1, 0.961891, 0.759562, 0.794349, 33, 0
211, 201, 712, 15315292, 7, 433, 67, 376, 345, 250, 1, 1, 0.961809, 0.759473, 0.794271, 33, 0
299, 198, 729, 15315292, 7, 345, 433, 67, 376, 275, 1, 1, 1, 1, 0.647228, 33, 0
67, 201, 764, 15315292, 7, 345, 10000000, 10000000, 10000000, 10000000, 0.958682, 0, 0, 0, 0, 33, 1
376, 198, 769, 15315292, 7, 137, 275, 345, 3, 433, 0.752951, 0.755099, 1, 0.429742, 1, 33, 0
433, 198, 785, 15315292, 7, 275, 95, 137, 3, 345, 1, 1, 0.860515, 0.429742, 1, 33, 0
345, 201, 833, 15315910, 8, 275, 137, 3, 10000000, 10000000, 0.862913, 0.752901, 0.429714, 0, 0, 33, 1
8, 149, -1, 16299999, 1, 171, 150, 270, 344, 425, 0.969418, 1, 1, 0.967655, 1, 69, 0
425, 201, 20, 16300200, 2, 335, 98, 267, 124, 365, 1, 1, 1, 1, 0.860722, 69, 0
344, 201, 41, 16300200, 2, 365, 98, 267, 124, 240, 0.962899, 1, 1, 1, 1, 69, 1
150, 277, 1, 16300200, 2, 292, 466, 61, 413, 341, 0.970628, 1, 0.958994, 0.967872, 0.864514, 69, 1
466, 401, 12, 16304818, 3, 48, 159, 258, 346, 341, 1, 1, 1, 0.687023, 1, 69, 1
341, 401, 42, 16309436, 4, 465, 48, 159, 264, 258, 1, 1, 1, 1, 1, 69, 0
258, 401, 86, 16309437, 4, 116, 418, 465, 48, 159, 1, 1, 0.956142, 1, 1, 69, 0
159, 401, 128, 16309437, 4, 228, 116, 454, 418, 346, 1, 1, 1, 1, 0.969291, 69, 1
240, 201, 77, 16312818, 3, 253, 98, 408, 365, 124, 0.914616, 1, 0.757762, 0.823912, 1, 69, 0
124, 201, 122, 16312818, 3, 13, 408, 335, 253, 365, 1, 1, 0.931484, 0.72245, 1, 69, 0
267, 198, 124, 16312818, 3, 133, 253, 335, 194, 13, 1, 1, 1, 0.955176, 1, 69, 0
98, 201, 144, 16312818, 3, 234, 253, 194, 13, 408, 1, 1, 1, 0.929927, 0.965447, 69, 0
365, 198, 158, 16312818, 3, 133, 253, 23, 194, 335, 1, 1, 0.861003, 0.955176, 1, 69, 1
335, 201, 248, 16313436, 4, 403, 333, 327, 23, 133, 1, 0.912933, 1, 0.968564, 1, 69, 0
253, 201, 281, 16313437, 4, 113, 486, 494, 458, 23, 1, 1, 0.969542, 0.961781, 1, 69, 1
346, 398, 156, 16314055, 5, 118, 41, 485, 439, 228, 1, 0.752677, 1, 1, 0.754633, 69, 0
418, 398, 178, 16314055, 5, 228, 118, 41, 116, 226, 0.957676, 0.966641, 0.860203, 0.952454, 0.96733, 69, 0
454, 387, 201, 16314055, 5, 41, 118, 226, 117, 123, 0.967728, 1, 1, 0.96801, 0.941848, 69, 0
116, 398, 264, 16314055, 5, 317, 438, 480, 470, 388, 1, 1, 1, 1, 0.968513, 69, 1
23, 201, 365, 16318055, 5, 319, 223, 333, 316, 472, 1, 1, 0.970074, 0.86111, 1, 69, 0
458, 198, 387, 16318055, 5, 206, 316, 113, 278, 18, 0.966396, 1, 0.961733, 0.969338, 1, 69, 0
486, 198, 387, 16318055, 5, 316, 206, 65, 319, 278, 1, 0.966396, 0.843331, 0.864641, 0.969338, 69, 0
494, 198, 387, 16318055, 5, 319, 206, 316, 113, 278, 1, 1, 1, 1, 0.969338, 69, 0
113, 198, 457, 16318055, 5, 65, 319, 206, 280, 223, 1, 1, 1, 0.754072, 1, 69, 1
223, 198, 486, 16318673, 6, 179, 280, 211, 65, 10, 1, 0.969457, 0.861088, 1, 0.821882, 69, 0
206, 201, 527, 16318673, 6, 179, 280, 10, 65, 319, 1, 1, 1, 1, 1, 69, 0
319, 198, 533, 16318673, 6, 299, 211, 280, 10, 65, 1, 1, 1, 0.841515, 1, 69, 0
65, 201, 567, 16318673, 6, 211, 299, 280, 10, 179, 1, 1, 0.969457, 1, 0.782324, 69, 1
480, 401, 412, 16318674, 6, 104, 224, 218, 115, 317, 1, 1, 1, 1, 1, 69, 0
438, 401, 414, 16318674, 6, 104, 218, 224, 317, 115, 1, 1, 0.964087, 1, 0.962613, 69, 1
388, 401, 438, 16318674, 6, 104, 218, 224, 115, 317, 1, 1, 0.968662, 1, 1, 69, 0
280, 201, 674, 16318674, 6, 67, 376, 433, 211, 299, 0.966787, 0.962215, 0.861777, 1, 1, 69, 0
10, 198, 625, 16319292, 7, 67, 376, 433, 211, 299, 1, 1, 0.969434, 1, 1, 69, 0
280, 201, 674, 16319292, 7, 67, 376, 433, 211, 299, 0.966723, 0.962133, 0.86172, 1, 1, 69, 0
179, 198, 681, 16319292, 7, 55, 345, 433, 67, 191, 0.970324, 1, 1, 1, 0.860085, 69, 0
299, 198, 717, 16319292, 7, 250, 345, 173, 55, 433, 1, 1, 0.955186, 0.86251, 1, 69, 0
211, 201, 725, 16319292, 7, 173, 59, 250, 433, 67, 1, 1, 0.822021, 1, 1, 69, 1
67, 201, 777, 16319910, 8, 372, 300, 250, 191, 173, 1, 1, 1, 0.952215, 1, 69, 0
433, 198, 780, 16319910, 8, 275, 95, 191, 137, 300, 0.966204, 0.91744, 1, 0.754106, 1, 69, 0
59, 198, 839, 16319910, 8, 191, 55, 427, 372, 300, 1, 1, 1, 1, 1, 69, 0
173, 198, 876, 16319911, 8, 191, 55, 427, 372, 300, 1, 0.970259, 1, 1, 1, 69, 1
250, 201, 882, 16319911, 8, 191, 55, 137, 3, 275, 1, 1, 0.430917, 0.21508, 0.483305, 69, 0
300, 198, 911, 16320529, 9, 191, 55, 219, 106, 427, 1, 0.970195, 0.431268, 0.322588, 1, 69, 0
191, 201, 929, 16320529, 9, 137, 10000000, 10000000, 10000000, 10000000, 0.323167, 0, 0, 0, 0, 69, 1
55, 201, 954, 16320529, 9, 10000000, 10000000, 10000000, 10000000, 10000000, 0, 0, 0, 0, 0, 69, 0
372, 198, 956, 16320529, 9, 219, 106, 191, 55, 15, 0.646903, 0.537646, 1, 0.862395, 0, 69, 0
427, 198, 978, 16320529, 9, 219, 15, 106, 168, 55, 0.862537, 0.696241, 0.645176, 0.436407, 1, 69, 0
115, 398, 467, 16323292, 7, 104, 155, 79, 218, 224, 1, 0.751212, 0.646369, 1, 1, 69, 0
317, 401, 473, 16323292, 7, 108, 104, 218, 224, 155, 1, 1, 1, 0.753029, 0.214632, 69, 0
224, 398, 494, 16323292, 7, 225, 155, 108, 104, 79, 1, 0.965844, 0.970329, 1, 0.481956, 69, 0
218, 401, 501, 16323292, 7, 155, 108, 104, 10000000, 10000000, 0.777158, 0.759184, 1, 0, 0, 69, 0
104, 401, 536, 16323292, 7, 155, 79, 108, 10000000, 10000000, 0.683771, 0.377741, 0.232379, 0, 0, 69, 1
108, 398, 647, 16323910, 8, 79, 178, 155, 296, 225, 1, 0.859051, 1, 0.754401, 1, 69, 1
225, 398, 685, 16332529, 9, 296, 178, 79, 52, 393, 1, 0.965539, 1, 0.861524, 0.752945, 69, 0
155, 401, 711, 16332529, 9, 296, 52, 79, 178, 10000000, 0.925103, 0.867714, 1, 0.377879, 0, 69, 0
79, 401, 761, 16332529, 9, 178, 293, 296, 52, 170, 1, 1, 0.969044, 0.9297, 0.860776, 69, 1
52, 398, 848, 16333147, 10, 31, 178, 371, 293, 170, 1, 1, 1, 1, 1, 69, 0
296, 401, 878, 16333147, 10, 31, 178, 293, 371, 82, 1, 1, 0.968456, 0.753431, 0.321547, 69, 0
293, 398, 913, 16333147, 10, 404, 348, 31, 178, 236, 0.965752, 0.750535, 1, 1, 0.537758, 69, 0
178, 401, 924, 16333147, 10, 31, 10000000, 10000000, 10000000, 10000000, 1, 0, 0, 0, 0, 69, 1
31, 401, 967, 16333766, 11, 10000000, 10000000, 10000000, 10000000, 10000000, 0, 0, 0, 0, 0, 69, 0
436, 174, 1, 17299999, 1, 98, 124, 303, 240, 270, 0.970641, 0.971004, 0.955177, 1, 1, 132, 0
303, 311, 1, 17300200, 2, 292, 413, 61, 466, 341, 1, 1, 1, 1, 0.863847, 132, 1
466, 401, 12, 17308818, 3, 48, 159, 258, 341, 264, 1, 1, 1, 1, 0.795668, 132, 1
61, 422, 1, 17308818, 3, 423, 359, 5, 157, 432, 0.969374, 1, 0.970542, 1, 0.861577, 132, 0
292, 501, -1, 17308819, 3, 46, 423, 5, 359, 157, 1, 1, 1, 1, 1, 132, 1
359, 545, 1, 17309437, 4, 374, 432, 221, 12, 105, 0.969378, 1, 1, 1, 0.966532, 132, 0
157, 545, -1, 17309437, 4, 336, 230, 12, 432, 208, 1, 1, 1, 0.96921, 1, 132, 0
423, 573, 1, 17309437, 4, 156, 295, 374, 91, 184, 0.970977, 0.971929, 1, 0.754867, 0.859395, 132, 0
5, 580, -1, 17309437, 4, 184, 374, 336, 432, 12, 1, 0.968532, 1, 1, 1, 132, 0
46, 623, 1, 17309437, 4, 482, 463, 336, 105, 440, 1, 1, 1, 1, 0.970147, 132, 1
341, 401, 54, 17321436, 4, 465, 48, 159, 264, 258, 1, 1, 1, 1, 1, 132, 0
264, 398, 94, 17321437, 4, 118, 439, 465, 418, 116, 0.862731, 0.968615, 1, 1, 0.841492, 132, 0
258, 401, 101, 17321437, 4, 116, 465, 418, 48, 159, 1, 0.960586, 1, 1, 1, 132, 0
159, 401, 143, 17321437, 4, 228, 116, 485, 454, 418, 1, 1, 1, 1, 1, 132, 1
418, 398, 171, 17326055, 5, 118, 228, 41, 116, 389, 0.970089, 0.961913, 0.862086, 0.957394, 1, 132, 0
485, 412, 198, 17326055, 5, 86, 117, 228, 334, 226, 1, 1, 1, 0.958885, 1, 132, 0
454, 387, 201, 17326055, 5, 118, 117, 41, 226, 322, 1, 0.969018, 0.862086, 1, 1, 132, 0
116, 398, 249, 17326055, 5, 317, 438, 480, 470, 41, 0.96956, 1, 1, 1, 1, 132, 0
228, 398, 290, 17326055, 5, 317, 388, 438, 480, 470, 1, 1, 1, 1, 1, 132, 1
480, 401, 412, 17326674, 6, 104, 283, 218, 317, 224, 1, 1, 1, 1, 1, 132, 0
438, 401, 418, 17326674, 6, 104, 218, 317, 224, 283, 1, 1, 1, 0.967117, 0.85904, 132, 0
388, 401, 450, 17326674, 6, 108, 104, 218, 317, 224, 1, 1, 1, 1, 0.967117, 132, 1
224, 398, 480, 17331292, 7, 155, 225, 108, 104, 218, 0.860594, 0.865211, 0.858649, 1, 0.962268, 132, 0
317, 401, 487, 17331292, 7, 225, 108, 104, 218, 155, 1, 1, 1, 1, 0.215148, 132, 1
218, 401, 514, 17331292, 7, 104, 155, 108, 10000000, 10000000, 1, 0.435779, 0.43007, 0, 0, 132, 0
104, 401, 548, 17331292, 7, 225, 155, 108, 79, 10000000, 1, 0.600933, 0.376555, 0.317327, 0, 132, 0
108, 398, 634, 17331292, 7, 155, 79, 225, 308, 10000000, 1, 1, 1, 0.214684, 0, 132, 1
225, 398, 671, 17331910, 8, 155, 79, 308, 182, 10000000, 1, 1, 0.322005, 0.214639, 0, 132, 1
155, 401, 724, 17331911, 8, 10000000, 10000000, 10000000, 10000000, 10000000, 0, 0, 0, 0, 0, 132, 0
79, 401, 774, 17331911, 8, 155, 10000000, 10000000, 10000000, 10000000, 1, 0, 0, 0, 0, 132, 1
155, 401, 724, 17336529, 9, 10000000, 10000000, 10000000, 10000000, 10000000, 0, 0, 0, 0, 0, 132, 0
155, 401, 724, 17340529, 9, 10000000, 10000000, 10000000, 10000000, 10000000, 0, 0, 0, 0, 0, 132, 0
218, 401, 514, 17343910, 8, 104, 155, 108, 10000000, 10000000, 1, 0.433396, 0.427749, 0, 0, 132, 1
104, 401, 548, 17343910, 8, 225, 155, 108, 79, 10000000, 1, 0.600023, 0.375662, 0.316693, 0, 132, 0
108, 398, 634, 17343910, 8, 155, 79, 225, 308, 10000000, 1, 1, 1, 0.214394, 0, 132, 0
225, 398, 671, 17343910, 8, 155, 79, 308, 182, 10000000, 1, 1, 0.321591, 0.214363, 0, 132, 1
155, 401, 724, 17344529, 9, 10000000, 10000000, 10000000, 10000000, 10000000, 0, 0, 0, 0, 0, 132, 0
79, 401, 774, 17344529, 9, 155, 10000000, 10000000, 10000000, 10000000, 1, 0, 0, 0, 0, 132, 1
155, 401, 724, 17349147, 10, 10000000, 10000000, 10000000, 10000000, 10000000, 0, 0, 0, 0, 0, 132, 0
104, 401, 548, 17356528, 9, 225, 155, 108, 79, 10000000, 1, 0.599116, 0.374774, 0.316062, 0, 132, 1
108, 398, 634, 17356528, 9, 155, 79, 225, 308, 10000000, 1, 1, 1, 0.214104, 0, 132, 0
108, 398, 634, 17357146, 10, 155, 79, 225, 308, 10000000, 1, 1, 1, 0.21409, 0, 132, 0
225, 398, 671, 17357146, 10, 155, 79, 308, 182, 10000000, 1, 1, 0.321135, 0.214059, 0, 132, 1
155, 401, 724, 17357765, 11, 10000000, 10000000, 10000000, 10000000, 10000000, 0, 0, 0, 0, 0, 132, 0
79, 401, 774, 17357765, 11, 155, 10000000, 10000000, 10000000, 10000000, 1, 0, 0, 0, 0, 132, 1
155, 401, 724, 17362383, 12, 10000000, 10000000, 10000000, 10000000, 10000000, 0, 0, 0, 0, 0, 132, 0
490, 8, -1, 18299999, 1, 62, 154, 364, 161, 268, 1, 1, 0.968151, 0.969341, 1, 430, 0
268, 105, -1, 18300200, 2, 303, 351, 150, 60, 448, 1, 1, 1, 1, 0.963969, 430, 0
364, 128, 1, 18300200, 2, 171, 270, 303, 150, 380, 1, 1, 0.959292, 1, 0.88053, 430, 0
62, 211, 1, 18300200, 2, 7, 171, 303, 270, 292, 1, 1, 1, 1, 0.755744, 430, 1
303, 300, 1, 18300818, 3, 292, 201, 466, 100, 413, 1, 1, 1, 1, 0.968427, 430, 0
270, 304, -1, 18300818, 3, 315, 100, 61, 466, 7, 1, 1, 1, 0.947015, 1, 430, 0
171, 351, -1, 18300819, 3, 413, 100, 201, 466, 292, 1, 1, 0.931584, 0.967802, 0.825319, 430, 0
7, 380, -1, 18300819, 3, 341, 413, 315, 292, 201, 0.97139, 1, 1, 1, 1, 430, 1
413, 401, 32, 18301437, 4, 48, 418, 159, 258, 264, 1, 1, 0.968793, 1, 0.972628, 430, 0
341, 401, 67, 18301437, 4, 465, 48, 159, 258, 346, 1, 1, 1, 1, 0.843591, 430, 1
201, 463, 1, 18301437, 4, 432, 423, 5, 359, 157, 0.862412, 1, 1, 1, 1, 430, 0
315, 494, 1, 18301437, 4, 432, 12, 374, 295, 423, 0.970213, 1, 0.756599, 0.647559, 1, 430, 1
292, 516, -1, 18301437, 4, 12, 423, 46, 5, 359, 1, 1, 1, 1, 1, 430, 0
258, 401, 116, 18302055, 5, 324, 228, 116, 454, 27, 1, 1, 1, 1, 1, 430, 0
346, 398, 130, 18302055, 5, 228, 118, 116, 485, 439, 0.972005, 0.862182, 0.965307, 1, 0.969037, 430, 0
159, 401, 157, 18302055, 5, 324, 116, 228, 485, 454, 1, 1, 0.875391, 1, 1, 430, 0
48, 401, 182, 18302055, 5, 324, 228, 443, 116, 118, 1, 1, 0.786867, 0.884914, 0.646636, 430, 1
116, 398, 235, 18306674, 6, 438, 470, 480, 41, 391, 1, 1, 0.968275, 1, 1, 430, 0
228, 398, 277, 18306674, 6, 388, 317, 438, 480, 470, 1, 0.967931, 1, 1, 1, 430, 0
324, 398, 317, 18306674, 6, 317, 218, 388, 438, 480, 1, 0.968881, 1, 1, 1, 430, 1
118, 401, 350, 18306674, 6, 115, 224, 480, 470, 317, 1, 0.911741, 1, 1, 0.847083, 430, 0
480, 401, 412, 18307292, 7, 218, 104, 360, 317, 283, 1, 0.970626, 1, 1, 0.96884, 430, 0
438, 401, 424, 18307292, 7, 104, 218, 317, 224, 388, 1, 1, 1, 0.970751, 1, 430, 0
388, 401, 464, 18307292, 7, 104, 218, 108, 317, 224, 1, 1, 1, 1, 1, 430, 1
423, 565, 1, 18310055, 5, 156, 374, 295, 184, 432, 0.85988, 1, 0.86261, 0.971179, 1, 430, 0
12, 598, 12, 18310055, 5, 91, 47, 156, 384, 295, 0.971703, 0.878671, 1, 1, 1, 430, 1
295, 601, 113, 18314674, 6, 294, 207, 47, 88, 91, 1, 1, 1, 1, 1, 430, 0
384, 598, 128, 18314674, 6, 114, 47, 207, 88, 294, 1, 1, 0.85967, 1, 0.751593, 430, 0
156, 601, 157, 18314674, 6, 294, 47, 86, 88, 91, 1, 1, 1, 1, 1, 430, 0
47, 598, 211, 18314674, 6, 435, 379, 114, 294, 207, 0.968409, 1, 1, 1, 1, 430, 1
224, 398, 468, 18315910, 8, 104, 218, 317, 108, 225, 1, 0.967918, 1, 0.751832, 0.910141, 430, 0
317, 401, 501, 18315910, 8, 104, 218, 10000000, 10000000, 10000000, 1, 1, 0, 0, 0, 430, 0
218, 401, 526, 18315911, 8, 104, 16, 10000000, 10000000, 10000000, 1, 0, 0, 0, 0, 430, 0
104, 401, 559, 18315911, 8, 16, 10000000, 10000000, 10000000, 10000000, 0, 0, 0, 0, 0, 430, 1
16, 410, 601, 18316529, 9, 163, 96, 310, 381, 312, 1, 0.969014, 1, 0.859293, 1, 430, 1
310, 489, 601, 18317147, 10, 21, 96, 19, 90, 163, 1, 1, 1, 0.966121, 1, 430, 0
312, 506, 598, 18317147, 10, 21, 96, 19, 163, 90, 1, 1, 1, 1, 0.879598, 430, 0
96, 586, 598, 18317147, 10, 21, 464, 10000000, 10000000, 10000000, 1, 0.907824, 0, 0, 0, 430, 1
207, 598, 253, 18319292, 7, 450, 435, 85, 114, 379, 1, 1, 0.859298, 1, 1, 430, 0
294, 598, 289, 18319292, 7, 248, 368, 180, 450, 435, 1, 0.970892, 0.862842, 1, 1, 430, 0
379, 598, 331, 18319293, 7, 368, 180, 131, 85, 290, 1, 0.862842, 0.957452, 1, 0.860105, 430, 0
114, 601, 345, 18319293, 7, 353, 248, 290, 368, 131, 1, 1, 0.960686, 1, 1, 430, 0
464, 598, 587, 18321765, 11, 430, 21, 10000000, 10000000, 10000000, 1, 1, 0, 0, 0, 430, 0
21, 601, 589, 18321765, 11, 430, 464, 10000000, 10000000, 10000000, 0.967048, 1, 0, 0, 0, 430, 0
464, 598, 587, 18322383, 12, 430, 21, 10000000, 10000000, 10000000, 1, 1, 0, 0, 0, 430, 0
85, 598, 417, 18323911, 8, 21, 464, 180, 353, 290, 1, 1, 1, 1, 1, 430, 0
131, 598, 450, 18323911, 8, 430, 464, 21, 180, 353, 1, 1, 1, 1, 1, 430, 0
180, 601, 550, 18323911, 8, 430, 10000000, 10000000, 10000000, 10000000, 1, 0, 0, 0, 0, 430, 0
21, 601, 589, 18327001, 13, 430, 464, 10000000, 10000000, 10000000, 0.966504, 1, 0, 0, 0, 430, 0
317, 401, 501, 18332528, 9, 104, 218, 10000000, 10000000, 10000000, 1, 1, 0, 0, 0, 430, 0
218, 401, 526, 18332529, 9, 104, 16, 10000000, 10000000, 10000000, 1, 0, 0, 0, 0, 430, 0
104, 401, 559, 18332529, 9, 16, 10000000, 10000000, 10000000, 10000000, 0, 0, 0, 0, 0, 430, 0
16, 410, 601, 18333147, 10, 163, 96, 310, 312, 381, 1, 0.967283, 1, 1, 0.857762, 430, 0
310, 489, 601, 18333765, 11, 21, 96, 19, 163, 90, 1, 1, 1, 1, 0.9644, 430, 0
312, 506, 598, 18333765, 11, 21, 96, 19, 163, 90, 1, 1, 1, 1, 0.873216, 430, 0
163, 567, 598, 18333765, 11, 464, 21, 96, 90, 19, 1, 1, 1, 1, 1, 430, 0
96, 586, 598, 18334383, 12, 21, 464, 10000000, 10000000, 10000000, 1, 0.903113, 0, 0, 0, 430, 0
19, 598, 604, 18334383, 12, 430, 21, 180, 464, 96, 1, 1, 1, 0.857875, 1, 430, 0
464, 598, 587, 18334383, 12, 430, 21, 10000000, 10000000, 10000000, 1, 1, 0, 0, 0, 430, 0
21, 601, 589, 18334383, 12, 430, 464, 10000000, 10000000, 10000000, 0.965738, 1, 0, 0, 0, 430, 0
90, 611, 601, 18334383, 12, 21, 464, 430, 96, 10000000, 1, 0.924183, 0.699583, 0.94616, 0, 430, 0
21, 601, 589, 18335001, 13, 430, 464, 10000000, 10000000, 10000000, 0.965674, 1, 0, 0, 0, 430, 0
464, 598, 587, 18339619, 14, 430, 21, 10000000, 10000000, 10000000, 1, 1, 0, 0, 0, 430, 0
21, 601, 589, 18344237, 15, 430, 464, 10000000, 10000000, 10000000, 0.964718, 1, 0, 0, 0, 430, 0
464, 598, 587, 18348855, 16, 430, 21, 10000000, 10000000, 10000000, 1, 1, 0, 0, 0, 430, 0
21, 601, 589, 18353473, 17, 430, 464, 10000000, 10000000, 10000000, 0.963764, 1, 0, 0, 0, 430, 0
464, 598, 587, 18358091, 18, 430, 21, 10000000, 10000000, 10000000, 1, 1, 0, 0, 0, 430, 0
21, 601, 589, 18362709, 19, 430, 464, 10000000, 10000000, 10000000, 0.962812, 1, 0, 0, 0, 430, 0
464, 598, 587, 18367327, 20, 430, 21, 10000000, 10000000, 10000000, 1, 1, 0, 0, 0, 430, 0
21, 601, 589, 18371945, 21, 430, 464, 10000000, 10000000, 10000000, 0.961861, 1, 0, 0, 0, 430, 0
98, 201, 178, 19299999, 1, 133, 327, 253, 335, 408, 1, 1, 1, 1, 1, 355, 0
408, 201, 248, 19300200, 2, 223, 18, 23, 133, 327, 1, 1, 0.97226, 1, 1, 355, 0
335, 201, 286, 19300200, 2, 223, 18, 481, 403, 23, 1, 1, 1, 0.94045, 1, 355, 0
253, 201, 319, 19300200, 2, 316, 18, 472, 23, 223, 1, 1, 0.950264, 1, 0.879593, 355, 1
23, 201, 393, 19308818, 3, 53, 470, 45, 278, 356, 1, 1, 1, 1, 1, 355, 0
18, 210, 401, 19308818, 3, 189, 278, 470, 356, 412, 0.970799, 1, 0.862293, 1, 0.824917, 355, 1
472, 201, 412, 19308818, 3, 206, 316, 319, 333, 403, 0.971709, 1, 0.966852, 1, 1, 355, 0
223, 198, 444, 19308818, 3, 206, 65, 316, 319, 179, 1, 0.967639, 1, 1, 0.755863, 355, 0
356, 313, 401, 19313437, 4, 283, 167, 360, 145, 412, 1, 0.96808, 1, 1, 1, 355, 0
278, 328, 398, 19313437, 4, 306, 145, 53, 480, 41, 1, 1, 1, 1, 1, 355, 1
41, 401, 401, 19318055, 5, 431, 167, 378, 283, 306, 1, 1, 1, 1, 1, 355, 0
480, 401, 412, 19318055, 5, 218, 360, 317, 388, 283, 1, 1, 1, 1, 0.861325, 355, 0
53, 411, 401, 19318055, 5, 85, 431, 167, 378, 283, 1, 1, 1, 1, 1, 355, 0
145, 434, 401, 19318055, 5, 85, 455, 24, 431, 167, 1, 0.966992, 0.967932, 1, 1, 355, 0
306, 474, 401, 19318055, 5, 85, 455, 24, 431, 167, 1, 1, 1, 1, 1, 355, 1
431, 549, 401, 19318673, 6, 239, 368, 125, 290, 81, 1, 0.969559, 1, 0.860208, 1, 355, 0
167, 550, 398, 19318673, 6, 131, 81, 85, 125, 455, 1, 1, 1, 0.917293, 1, 355, 0
455, 587, 401, 19318674, 6, 353, 290, 248, 368, 239, 1, 0.967734, 1, 1, 1, 355, 0
24, 591, 398, 19318674, 6, 180, 430, 290, 353, 248, 1, 1, 1, 1, 1, 355, 0
85, 598, 410, 19318674, 6, 96, 21, 464, 180, 290, 1, 0.970883, 0.966476, 1, 1, 355, 1
290, 601, 533, 19319292, 7, 205, 90, 21, 304, 464, 1, 1, 1, 0.873812, 1, 355, 0
96, 592, 598, 19319292, 7, 277, 255, 417, 339, 381, 1, 1, 0.86657, 0.9041, 0.966977, 355, 1
255, 677, 601, 19319910, 8, 37, 471, 70, 445, 84, 1, 1, 1, 1, 1, 355, 0
381, 690, 598, 19319910, 8, 37, 471, 70, 203, 84, 1, 1, 1, 1, 0.967285, 355, 0
339, 718, 601, 19319911, 8, 411, 355, 471, 70, 445, 0.965927, 0.861427, 1, 1, 1, 355, 0
277, 719, 598, 19319911, 8, 37, 471, 445, 84, 203, 1, 1, 1, 1, 1, 355, 1
445, 780, 601, 19320529, 9, 355, 301, 172, 411, 265, 1, 0.967239, 0.964444, 1, 0.862632, 355, 0
471, 787, 601, 19320529, 9, 355, 172, 411, 265, 301, 1, 1, 1, 0.970461, 0.725429, 355, 0
84, 791, 598, 19320529, 9, 301, 355, 172, 411, 265, 1, 1, 1, 1, 1, 355, 0
37, 798, 612, 19320529, 9, 301, 355, 172, 411, 265, 1, 1, 1, 1, 1, 355, 1
203, 832, 601, 19320529, 9, 37, 70, 471, 84, 445, 1, 1, 0.966287, 1, 0.821503, 355, 0
411, 801, 648, 19321147, 10, 301, 355, 172, 10000000, 10000000, 1, 1, 1, 0, 0, 355, 0
172, 798, 652, 19321147, 10, 301, 355, 10000000, 10000000, 10000000, 1, 1, 0, 0, 0, 355, 0
301, 798, 677, 19321147, 10, 10000000, 10000000, 10000000, 10000000, 10000000, 0, 0, 0, 0, 0, 355, 0
265, 801, 723, 19321147, 10, 301, 355, 172, 411, 10000000, 1, 1, 1, 1, 0, 355, 0
301, 798, 677, 19329765, 11, 10000000, 10000000, 10000000, 10000000, 10000000, 0, 0, 0, 0, 0, 355, 0
388, 401, 479, 19330673, 6, 225, 108, 104, 218, 317, 1, 1, 1, 1, 1, 355, 0
317, 401, 514, 19330673, 6, 108, 104, 225, 218, 16, 1, 1, 0.871321, 1, 0, 355, 0
218, 401, 539, 19330673, 6, 16, 104, 225, 108, 155, 1, 1, 0.773533, 0.693708, 0.232877, 355, 0
104, 401, 570, 19331291, 7, 16, 225, 155, 108, 79, 1, 1, 0.721863, 0.547098, 0.240887, 355, 0
16, 407, 600, 19331292, 7, 163, 312, 96, 310, 381, 1, 1, 0.857894, 1, 0.751125, 355, 0
108, 398, 607, 19331292, 7, 174, 16, 225, 155, 10000000, 1, 1, 1, 1, 0, 355, 0
225, 398, 643, 19331292, 7, 16, 10000000, 10000000, 10000000, 10000000, 1, 0, 0, 0, 0, 355, 0
310, 476, 601, 19331910, 8, 381, 19, 21, 90, 277, 1, 1, 1, 0.969207, 0.857481, 355, 0
312, 518, 598, 19331910, 8, 255, 19, 21, 96, 90, 1, 1, 1, 1, 0.912262, 355, 0
163, 576, 598, 19331910, 8, 255, 381, 277, 144, 205, 1, 1, 0.857481, 0.911914, 1, 355, 0
96, 592, 598, 19331910, 8, 277, 255, 417, 339, 381, 1, 1, 0.861858, 0.900675, 0.965668, 355, 0
205, 598, 646, 19332528, 9, 241, 10000000, 10000000, 10000000, 10000000, 1, 0, 0, 0, 0, 355, 0
144, 654, 601, 19332528, 9, 471, 445, 84, 417, 129, 1, 1, 1, 1, 1, 355, 0
255, 677, 601, 19332528, 9, 37, 471, 70, 445, 84, 1, 1, 1, 1, 1, 355, 0
381, 690, 598, 19332528, 9, 37, 471, 70, 203, 84, 1, 1, 1, 1, 0.965975, 355, 0
445, 780, 601, 19333147, 10, 355, 301, 172, 411, 265, 1, 0.965766, 0.962979, 1, 0.86146, 355, 0
471, 787, 601, 19333147, 10, 355, 172, 411, 265, 301, 1, 1, 1, 0.969142, 0.724324, 355, 0
84, 791, 598, 19333147, 10, 301, 355, 172, 411, 265, 1, 1, 1, 1, 1, 355, 0
37, 798, 612, 19333147, 10, 301, 355, 172, 411, 265, 1, 1, 1, 1, 1, 355, 0
70, 813, 601, 19333147, 10, 37, 10000000, 10000000, 10000000, 10000000, 1, 0, 0, 0, 0, 355, 0
411, 801, 648, 19333765, 11, 301, 355, 172, 10000000, 10000000, 1, 1, 1, 0, 0, 355, 0
172, 798, 652, 19333765, 11, 301, 355, 10000000, 10000000, 10000000, 1, 1, 0, 0, 0, 355, 0
301, 798, 677, 19333765, 11, 10000000, 10000000, 10000000, 10000000, 10000000, 0, 0, 0, 0, 0, 355, 0
265, 801, 723, 19333765, 11, 301, 355, 172, 411, 10000000, 1, 1, 1, 1, 0, 355, 0
301, 798, 677, 19342383, 12, 10000000, 10000000, 10000000, 10000000, 10000000, 0, 0, 0, 0, 0, 355, 0
241, 598, 669, 19349146, 10, 10000000, 10000000, 10000000, 10000000, 10000000, 0, 0, 0, 0, 0, 355, 0
