source_id,source_x,source_y,time,hop,pri_1_id,pri_2_id,pri_3_id,pri_4_id,pri_5_id,pri_1_r,pri_2_r,pri_3_r,pri_4_r,pri_5_r,des_id,send_log
379, 1, 212, 10299999, 1, 64, 32, 174, 56, 176, 0.968873, 1, 0.75897, 0.968019, 1, 257, 1
176, 1, 247, 10300200, 2, 64, 32, 282, 174, 191, 1, 1, 0.47814, 0.477992, 0.378133, 257, 0
32, 1, 282, 10300200, 2, 282, 348, 64, 191, 174, 0.861162, 0.848059, 1, 0.611992, 0.539528, 257, 0
64, -1, 319, 10300200, 2, 43, 191, 348, 282, 174, 1, 1, 1, 1, 1, 257, 1
174, -1, 355, 10300733, 3, 201, 43, 191, 221, 348, 1, 1, 1, 0.860472, 1, 257, 0
282, -1, 381, 10300733, 3, 50, 43, 191, 221, 110, 0.940788, 1, 0.972272, 0.968031, 0.755519, 257, 1
348, -1, 387, 10300733, 3, 110, 43, 191, 221, 50, 0.971382, 1, 1, 1, 0.686926, 257, 0
191, 1, 446, 10300733, 3, 163, 267, 328, 340, 43, 1, 1, 0.776849, 0.755258, 1, 257, 0
43, 1, 474, 10300733, 3, 390, 370, 201, 163, 267, 1, 0.959556, 0.946189, 0.755291, 0.759556, 257, 1
201, -1, 556, 10301267, 4, 28, 163, 259, 267, 374, 0.967775, 0.967135, 0.97092, 1, 1, 257, 0
370, -1, 587, 10301267, 4, 34, 308, 134, 28, 259, 0.968057, 1, 1, 0.967775, 1, 257, 1
267, 1, 619, 10301267, 4, 34, 134, 28, 259, 214, 0.860495, 0.97102, 0.967775, 1, 0.726677, 257, 0
259, 19, 598, 10305800, 5, 34, 103, 134, 189, 210, 0.967585, 0.723072, 1, 0.323317, 0.21517, 257, 0
134, 44, 598, 10305800, 5, 34, 103, 107, 189, 210, 1, 0.753551, 0.467343, 0.431089, 0.317242, 257, 1
28, 1, 683, 10305800, 5, 214, 2, 275, 242, 142, 0.755656, 0.796143, 0.361226, 0.363384, 0.323986, 257, 0
191, 1, 446, 10313266, 4, 163, 267, 328, 340, 43, 1, 1, 0.769359, 0.753475, 1, 257, 0
43, 1, 474, 10313266, 4, 390, 370, 201, 163, 267, 1, 0.95791, 0.94395, 0.753508, 0.757753, 257, 0
50, -1, 519, 10313267, 4, 28, 163, 267, 374, 328, 0.966527, 0.969739, 1, 1, 1, 257, 1
328, 1, 612, 10313800, 5, 134, 34, 28, 259, 163, 1, 0.859337, 0.966472, 1, 0.965672, 257, 0
374, 1, 612, 10313800, 5, 134, 34, 28, 2, 259, 1, 0.859337, 0.966472, 0.823467, 1, 257, 0
267, 1, 619, 10313800, 5, 34, 134, 28, 259, 214, 0.859337, 0.969708, 0.966472, 1, 0.725576, 257, 0
163, 1, 645, 10313800, 5, 28, 2, 34, 214, 242, 0.966472, 0.753698, 0.644503, 0.604647, 0.484043, 257, 0
28, 1, 683, 10313800, 5, 214, 2, 275, 242, 142, 0.755004, 0.79513, 0.360879, 0.363032, 0.323706, 257, 1
34, 79, 598, 10314333, 6, 107, 103, 189, 210, 276, 0.78692, 0.72233, 0.538367, 0.322459, 0.107542, 257, 1
103, 110, 601, 10314333, 6, 107, 276, 20, 210, 189, 0.966359, 1, 0.765395, 0.859892, 0.96906, 257, 0
2, -1, 718, 10314333, 6, 392, 308, 396, 353, 275, 0.971216, 0.969958, 0.969148, 0.967898, 1, 257, 0
189, 157, 601, 10314333, 6, 107, 210, 276, 67, 222, 1, 1, 1, 0.863517, 0.860839, 257, 0
214, -1, 756, 10314333, 6, 392, 308, 396, 353, 233, 1, 0.969958, 0.969148, 0.967898, 0.861355, 257, 1
242, -1, 780, 10314333, 6, 77, 208, 233, 392, 308, 0.859194, 0.968952, 0.969024, 0.971216, 0.969958, 257, 0
275, 1, 820, 10314334, 6, 77, 208, 233, 392, 308, 0.859194, 0.968952, 1, 0.971216, 0.969957, 257, 0
142, 1, 851, 10314334, 6, 233, 396, 392, 308, 353, 0.969024, 1, 0.971216, 0.969957, 0.967897, 257, 0
103, 110, 601, 10314866, 7, 107, 276, 20, 210, 189, 0.966304, 1, 0.765083, 0.859842, 0.969004, 257, 0
189, 157, 601, 10314866, 7, 107, 210, 276, 67, 222, 1, 1, 1, 0.863467, 0.860789, 257, 0
308, 12, 798, 10314866, 7, 77, 184, 68, 208, 324, 1, 0.753569, 0.794106, 0.968897, 0.467274, 257, 0
353, 12, 798, 10314866, 7, 68, 77, 246, 208, 233, 1, 1, 0.635043, 1, 1, 257, 0
392, 12, 798, 10314866, 7, 77, 208, 68, 246, 233, 1, 0.968897, 0.635285, 0.411748, 1, 257, 1
396, 12, 798, 10314866, 7, 77, 271, 68, 208, 184, 1, 0.702635, 0.794106, 1, 0.636183, 257, 0
233, 19, 798, 10315399, 8, 77, 184, 68, 208, 271, 1, 0.753526, 0.794039, 0.968841, 0.43464, 257, 0
208, 46, 798, 10315400, 8, 68, 77, 184, 246, 324, 0.96422, 1, 0.645879, 0.568821, 0.539126, 257, 0
77, 89, 798, 10315400, 8, 184, 324, 271, 136, 68, 0.968819, 0.754777, 0.722129, 0.635533, 1, 257, 1
68, 107, 801, 10315400, 8, 136, 3, 271, 324, 246, 1, 0.967491, 1, 1, 1, 257, 0
68, 107, 801, 10315933, 9, 136, 3, 271, 324, 246, 1, 0.967435, 1, 1, 1, 257, 0
184, 157, 801, 10315933, 9, 215, 3, 136, 271, 324, 0.910978, 0.967435, 1, 1, 1, 257, 1
324, 201, 812, 10315933, 9, 3, 136, 271, 10000000, 10000000, 0.967435, 1, 1, 0, 0, 257, 0
271, 220, 798, 10315933, 9, 352, 3, 227, 95, 136, 0.909801, 0.967435, 0.688132, 0.724824, 1, 257, 0
136, 247, 798, 10315933, 9, 227, 304, 215, 95, 3, 0.700595, 0.684586, 0.684863, 0.755297, 0.967435, 257, 0
324, 201, 812, 10316466, 10, 3, 136, 271, 10000000, 10000000, 0.96738, 1, 1, 0, 0, 257, 0
271, 220, 798, 10316466, 10, 352, 3, 227, 95, 136, 0.909654, 0.96738, 0.688082, 0.724778, 1, 257, 0
136, 247, 798, 10316466, 10, 227, 304, 215, 95, 3, 0.700508, 0.684536, 0.684813, 0.755254, 0.96738, 257, 0
3, 275, 798, 10316466, 10, 352, 304, 227, 215, 95, 0.754724, 0.724916, 0.7255, 0.754138, 0.845574, 257, 1
189, 157, 601, 10319399, 8, 107, 210, 276, 67, 222, 1, 1, 1, 0.863045, 0.86037, 257, 0
107, 273, 598, 10319400, 8, 162, 20, 182, 154, 96, 0.881195, 0.969048, 0.564972, 0.15915, 0.107846, 257, 1
20, 312, 601, 10319933, 9, 96, 162, 154, 182, 79, 0.97056, 1, 0.85892, 0.96662, 0.64467, 257, 0
182, 356, 601, 10319933, 9, 96, 162, 154, 79, 16, 0.97056, 1, 1, 0.752115, 0.567428, 257, 0
95, 318, 801, 10320999, 11, 82, 181, 292, 352, 304, 1, 1, 1, 1, 1, 257, 0
215, 354, 801, 10321000, 11, 82, 181, 292, 177, 304, 0.965629, 1, 1, 1, 1, 257, 0
227, 381, 801, 10321000, 11, 387, 309, 82, 181, 141, 1, 0.870006, 1, 1, 0.702115, 257, 0
304, 387, 801, 10321000, 11, 33, 82, 181, 292, 177, 0.932097, 1, 1, 1, 1, 257, 0
352, 387, 801, 10321000, 11, 33, 360, 141, 82, 181, 1, 0.877083, 0.868465, 1, 1, 257, 1
181, 444, 798, 10321533, 12, 240, 387, 257, 33, 358, 1, 0.824359, 0.751005, 0.859718, 0.754558, 257, 0
82, 484, 798, 10321533, 12, 317, 358, 33, 384, 387, 0.949349, 0.821991, 0.952763, 0.753223, 0.725003, 257, 0
33, 520, 801, 10321533, 12, 257, 387, 358, 317, 384, 1, 1, 1, 1, 0.968429, 257, 1
317, 587, 801, 10322066, 13, 257, 387, 384, 358, 10000000, 1, 1, 0.968374, 1, 0, 257, 0
358, 587, 801, 10322066, 13, 257, 387, 384, 317, 10000000, 1, 1, 0.968374, 1, 0, 257, 0
387, 587, 801, 10322066, 13, 257, 384, 358, 317, 10000000, 1, 0.968374, 1, 1, 0, 257, 0
259, 19, 598, 10322333, 6, 34, 103, 134, 189, 210, 0.965869, 0.721635, 1, 0.322742, 0.214788, 257, 0
28, 1, 683, 10322333, 6, 214, 2, 275, 242, 142, 0.75431, 0.794053, 0.360509, 0.362658, 0.323408, 257, 0
214, -1, 756, 10322333, 6, 392, 308, 396, 353, 233, 1, 0.969122, 0.968314, 0.967066, 0.860613, 257, 0
182, 356, 601, 10324466, 10, 96, 162, 154, 79, 16, 0.970085, 1, 1, 0.751749, 0.566942, 257, 0
317, 587, 801, 10326599, 14, 257, 387, 384, 358, 10000000, 1, 1, 0.967902, 1, 0, 257, 0
358, 587, 801, 10326599, 14, 257, 387, 384, 317, 10000000, 1, 1, 0.967902, 1, 0, 257, 0
384, 587, 801, 10326599, 14, 257, 387, 358, 317, 10000000, 0.965053, 0.968122, 1, 1, 0, 257, 0
2, -1, 718, 10330866, 7, 392, 308, 396, 353, 275, 0.969486, 0.968232, 0.967425, 0.96618, 1, 257, 0
214, -1, 756, 10330866, 7, 392, 308, 396, 353, 233, 1, 0.968232, 0.967425, 0.96618, 0.859824, 257, 0
242, -1, 780, 10330866, 7, 77, 208, 233, 392, 308, 0.857671, 0.967231, 0.967302, 0.969486, 0.968232, 257, 0
275, 1, 820, 10330867, 7, 77, 208, 233, 392, 308, 0.857671, 0.967231, 1, 0.969486, 0.968232, 257, 0
317, 587, 801, 10331132, 15, 257, 387, 384, 358, 10000000, 1, 1, 0.96743, 1, 0, 257, 0
358, 587, 801, 10331132, 15, 257, 387, 384, 317, 10000000, 1, 1, 0.96743, 1, 0, 257, 0
387, 587, 801, 10331132, 15, 257, 384, 358, 317, 10000000, 1, 0.96743, 1, 1, 0, 257, 0
308, 12, 798, 10331399, 8, 77, 184, 68, 208, 324, 1, 0.75223, 0.792026, 0.967175, 0.465476, 257, 0
353, 12, 798, 10331399, 8, 68, 77, 246, 208, 233, 1, 1, 0.63338, 1, 1, 257, 0
392, 12, 798, 10331399, 8, 77, 208, 68, 246, 233, 1, 0.967175, 0.633621, 0.410816, 1, 257, 0
396, 12, 798, 10331399, 8, 77, 271, 68, 208, 184, 1, 0.699925, 0.792026, 1, 0.634515, 257, 0
233, 19, 798, 10331932, 9, 77, 184, 68, 208, 271, 1, 0.752187, 0.791959, 0.96712, 0.431539, 257, 0
208, 47, 798, 10331933, 9, 68, 77, 184, 246, 324, 0.962302, 1, 0.644732, 0.567044, 0.538167, 257, 0
77, 89, 798, 10331933, 9, 184, 324, 271, 136, 68, 0.967098, 0.753434, 0.720695, 0.633868, 1, 257, 0
68, 107, 801, 10331933, 9, 136, 3, 271, 324, 246, 1, 0.965774, 1, 1, 1, 257, 0
134, 44, 598, 10334866, 7, 34, 103, 107, 189, 210, 1, 0.7512, 0.46419, 0.429743, 0.315786, 257, 0
34, 79, 598, 10334866, 7, 107, 103, 189, 210, 276, 0.774407, 0.720548, 0.537179, 0.321749, 0.107305, 257, 0
103, 110, 601, 10334866, 7, 107, 276, 20, 210, 189, 0.964233, 1, 0.753552, 0.857998, 0.966922, 257, 0
103, 110, 601, 10335399, 8, 107, 276, 20, 210, 189, 0.964178, 1, 0.75325, 0.857949, 0.966867, 257, 0
189, 157, 601, 10335399, 8, 107, 210, 276, 67, 222, 1, 1, 1, 0.861558, 0.858892, 257, 0
317, 587, 801, 10335665, 16, 257, 387, 384, 358, 10000000, 1, 1, 0.966959, 1, 0, 257, 0
358, 587, 801, 10335665, 16, 257, 387, 384, 317, 10000000, 1, 1, 0.966959, 1, 0, 257, 0
384, 587, 801, 10335665, 16, 257, 387, 358, 317, 10000000, 0.964116, 0.967179, 1, 1, 0, 257, 0
276, 201, 618, 10335932, 9, 10, 67, 107, 210, 295, 0.950465, 0.969197, 0.856998, 1, 0.411721, 257, 0
210, 201, 645, 10335932, 9, 324, 67, 10, 295, 178, 1, 1, 0.602042, 0.481987, 0.474418, 257, 0
107, 273, 598, 10335933, 9, 162, 20, 182, 154, 96, 0.874822, 0.967326, 0.563218, 0.158733, 0.107654, 257, 0
20, 312, 601, 10336466, 10, 162, 96, 154, 182, 79, 1, 0.968832, 0.857398, 0.964907, 0.643527, 257, 0
182, 356, 601, 10336466, 10, 96, 162, 154, 79, 16, 0.968832, 1, 1, 0.750781, 0.565659, 257, 0
154, 401, 638, 10336999, 11, 79, 108, 177, 31, 10000000, 0.965235, 0.60326, 0.232951, 0.214923, 0, 257, 0
162, 447, 598, 10336999, 11, 96, 273, 173, 128, 16, 1, 0.695641, 0.536761, 0.548596, 0.53759, 257, 0
16, 509, 601, 10336999, 11, 186, 4, 173, 273, 204, 0.859214, 0.749724, 1, 0.964998, 0.214963, 257, 0
317, 587, 801, 10340198, 17, 257, 387, 384, 358, 10000000, 1, 1, 0.966488, 1, 0, 257, 0
358, 587, 801, 10340198, 17, 257, 387, 384, 317, 10000000, 1, 1, 0.966488, 1, 0, 257, 0
387, 587, 801, 10340198, 17, 257, 384, 358, 317, 10000000, 1, 0.966488, 1, 1, 0, 257, 0
67, 201, 691, 10340466, 10, 295, 324, 190, 178, 246, 0.960086, 0.818972, 0.696246, 0.684416, 0.547075, 257, 0
10, 198, 712, 10340466, 10, 271, 324, 246, 190, 295, 0.858019, 1, 1, 1, 1, 257, 0
178, 198, 756, 10340466, 10, 271, 136, 3, 324, 246, 0.965272, 0.750326, 0.643261, 1, 1, 257, 0
295, 198, 780, 10340466, 10, 136, 271, 3, 324, 246, 0.964704, 1, 0.750471, 1, 1, 257, 0
324, 201, 812, 10340466, 10, 3, 136, 271, 10000000, 10000000, 0.964891, 1, 1, 0, 0, 257, 0
271, 220, 798, 10340999, 11, 352, 3, 227, 95, 136, 0.902938, 0.964836, 0.685766, 0.722636, 1, 257, 0
136, 247, 798, 10340999, 11, 227, 304, 215, 95, 3, 0.696518, 0.682245, 0.68252, 0.75326, 0.964836, 257, 0
3, 276, 798, 10340999, 11, 352, 304, 227, 215, 95, 0.752733, 0.722773, 0.723354, 0.75215, 0.843076, 257, 0
96, 484, 598, 10341532, 12, 16, 173, 273, 84, 128, 1, 0.723158, 0.409583, 0.461055, 0.322727, 257, 0
95, 318, 801, 10341532, 12, 82, 181, 292, 352, 304, 1, 1, 1, 1, 1, 257, 0
16, 509, 601, 10341532, 12, 186, 4, 173, 273, 204, 0.858796, 0.74936, 1, 0.964529, 0.214858, 257, 0
215, 354, 801, 10341533, 12, 82, 181, 292, 177, 304, 0.963242, 1, 1, 1, 1, 257, 0
227, 380, 801, 10341533, 12, 387, 82, 309, 181, 141, 1, 1, 0.862303, 1, 0.698757, 257, 0
304, 387, 801, 10341533, 12, 33, 82, 181, 292, 177, 0.927658, 1, 1, 1, 1, 257, 0
352, 387, 801, 10341533, 12, 33, 360, 141, 82, 181, 1, 0.869255, 0.86079, 1, 1, 257, 0
128, 643, 598, 10341533, 12, 173, 186, 4, 273, 16, 1, 0.751446, 0.642308, 1, 0.967191, 257, 0
16, 509, 601, 10342065, 13, 186, 4, 173, 273, 204, 0.858746, 0.749317, 1, 0.964474, 0.214846, 257, 0
173, 553, 601, 10342066, 13, 186, 4, 309, 393, 19, 1, 0.856362, 0.322564, 0.321186, 0.316334, 257, 0
273, 620, 598, 10342066, 13, 4, 186, 173, 10000000, 10000000, 0.856362, 0.96609, 1, 0, 0, 257, 0
181, 444, 798, 10342066, 13, 240, 387, 257, 33, 358, 1, 0.82204, 0.749354, 0.857825, 0.752892, 257, 0
128, 643, 598, 10342066, 13, 173, 186, 4, 273, 16, 1, 0.751403, 0.642272, 1, 0.967135, 257, 0
82, 484, 798, 10342066, 13, 317, 358, 33, 384, 387, 0.946275, 0.819685, 0.949667, 0.751562, 0.723208, 257, 0
84, 685, 598, 10342066, 13, 173, 273, 16, 128, 186, 1, 1, 1, 1, 0.64406, 257, 0
33, 519, 801, 10342066, 13, 257, 387, 358, 317, 384, 1, 1, 1, 1, 0.966294, 257, 0
173, 553, 601, 10342599, 14, 186, 4, 309, 393, 19, 1, 0.856313, 0.322545, 0.321167, 0.316307, 257, 0
273, 620, 598, 10342599, 14, 4, 186, 173, 10000000, 10000000, 0.856313, 0.966034, 1, 0, 0, 257, 0
317, 587, 801, 10342599, 14, 257, 387, 384, 358, 10000000, 1, 1, 0.966239, 1, 0, 257, 0
358, 587, 801, 10342599, 14, 257, 387, 384, 317, 10000000, 1, 1, 0.966239, 1, 0, 257, 0
384, 587, 801, 10342599, 14, 257, 387, 358, 317, 10000000, 0.9634, 0.966459, 1, 1, 0, 257, 0
387, 587, 801, 10342599, 14, 257, 384, 358, 317, 10000000, 1, 0.966239, 1, 1, 0, 257, 0
79, 401, 680, 10345532, 12, 292, 108, 177, 31, 10000000, 0.923975, 0.843695, 0.409855, 0.376183, 0, 257, 0
108, 398, 728, 10345532, 12, 292, 177, 31, 181, 352, 1, 1, 0.966267, 0.643518, 1, 257, 0
108, 398, 728, 10346065, 13, 292, 177, 31, 181, 352, 1, 1, 0.966212, 0.643481, 1, 257, 0
292, 401, 821, 10346066, 13, 82, 181, 10000000, 10000000, 10000000, 0.842377, 0.965222, 0, 0, 0, 257, 0
177, 401, 843, 10346066, 13, 181, 82, 292, 10000000, 10000000, 0.857975, 0.601698, 1, 0, 0, 257, 0
31, 401, 882, 10346066, 13, 292, 177, 108, 181, 352, 1, 1, 0.963669, 0.643481, 1, 257, 0
317, 587, 801, 10347132, 15, 257, 387, 384, 358, 10000000, 1, 1, 0.965769, 1, 0, 257, 0
358, 587, 801, 10347132, 15, 257, 387, 384, 317, 10000000, 1, 1, 0.965769, 1, 0, 257, 0
384, 587, 801, 10347132, 15, 257, 387, 358, 317, 10000000, 0.962933, 0.965989, 1, 1, 0, 257, 0
186, 601, 647, 10351132, 15, 309, 204, 360, 4, 19, 0.859333, 0.841219, 0.751267, 1, 0.789702, 257, 0
4, 601, 690, 10351665, 16, 360, 204, 309, 393, 112, 0.958376, 0.954097, 0.859283, 0.840184, 0.841813, 257, 0
19, 598, 710, 10351665, 16, 393, 360, 309, 236, 337, 1, 1, 1, 0.964809, 0.965324, 257, 0
317, 587, 801, 10351665, 16, 257, 387, 384, 358, 10000000, 1, 1, 0.965299, 1, 0, 257, 0
358, 587, 801, 10351665, 16, 257, 387, 384, 317, 10000000, 1, 1, 0.965299, 1, 0, 257, 0
387, 587, 801, 10351665, 16, 257, 384, 358, 317, 10000000, 1, 0.965299, 1, 1, 0, 257, 0
317, 587, 801, 10356198, 17, 257, 387, 384, 358, 10000000, 1, 1, 0.96483, 1, 0, 257, 0
358, 587, 801, 10356198, 17, 257, 387, 384, 317, 10000000, 1, 1, 0.96483, 1, 0, 257, 0
384, 587, 801, 10356198, 17, 257, 387, 358, 317, 10000000, 0.962, 0.96505, 1, 1, 0, 257, 0
317, 587, 801, 10360731, 18, 257, 387, 384, 358, 10000000, 1, 1, 0.964362, 1, 0, 257, 0
358, 587, 801, 10360731, 18, 257, 387, 384, 317, 10000000, 1, 1, 0.964362, 1, 0, 257, 0
387, 587, 801, 10360731, 18, 257, 384, 358, 317, 10000000, 1, 0.964362, 1, 1, 0, 257, 0
204, 598, 751, 10364198, 17, 387, 358, 317, 384, 360, 1, 1, 1, 0.964004, 1, 257, 0
309, 598, 787, 10364198, 17, 257, 387, 358, 317, 384, 1, 1, 1, 1, 0.964004, 257, 0
360, 598, 787, 10364198, 17, 257, 387, 358, 317, 384, 1, 1, 1, 1, 0.964004, 257, 0
393, 598, 787, 10364198, 17, 257, 387, 358, 317, 384, 1, 1, 1, 1, 0.964004, 257, 0
112, 601, 858, 10364199, 17, 387, 358, 317, 257, 384, 1, 1, 1, 0.961178, 0.964003, 257, 0
317, 587, 801, 10364731, 18, 257, 387, 384, 358, 10000000, 1, 1, 0.963949, 1, 0, 257, 0
358, 587, 801, 10364731, 18, 257, 387, 384, 317, 10000000, 1, 1, 0.963949, 1, 0, 257, 0
384, 587, 801, 10364731, 18, 257, 387, 358, 317, 10000000, 0.961123, 0.964168, 1, 1, 0, 257, 0
387, 587, 801, 10364731, 18, 257, 384, 358, 317, 10000000, 1, 0.963949, 1, 1, 0, 257, 0
317, 587, 801, 10365264, 19, 257, 387, 384, 358, 10000000, 1, 1, 0.963894, 1, 0, 257, 0
358, 587, 801, 10365264, 19, 257, 387, 384, 317, 10000000, 1, 1, 0.963894, 1, 0, 257, 0
384, 587, 801, 10365264, 19, 257, 387, 358, 317, 10000000, 0.961068, 0.964113, 1, 1, 0, 257, 0
317, 587, 801, 10369797, 20, 257, 387, 384, 358, 10000000, 1, 1, 0.963426, 1, 0, 257, 0
358, 587, 801, 10369797, 20, 257, 387, 384, 317, 10000000, 1, 1, 0.963426, 1, 0, 257, 0
387, 587, 801, 10369797, 20, 257, 384, 358, 317, 10000000, 1, 0.963426, 1, 1, 0, 257, 0
317, 587, 801, 10374330, 21, 257, 387, 384, 358, 10000000, 1, 1, 0.962959, 1, 0, 257, 0
358, 587, 801, 10374330, 21, 257, 387, 384, 317, 10000000, 1, 1, 0.962959, 1, 0, 257, 0
384, 587, 801, 10374330, 21, 257, 387, 358, 317, 10000000, 0.960139, 0.963177, 1, 1, 0, 257, 0
8, 91, -1, 11299999, 1, 323, 343, 365, 270, 330, 1, 1, 0.957885, 0.971233, 0.861244, 384, 0
270, 177, 1, 11300200, 2, 98, 149, 123, 7, 170, 1, 1, 1, 1, 1, 384, 0
343, 187, 1, 11300200, 2, 98, 149, 344, 123, 62, 1, 1, 0.761623, 1, 0.95598, 384, 0
323, 201, 12, 11300200, 2, 199, 98, 123, 60, 7, 0.955454, 1, 1, 0.821935, 0.971784, 384, 1
365, 212, -1, 11300200, 2, 123, 62, 7, 98, 149, 1, 0.964231, 1, 0.861838, 0.796428, 384, 0
330, 212, -1, 11300200, 2, 149, 123, 7, 62, 170, 1, 1, 1, 0.862144, 1, 384, 0
123, 201, 62, 11300733, 3, 368, 344, 199, 98, 313, 0.68673, 0.68862, 0.724728, 1, 0.538597, 384, 0
98, 201, 87, 11300733, 3, 263, 249, 344, 313, 199, 1, 0.799835, 0.860384, 0.602513, 0.724728, 384, 0
60, 198, 89, 11300733, 3, 23, 132, 249, 368, 313, 1, 1, 1, 1, 1, 384, 0
199, 198, 140, 11300733, 3, 23, 132, 249, 368, 313, 1, 1, 1, 1, 1, 384, 1
368, 201, 212, 11301267, 4, 399, 23, 386, 13, 132, 0.861675, 1, 0.725009, 0.844276, 1, 384, 0
313, 201, 212, 11301267, 4, 311, 23, 386, 305, 229, 1, 1, 0.759535, 0.757502, 0.753515, 384, 0
249, 201, 224, 11301267, 4, 23, 13, 193, 305, 229, 1, 0.954356, 0.7533, 0.686784, 0.685973, 384, 0
132, 201, 257, 11301267, 4, 205, 386, 366, 193, 23, 0.911622, 0.936235, 0.753538, 0.824546, 1, 384, 0
23, 201, 298, 11301267, 4, 363, 305, 366, 229, 311, 0.94391, 1, 0.968865, 1, 0.82283, 384, 1
229, 198, 371, 11301800, 5, 65, 205, 299, 188, 274, 1, 1, 1, 0.968197, 1, 384, 0
305, 198, 387, 11301800, 5, 65, 205, 188, 45, 299, 1, 1, 1, 0.86455, 1, 384, 0
366, 198, 387, 11301800, 5, 65, 205, 188, 45, 299, 1, 1, 1, 0.86455, 1, 384, 0
363, 201, 412, 11301800, 5, 65, 276, 205, 188, 222, 1, 0.769678, 1, 1, 0.64513, 384, 1
311, 201, 412, 11301800, 5, 65, 205, 188, 222, 45, 1, 1, 1, 0.63609, 0.756481, 384, 0
205, 201, 459, 11302333, 6, 222, 65, 113, 210, 276, 0.860124, 1, 0.822254, 0.232668, 0.216083, 384, 0
188, 261, 398, 11302333, 6, 349, 18, 45, 278, 168, 0.799604, 1, 1, 0.724288, 0.724759, 384, 1
65, 201, 499, 11302333, 6, 222, 113, 210, 67, 276, 0.82254, 0.861441, 0.47815, 0.412486, 0.36306, 384, 1
113, 198, 520, 11302867, 7, 210, 67, 276, 222, 107, 1, 0.970548, 1, 1, 0.540163, 384, 0
222, 198, 554, 11302867, 7, 67, 210, 276, 107, 10, 1, 1, 1, 0.756228, 0.725795, 384, 1
210, 201, 657, 11302867, 7, 67, 324, 295, 10, 178, 1, 0.788485, 0.539612, 0.647109, 0.548661, 384, 0
276, 201, 623, 11303400, 8, 67, 10, 107, 210, 295, 1, 0.961517, 0.864211, 1, 0.484617, 384, 0
210, 201, 657, 11303400, 8, 67, 324, 295, 10, 178, 1, 0.788154, 0.539581, 0.647072, 0.548621, 384, 0
10, 198, 697, 11303400, 8, 324, 246, 271, 295, 190, 1, 1, 0.860514, 1, 1, 384, 0
67, 201, 705, 11303400, 8, 295, 324, 190, 246, 178, 0.969233, 0.844473, 0.75876, 0.604263, 0.725651, 384, 1
178, 198, 746, 11303933, 9, 271, 136, 324, 246, 295, 0.968023, 0.754748, 1, 1, 1, 384, 0
295, 198, 773, 11303933, 9, 136, 271, 3, 324, 246, 0.970391, 1, 0.645549, 1, 1, 384, 1
324, 201, 812, 11303934, 9, 136, 3, 271, 10000000, 10000000, 1, 0.860732, 1, 0, 0, 384, 0
246, 201, 826, 11303934, 9, 136, 271, 3, 324, 10000000, 0.970391, 1, 0.645549, 1, 0, 384, 0
190, 201, 858, 11303934, 9, 271, 136, 324, 246, 3, 0.968023, 0.754748, 1, 1, 0.537957, 384, 1
324, 201, 812, 11304467, 10, 136, 3, 271, 10000000, 10000000, 1, 0.860682, 1, 0, 0, 384, 0
246, 201, 826, 11304467, 10, 136, 271, 3, 324, 10000000, 0.970335, 1, 0.645512, 1, 0, 384, 0
246, 201, 826, 11312467, 10, 136, 271, 3, 324, 10000000, 0.969499, 1, 0.644957, 1, 0, 384, 0
324, 201, 812, 11312467, 10, 136, 3, 271, 10000000, 10000000, 1, 0.859942, 1, 0, 0, 384, 1
45, 296, 398, 11314867, 7, 349, 335, 278, 168, 395, 0.949598, 0.967156, 0.961131, 0.97053, 0.794148, 384, 0
18, 299, 401, 11314867, 7, 166, 300, 217, 395, 388, 1, 1, 0.968031, 1, 1, 384, 0
168, 345, 401, 11314867, 7, 104, 24, 217, 166, 300, 0.966951, 1, 1, 1, 1, 384, 0
278, 373, 401, 11314867, 7, 104, 144, 217, 24, 166, 1, 1, 1, 1, 1, 384, 0
349, 401, 412, 11314867, 7, 104, 115, 217, 24, 166, 1, 0.842383, 1, 1, 1, 384, 1
217, 401, 440, 11315400, 8, 115, 104, 154, 10000000, 10000000, 0.842329, 1, 0.379196, 0, 0, 384, 0
166, 457, 398, 11315400, 8, 347, 24, 53, 144, 104, 1, 1, 0.842352, 0.722631, 0.75203, 384, 0
104, 401, 479, 11315400, 8, 115, 154, 79, 10000000, 10000000, 1, 0.686872, 0.137349, 0, 0, 384, 1
115, 398, 521, 11315400, 8, 79, 154, 108, 162, 182, 1, 1, 0.604109, 0.644963, 0.647542, 384, 0
115, 398, 521, 11315933, 9, 79, 154, 108, 162, 182, 1, 1, 0.60407, 0.644926, 0.647504, 384, 1
154, 401, 648, 11316467, 10, 79, 108, 31, 177, 10000000, 1, 0.647405, 0.273758, 0.189674, 0, 384, 1
271, 226, 798, 11317000, 11, 3, 227, 352, 136, 95, 0.966964, 0.725767, 0.69792, 1, 0.754397, 384, 0
136, 259, 798, 11317000, 11, 95, 227, 304, 215, 3, 1, 0.757125, 0.722478, 0.722735, 0.966964, 384, 1
3, 290, 798, 11317533, 12, 352, 215, 304, 227, 181, 0.862779, 0.963585, 0.754482, 0.755024, 0.605232, 384, 0
95, 304, 801, 11317533, 12, 82, 181, 292, 352, 304, 1, 1, 1, 1, 1, 384, 1
215, 342, 801, 11317533, 12, 181, 82, 292, 177, 352, 1, 0.861949, 1, 1, 1, 384, 0
304, 386, 801, 11318066, 13, 360, 337, 141, 33, 82, 1, 1, 1, 0.945454, 0.969637, 384, 0
352, 387, 801, 11318066, 13, 309, 33, 141, 82, 181, 1, 1, 0.909096, 1, 1, 384, 0
181, 457, 798, 11318066, 13, 257, 358, 33, 387, 82, 0.965789, 0.863016, 1, 0.725083, 1, 384, 1
79, 401, 693, 11321000, 11, 292, 108, 177, 31, 10000000, 0.94258, 0.862784, 0.482211, 0.317862, 0, 384, 1
108, 398, 715, 11321000, 11, 292, 177, 352, 304, 31, 1, 1, 1, 1, 0.860785, 384, 0
108, 398, 715, 11321533, 12, 292, 177, 352, 304, 31, 1, 1, 1, 1, 0.860735, 384, 0
292, 401, 827, 11321533, 12, 181, 82, 10000000, 10000000, 10000000, 0.969315, 0.753881, 0, 0, 0, 384, 1
177, 401, 854, 11321533, 12, 181, 292, 82, 10000000, 10000000, 0.861613, 1, 0.538486, 0, 0, 384, 0
31, 401, 896, 11321533, 12, 292, 177, 352, 304, 181, 1, 1, 1, 1, 0.64621, 384, 0
82, 498, 798, 11322600, 14, 384, 358, 317, 387, 194, 0.862217, 0.843331, 0.819539, 0.754563, 1, 384, 0
33, 508, 801, 11322600, 14, 387, 384, 358, 317, 257, 1, 1, 1, 1, 1, 384, 0
257, 572, 801, 11322600, 14, 387, 384, 358, 317, 10000000, 1, 1, 1, 1, 0, 384, 0
358, 587, 801, 11322600, 14, 387, 384, 317, 10000000, 10000000, 1, 1, 1, 0, 0, 384, 0
387, 587, 801, 11322600, 14, 384, 358, 317, 10000000, 10000000, 1, 1, 1, 0, 0, 384, 0
317, 587, 801, 11323133, 15, 387, 384, 358, 10000000, 10000000, 1, 1, 1, 0, 0, 384, 0
358, 587, 801, 11323133, 15, 387, 384, 317, 10000000, 10000000, 1, 1, 1, 0, 0, 384, 0
387, 587, 801, 11323133, 15, 384, 358, 317, 10000000, 10000000, 1, 1, 1, 0, 0, 384, 0
168, 344, 401, 11323400, 8, 104, 24, 217, 166, 300, 0.966065, 1, 1, 1, 1, 384, 0
278, 373, 401, 11323400, 8, 104, 144, 217, 24, 166, 1, 1, 1, 1, 1, 384, 0
335, 387, 401, 11323400, 8, 115, 104, 217, 24, 166, 0.961735, 1, 1, 1, 1, 384, 0
349, 401, 412, 11323400, 8, 104, 115, 217, 24, 166, 1, 0.841519, 1, 1, 1, 384, 0
395, 401, 412, 11323400, 8, 104, 115, 217, 24, 166, 1, 0.795586, 1, 1, 1, 384, 0
358, 587, 801, 11323666, 16, 387, 384, 317, 10000000, 10000000, 1, 1, 1, 0, 0, 384, 0
317, 587, 801, 11323666, 16, 387, 384, 358, 10000000, 10000000, 1, 1, 1, 0, 0, 384, 0
217, 401, 440, 11323933, 9, 115, 104, 154, 10000000, 10000000, 0.841465, 1, 0.378583, 0, 0, 384, 0
166, 457, 398, 11323933, 9, 347, 24, 53, 144, 104, 1, 1, 0.841488, 0.721889, 0.751341, 384, 0
104, 401, 479, 11323933, 9, 115, 154, 79, 10000000, 10000000, 1, 0.686068, 0.137188, 0, 0, 384, 0
115, 398, 521, 11323933, 9, 79, 154, 108, 162, 182, 1, 1, 0.603486, 0.644372, 0.646946, 384, 0
115, 398, 521, 11324466, 10, 79, 154, 108, 162, 182, 1, 1, 0.603448, 0.644335, 0.646909, 384, 0
154, 401, 648, 11325000, 11, 79, 108, 31, 177, 10000000, 1, 0.646809, 0.273439, 0.189367, 0, 384, 0
387, 587, 801, 11328199, 17, 384, 358, 317, 10000000, 10000000, 1, 1, 1, 0, 0, 384, 0
317, 587, 801, 11328199, 17, 387, 384, 358, 10000000, 10000000, 1, 1, 1, 0, 0, 384, 0
358, 587, 801, 11328732, 18, 387, 384, 317, 10000000, 10000000, 1, 1, 1, 0, 0, 384, 0
317, 587, 801, 11328732, 18, 387, 384, 358, 10000000, 10000000, 1, 1, 1, 0, 0, 384, 0
79, 401, 694, 11329533, 12, 292, 108, 177, 31, 10000000, 0.941066, 0.861991, 0.481715, 0.317432, 0, 384, 0
108, 398, 714, 11329533, 12, 292, 177, 352, 304, 31, 1, 1, 1, 1, 0.859995, 384, 0
108, 398, 714, 11330066, 13, 292, 177, 352, 304, 31, 1, 1, 1, 1, 0.859946, 384, 0
387, 587, 801, 11333265, 19, 384, 358, 317, 10000000, 10000000, 1, 1, 1, 0, 0, 384, 0
317, 587, 801, 11333265, 19, 387, 384, 358, 10000000, 10000000, 1, 1, 1, 0, 0, 384, 0
358, 587, 801, 11333798, 20, 387, 384, 317, 10000000, 10000000, 1, 1, 1, 0, 0, 384, 0
317, 587, 801, 11333798, 20, 387, 384, 358, 10000000, 10000000, 1, 1, 1, 0, 0, 384, 0
292, 401, 827, 11334599, 14, 181, 82, 10000000, 10000000, 10000000, 0.967953, 0.752821, 0, 0, 0, 384, 0
387, 587, 801, 11338331, 21, 384, 358, 317, 10000000, 10000000, 1, 1, 1, 0, 0, 384, 0
317, 587, 801, 11338331, 21, 387, 384, 358, 10000000, 10000000, 1, 1, 1, 0, 0, 384, 0
24, 500, 398, 11340466, 10, 144, 53, 120, 347, 286, 0.82048, 0.96462, 0.751569, 0.480336, 0.429729, 384, 0
53, 502, 401, 11340466, 10, 286, 347, 179, 21, 144, 1, 1, 0.860372, 0.721848, 1, 384, 0
144, 542, 401, 11340466, 10, 179, 21, 286, 347, 85, 1, 0.842156, 1, 1, 0.360951, 384, 0
347, 601, 412, 11340467, 10, 130, 21, 243, 179, 85, 0.937121, 1, 0.723614, 1, 0.793423, 384, 0
179, 601, 458, 11341000, 11, 243, 130, 21, 85, 332, 1, 0.857729, 1, 0.842165, 0.643091, 384, 0
21, 601, 501, 11341000, 11, 186, 332, 243, 130, 85, 1, 0.840425, 0.750193, 0.821027, 0.8566, 384, 0
85, 598, 503, 11341000, 11, 4, 186, 332, 243, 273, 0.963702, 1, 1, 1, 0.860806, 384, 0
130, 598, 540, 11341000, 11, 4, 186, 19, 332, 393, 1, 1, 0.790465, 1, 0.631697, 384, 0
243, 598, 574, 11341000, 11, 19, 186, 4, 204, 173, 0.948558, 1, 0.856624, 0.698505, 0.968115, 384, 0
332, 598, 586, 11341533, 12, 204, 4, 186, 19, 236, 0.947323, 1, 1, 0.632319, 0.481105, 384, 0
19, 598, 696, 11341533, 12, 393, 360, 309, 236, 337, 1, 1, 1, 1, 0.965845, 384, 0
4, 601, 703, 11341534, 12, 309, 360, 393, 204, 236, 1, 0.963874, 0.858242, 0.96077, 0.791383, 384, 0
204, 598, 740, 11342067, 13, 387, 384, 358, 317, 393, 1, 1, 1, 1, 1, 384, 0
236, 598, 770, 11342067, 13, 387, 384, 358, 317, 257, 1, 1, 1, 1, 0.967177, 384, 0
309, 598, 787, 11342067, 13, 387, 384, 358, 317, 257, 1, 1, 1, 1, 1, 384, 0
360, 598, 787, 11342067, 13, 387, 384, 358, 317, 257, 1, 1, 1, 1, 1, 384, 0
393, 598, 787, 11342067, 13, 387, 384, 358, 317, 257, 1, 1, 1, 1, 1, 384, 0
358, 587, 801, 11342600, 14, 387, 384, 317, 10000000, 10000000, 1, 1, 1, 0, 0, 384, 0
387, 587, 801, 11342600, 14, 384, 358, 317, 10000000, 10000000, 1, 1, 1, 0, 0, 384, 0
317, 587, 801, 11342600, 14, 387, 384, 358, 10000000, 10000000, 1, 1, 1, 0, 0, 384, 0
257, 572, 801, 11342600, 14, 387, 384, 358, 317, 10000000, 1, 1, 1, 1, 0, 384, 0
358, 587, 801, 11343133, 15, 387, 384, 317, 10000000, 10000000, 1, 1, 1, 0, 0, 384, 0
317, 587, 801, 11343133, 15, 387, 384, 358, 10000000, 10000000, 1, 1, 1, 0, 0, 384, 0
387, 587, 801, 11347666, 16, 384, 358, 317, 10000000, 10000000, 1, 1, 1, 0, 0, 384, 0
317, 587, 801, 11347666, 16, 387, 384, 358, 10000000, 10000000, 1, 1, 1, 0, 0, 384, 0
358, 587, 801, 11348199, 17, 387, 384, 317, 10000000, 10000000, 1, 1, 1, 0, 0, 384, 0
317, 587, 801, 11348199, 17, 387, 384, 358, 10000000, 10000000, 1, 1, 1, 0, 0, 384, 0
387, 587, 801, 11352732, 18, 384, 358, 317, 10000000, 10000000, 1, 1, 1, 0, 0, 384, 0
317, 587, 801, 11352732, 18, 387, 384, 358, 10000000, 10000000, 1, 1, 1, 0, 0, 384, 0
358, 587, 801, 11353265, 19, 387, 384, 317, 10000000, 10000000, 1, 1, 1, 0, 0, 384, 0
317, 587, 801, 11353265, 19, 387, 384, 358, 10000000, 10000000, 1, 1, 1, 0, 0, 384, 0
387, 587, 801, 11357798, 20, 384, 358, 317, 10000000, 10000000, 1, 1, 1, 0, 0, 384, 0
317, 587, 801, 11357798, 20, 387, 384, 358, 10000000, 10000000, 1, 1, 1, 0, 0, 384, 0
358, 587, 801, 11358331, 21, 387, 384, 317, 10000000, 10000000, 1, 1, 1, 0, 0, 384, 0
317, 587, 801, 11358331, 21, 387, 384, 358, 10000000, 10000000, 1, 1, 1, 0, 0, 384, 0
150, 131, 1, 12299999, 1, 170, 123, 235, 266, 7, 1, 0.968262, 1, 1, 0.862723, 128, 0
266, 232, -1, 12300200, 2, 149, 7, 62, 170, 98, 0.964729, 1, 1, 1, 0.754824, 128, 1
7, 305, -1, 12300200, 2, 149, 320, 373, 254, 288, 1, 0.635532, 0.539177, 0.478788, 0.442409, 128, 0
170, 274, -1, 12312733, 3, 320, 288, 373, 7, 62, 1, 1, 0.753828, 1, 1, 128, 0
62, 291, 1, 12312733, 3, 5, 156, 320, 373, 288, 0.968325, 1, 1, 1, 1, 128, 0
7, 305, -1, 12312733, 3, 149, 320, 373, 254, 288, 1, 0.634269, 0.538449, 0.477832, 0.43997, 128, 0
149, 329, 1, 12312733, 3, 5, 61, 158, 156, 254, 1, 1, 0.966585, 1, 0.967626, 128, 1
156, 475, -1, 12313267, 4, 220, 338, 298, 5, 61, 1, 1, 0.825509, 1, 1, 128, 0
61, 489, 1, 12313267, 4, 291, 220, 338, 105, 298, 0.967956, 1, 1, 0.970413, 1, 128, 1
298, 565, 1, 12317800, 5, 91, 155, 291, 12, 220, 0.966364, 1, 1, 0.482997, 1, 128, 0
338, 584, 1, 12317800, 5, 91, 183, 155, 285, 291, 1, 0.868646, 1, 0.776717, 1, 128, 1
291, 601, 34, 12326333, 6, 91, 183, 155, 12, 285, 1, 0.861148, 1, 0.752852, 0.431145, 128, 0
155, 601, 71, 12326333, 6, 114, 285, 91, 183, 12, 0.754314, 0.82234, 1, 0.861148, 0.860402, 128, 0
91, 601, 110, 12326333, 6, 47, 285, 183, 114, 10000000, 1, 0.82234, 0.964146, 0.323255, 0, 128, 1
183, 598, 120, 12326866, 7, 114, 312, 380, 285, 239, 0.96971, 0.968263, 0.966096, 1, 0.858903, 128, 1
285, 598, 164, 12326867, 7, 114, 380, 312, 239, 287, 1, 1, 1, 1, 0.968771, 128, 0
47, 598, 288, 12326867, 7, 85, 179, 286, 347, 21, 1, 1, 1, 1, 0.860363, 128, 1
347, 601, 414, 12327400, 8, 332, 21, 130, 179, 243, 0.96153, 1, 0.949003, 1, 0.75442, 128, 1
285, 598, 164, 12335400, 8, 114, 380, 312, 239, 287, 1, 1, 1, 1, 0.967882, 128, 1
179, 601, 470, 12339934, 9, 332, 243, 130, 21, 85, 1, 1, 1, 1, 0.859213, 128, 0
21, 601, 515, 12339934, 9, 332, 243, 186, 130, 10000000, 0.857628, 0.861032, 1, 0.842678, 0, 128, 0
130, 598, 526, 12339934, 9, 332, 243, 273, 186, 128, 1, 1, 0.750837, 1, 0.645559, 128, 0
243, 598, 566, 12339934, 9, 128, 273, 84, 332, 10000000, 0.860745, 0.858099, 0.644812, 1, 0, 128, 0
332, 598, 584, 12339934, 9, 128, 273, 84, 10000000, 10000000, 1, 0.965362, 0.644812, 0, 0, 128, 1
380, 587, 201, 12347933, 9, 114, 47, 206, 290, 137, 1, 0.858011, 0.547979, 0.481629, 1, 128, 0
114, 601, 283, 12347933, 9, 85, 179, 286, 290, 347, 1, 0.928017, 0.956201, 0.84285, 0.53562, 128, 1
290, 598, 361, 12348466, 10, 85, 21, 179, 286, 347, 0.96573, 0.965665, 1, 1, 1, 128, 1
347, 601, 415, 12348466, 10, 332, 21, 130, 179, 243, 0.958756, 1, 0.945851, 1, 0.752711, 128, 0
347, 601, 415, 12360999, 11, 332, 21, 130, 179, 243, 0.957113, 1, 0.943986, 1, 0.751698, 128, 0
286, 601, 434, 12360999, 11, 243, 21, 85, 179, 332, 1, 1, 0.964433, 1, 0.688826, 128, 0
179, 601, 471, 12361000, 11, 332, 243, 130, 21, 85, 1, 1, 1, 1, 0.857274, 128, 0
85, 598, 490, 12361000, 11, 332, 243, 186, 130, 273, 1, 1, 1, 1, 0.749144, 128, 1
130, 598, 526, 12361533, 12, 332, 243, 273, 186, 128, 1, 1, 0.749102, 1, 0.644062, 128, 0
243, 598, 566, 12361533, 12, 128, 273, 84, 332, 10000000, 0.858749, 0.856116, 0.643319, 1, 0, 128, 0
332, 598, 584, 12361533, 12, 128, 273, 84, 10000000, 10000000, 1, 0.963131, 0.643319, 0, 0, 128, 1
186, 601, 674, 12361533, 12, 332, 243, 273, 128, 84, 1, 1, 0.856116, 0.644062, 0.536099, 128, 0
60, 198, 58, 13299999, 1, 132, 249, 368, 344, 23, 1, 0.971129, 1, 1, 0.862137, 371, 0
344, 198, 181, 13300200, 2, 23, 132, 27, 13, 249, 0.969883, 1, 0.864108, 0.933909, 1, 371, 0
368, 201, 212, 13300200, 2, 23, 193, 399, 159, 132, 1, 0.952889, 0.862326, 0.972476, 1, 371, 1
132, 201, 285, 13308733, 3, 299, 386, 205, 23, 366, 1, 0.95543, 0.754959, 1, 0.752272, 371, 0
193, 198, 310, 13308733, 3, 205, 65, 299, 311, 363, 1, 0.97163, 1, 1, 1, 371, 0
23, 201, 325, 13308733, 3, 363, 113, 305, 386, 366, 0.958303, 0.783748, 1, 0.967776, 0.967207, 371, 1
305, 198, 381, 13309267, 4, 188, 65, 274, 205, 299, 0.967547, 1, 1, 1, 1, 371, 0
366, 198, 387, 13309267, 4, 18, 188, 274, 65, 205, 1, 0.967547, 1, 1, 1, 371, 0
386, 198, 387, 13309267, 4, 18, 188, 274, 65, 205, 1, 0.967547, 1, 1, 1, 371, 0
363, 201, 412, 13309267, 4, 188, 274, 222, 65, 205, 0.967547, 1, 1, 1, 1, 371, 1
274, 243, 398, 13309800, 5, 45, 168, 349, 188, 18, 1, 0.960602, 0.756349, 1, 1, 371, 1
205, 201, 486, 13309800, 5, 65, 222, 276, 45, 210, 1, 0.860035, 0.377207, 0.323331, 0.158593, 371, 0
65, 201, 525, 13309800, 5, 276, 210, 67, 10000000, 10000000, 1, 0.362246, 0.323261, 0, 0, 371, 1
18, 272, 401, 13314333, 6, 279, 339, 372, 395, 388, 1, 1, 1, 1, 1, 371, 0
188, 290, 398, 13314333, 6, 144, 372, 381, 339, 166, 1, 1, 1, 0.937622, 0.775599, 371, 0
45, 322, 398, 13314333, 6, 53, 349, 335, 372, 395, 1, 0.963544, 1, 0.861648, 0.843829, 371, 1
168, 326, 401, 13314333, 6, 24, 166, 279, 339, 300, 1, 1, 1, 1, 1, 371, 0
349, 401, 414, 13314333, 6, 166, 24, 104, 115, 279, 1, 0.862434, 1, 1, 1, 371, 0
335, 379, 401, 13314866, 7, 24, 166, 53, 104, 279, 1, 1, 0.962818, 1, 1, 371, 0
395, 401, 412, 13314866, 7, 166, 24, 104, 279, 217, 1, 0.862384, 1, 1, 1, 371, 0
349, 401, 414, 13314866, 7, 166, 24, 104, 115, 279, 1, 0.862384, 1, 1, 1, 371, 1
372, 412, 398, 13314866, 7, 144, 24, 53, 166, 115, 0.948692, 0.970182, 1, 1, 1, 371, 0
53, 478, 401, 13314867, 7, 120, 347, 286, 35, 24, 0.969231, 1, 0.85897, 0.754645, 1, 371, 1
24, 527, 398, 13315400, 8, 124, 81, 347, 120, 286, 1, 1, 1, 0.605055, 0.547006, 371, 1
279, 443, 398, 13319400, 8, 24, 53, 166, 144, 120, 1, 1, 1, 0.721468, 0.47843, 371, 0
115, 398, 499, 13319400, 8, 154, 79, 104, 162, 96, 1, 0.969335, 1, 0.430381, 0.241589, 371, 0
104, 401, 502, 13319400, 8, 154, 79, 10000000, 10000000, 10000000, 0.754036, 0.107704, 0, 0, 0, 371, 1
276, 201, 639, 13322333, 6, 107, 10000000, 10000000, 10000000, 10000000, 0.644005, 0, 0, 0, 0, 371, 1
347, 601, 419, 13331933, 9, 21, 130, 332, 179, 243, 1, 0.955376, 0.844941, 1, 0.843508, 371, 1
120, 679, 398, 13331933, 9, 306, 35, 234, 367, 398, 0.857919, 1, 0.821876, 0.753022, 0.722284, 371, 1
179, 601, 483, 13340466, 10, 332, 243, 21, 130, 186, 1, 1, 1, 1, 0.409785, 371, 0
130, 598, 513, 13340466, 10, 332, 243, 186, 21, 19, 1, 1, 1, 1, 0.840855, 371, 0
21, 601, 529, 13340466, 10, 332, 243, 186, 19, 10000000, 1, 0.963019, 0.866285, 0, 0, 371, 1
243, 598, 557, 13340999, 11, 128, 273, 84, 332, 186, 0.750112, 0.753039, 0.535511, 1, 1, 371, 0
332, 598, 579, 13341000, 11, 128, 273, 84, 10000000, 10000000, 0.96443, 0.860615, 0.535511, 0, 0, 371, 1
35, 720, 398, 13344466, 10, 398, 367, 234, 283, 124, 1, 1, 1, 1, 1, 371, 0
234, 755, 401, 13344467, 10, 111, 87, 398, 367, 306, 0.858308, 0.545929, 1, 1, 1, 371, 0
306, 781, 401, 13344467, 10, 111, 87, 146, 371, 131, 1, 1, 0.791355, 0.230331, 0.119873, 371, 1
367, 787, 401, 13344467, 10, 280, 87, 111, 146, 131, 0.819073, 0.955376, 0.965596, 0.750271, 0.214282, 371, 0
398, 787, 401, 13344467, 10, 146, 111, 87, 280, 334, 0.955956, 1, 0.960331, 0.643217, 0.23231, 371, 0
87, 798, 479, 13345000, 11, 371, 334, 261, 131, 280, 1, 1, 1, 1, 1, 371, 1
280, 798, 553, 13349533, 12, 371, 334, 377, 318, 261, 1, 1, 1, 1, 1, 371, 0
334, 801, 620, 13349533, 12, 371, 10000000, 10000000, 10000000, 10000000, 1, 0, 0, 0, 0, 371, 1
261, 801, 650, 13349533, 12, 371, 334, 377, 318, 277, 1, 1, 1, 1, 0.858394, 371, 0
27, 341, 198, 14299999, 1, 49, 88, 314, 117, 310, 1, 0.8739, 0.959003, 0.796709, 1, 261, 0
310, 373, 201, 14300200, 2, 88, 41, 118, 117, 122, 1, 0.972209, 1, 1, 0.917517, 261, 0
314, 428, 198, 14300200, 2, 88, 312, 117, 122, 49, 1, 0.863857, 1, 0.862481, 0.97161, 261, 0
49, 466, 201, 14300200, 2, 380, 312, 239, 287, 88, 1, 1, 1, 0.863719, 0.970555, 261, 1
239, 547, 201, 14300733, 3, 102, 137, 287, 114, 345, 1, 1, 1, 0.755535, 0.78158, 261, 0
88, 554, 198, 14300733, 3, 213, 137, 86, 287, 102, 1, 1, 1, 0.848134, 0.754313, 261, 0
312, 571, 201, 14300733, 3, 114, 359, 102, 137, 206, 1, 1, 1, 1, 0.705328, 261, 0
380, 587, 201, 14300733, 3, 290, 114, 47, 389, 102, 0.943419, 1, 1, 1, 1, 261, 1
47, 598, 261, 14301267, 4, 179, 286, 347, 85, 290, 0.969469, 1, 1, 0.87563, 1, 261, 0
114, 601, 303, 14301267, 4, 347, 85, 286, 179, 290, 0.963475, 0.87563, 0.86263, 0.63861, 0.863736, 261, 0
290, 598, 338, 14301267, 4, 179, 286, 85, 347, 21, 1, 1, 0.971649, 1, 0.647173, 261, 1
347, 601, 426, 14301800, 5, 21, 179, 130, 332, 243, 1, 1, 0.964224, 0.756392, 0.755243, 261, 0
179, 601, 496, 14301800, 5, 19, 204, 332, 243, 21, 1, 1, 1, 1, 1, 261, 1
21, 601, 542, 14302333, 6, 19, 186, 204, 332, 243, 1, 0.917269, 1, 1, 0.97097, 261, 0
243, 598, 547, 14302333, 6, 19, 186, 332, 128, 204, 0.969126, 1, 1, 0.647486, 0.826877, 261, 0
332, 598, 572, 14302334, 6, 128, 273, 186, 19, 84, 0.863314, 0.75507, 1, 0.753764, 0.431164, 261, 1
19, 598, 651, 14302334, 6, 10000000, 10000000, 10000000, 10000000, 10000000, 0, 0, 0, 0, 0, 261, 0
19, 598, 651, 14310867, 7, 10000000, 10000000, 10000000, 10000000, 10000000, 0, 0, 0, 0, 0, 261, 0
186, 601, 703, 14310867, 7, 19, 273, 128, 84, 10000000, 1, 0.646608, 0.43126, 0.323076, 0, 261, 1
19, 598, 651, 14319400, 8, 10000000, 10000000, 10000000, 10000000, 10000000, 0, 0, 0, 0, 0, 261, 0
29, -1, 47, 15299999, 1, 284, 346, 379, 11, 176, 0.969899, 1, 0.97166, 1, 0.753774, 194, 0
11, 1, 148, 15300200, 2, 174, 284, 346, 64, 379, 1, 0.96548, 0.954615, 0.871249, 1, 194, 0
346, 1, 233, 15300200, 2, 32, 282, 176, 174, 284, 1, 0.967688, 1, 0.964623, 1, 194, 1
284, 1, 267, 15304733, 3, 348, 32, 176, 282, 174, 1, 1, 1, 0.754301, 0.864274, 194, 0
174, -1, 286, 15304733, 3, 191, 348, 32, 43, 282, 0.970309, 1, 1, 0.753655, 1, 194, 0
176, 1, 320, 15304733, 3, 50, 191, 348, 32, 282, 1, 0.756061, 1, 1, 1, 194, 0
282, -1, 334, 15304733, 3, 191, 43, 201, 50, 348, 1, 0.968985, 0.825454, 0.756286, 1, 194, 1
348, -1, 361, 15309267, 4, 370, 43, 191, 50, 201, 1, 1, 1, 1, 0.843504, 194, 1
50, -1, 465, 15309267, 4, 267, 374, 390, 370, 340, 0.970749, 1, 1, 1, 1, 194, 0
201, -1, 489, 15309267, 4, 163, 267, 328, 214, 374, 0.969758, 1, 1, 0.933016, 0.967333, 194, 0
191, 1, 514, 15309267, 4, 214, 390, 340, 370, 43, 1, 1, 1, 0.862491, 1, 194, 1
43, 1, 546, 15309800, 5, 214, 163, 267, 2, 328, 1, 0.961269, 0.968076, 1, 1, 194, 0
340, -1, 565, 15309800, 5, 28, 242, 163, 392, 267, 1, 1, 1, 0.872472, 1, 194, 0
370, -1, 585, 15309800, 5, 259, 134, 103, 163, 267, 1, 0.860425, 0.937548, 1, 1, 194, 0
390, -1, 587, 15309800, 5, 259, 134, 103, 28, 163, 1, 0.860425, 0.937548, 1, 1, 194, 1
103, 35, 601, 15314333, 6, 107, 34, 189, 134, 276, 0.861322, 1, 1, 1, 0.644254, 194, 0
259, 71, 598, 15314334, 6, 34, 134, 189, 10000000, 10000000, 1, 1, 0.60243, 0, 0, 194, 1
163, 1, 709, 15314334, 6, 28, 275, 34, 242, 89, 1, 0.928692, 0.214765, 0.960913, 0.776807, 194, 0
28, 1, 758, 15314334, 6, 396, 392, 10000000, 10000000, 10000000, 1, 0.775861, 0, 0, 0, 194, 1
189, 103, 601, 15314867, 7, 107, 276, 34, 210, 20, 0.861273, 0.858957, 1, 0.644782, 0.538474, 194, 0
134, 111, 598, 15314867, 7, 20, 34, 107, 210, 10000000, 1, 1, 0.215318, 0.214927, 0, 194, 0
34, 137, 598, 15314867, 7, 182, 20, 107, 10000000, 10000000, 1, 1, 0.318913, 0, 0, 194, 1
20, 249, 601, 15315400, 8, 107, 162, 182, 96, 154, 1, 0.755005, 1, 0.537934, 0.431298, 194, 0
182, 293, 601, 15315400, 8, 96, 162, 16, 107, 154, 0.753107, 0.755005, 0.754076, 1, 0.646948, 194, 1
107, 340, 598, 15315933, 9, 16, 162, 173, 10000000, 10000000, 1, 0.825743, 0.760506, 0, 0, 194, 0
16, 440, 601, 15315934, 9, 273, 96, 162, 173, 128, 0.968627, 0.968225, 1, 1, 0.752118, 194, 1
173, 496, 601, 15324467, 10, 273, 128, 96, 90, 186, 1, 0.858776, 1, 0.683458, 0.644821, 194, 0
162, 522, 598, 15324467, 10, 143, 90, 96, 273, 128, 1, 0.871112, 1, 0.645159, 0.322041, 194, 0
96, 551, 598, 15324467, 10, 19, 143, 90, 273, 128, 1, 1, 1, 0.962948, 0.949256, 194, 1
50, -1, 465, 15325800, 5, 267, 374, 390, 370, 340, 0.969021, 1, 1, 1, 1, 194, 0
201, -1, 488, 15325800, 5, 267, 163, 328, 214, 374, 1, 0.968034, 1, 0.929432, 0.965618, 194, 0
191, 1, 515, 15325800, 5, 214, 390, 340, 370, 43, 1, 1, 1, 0.860957, 1, 194, 1
392, 12, 798, 15326867, 7, 77, 208, 233, 68, 184, 1, 1, 1, 0.966078, 0.683462, 194, 0
396, 12, 798, 15326867, 7, 77, 208, 233, 68, 324, 1, 1, 1, 1, 0.60182, 194, 1
68, 35, 801, 15327400, 8, 136, 77, 271, 324, 208, 0.858499, 1, 0.861867, 0.860893, 1, 194, 0
233, 67, 798, 15327400, 8, 95, 77, 208, 184, 271, 1, 1, 1, 0.968934, 0.410242, 194, 0
208, 111, 798, 15327400, 8, 77, 271, 324, 246, 136, 1, 0.467079, 0.430446, 0.360644, 0.240268, 194, 0
77, 164, 798, 15327401, 8, 227, 136, 215, 95, 271, 1, 1, 1, 1, 0.844401, 194, 1
95, 247, 801, 15327934, 9, 82, 352, 304, 3, 227, 0.859585, 1, 1, 1, 1, 194, 0
215, 283, 801, 15327934, 9, 33, 181, 352, 304, 3, 1, 0.96875, 1, 1, 1, 194, 0
136, 308, 798, 15327934, 9, 33, 304, 3, 227, 352, 0.763954, 1, 0.966303, 0.860764, 0.646311, 194, 1
19, 598, 636, 15329000, 11, 393, 360, 4, 309, 236, 1, 1, 1, 0.966721, 0.969429, 194, 1
90, 643, 601, 15329000, 11, 143, 128, 251, 273, 94, 1, 1, 1, 0.967267, 0.323177, 194, 0
143, 699, 601, 15329001, 11, 131, 94, 10000000, 10000000, 10000000, 0.64392, 0.430903, 0, 0, 0, 194, 1
128, 703, 598, 15329001, 11, 143, 4, 10000000, 10000000, 10000000, 0.861084, 0, 0, 0, 0, 194, 0
236, 598, 721, 15329534, 12, 393, 360, 309, 4, 337, 1, 1, 1, 1, 0.753812, 194, 0
4, 601, 757, 15329534, 12, 393, 360, 309, 10000000, 10000000, 1, 1, 1, 0, 0, 194, 1
309, 598, 764, 15329534, 12, 337, 194, 240, 6, 393, 0.969187, 0.751494, 0.860399, 0.643419, 1, 194, 0
227, 333, 801, 15332467, 10, 33, 82, 181, 292, 352, 1, 0.859166, 0.860691, 0.966074, 1, 194, 0
3, 346, 798, 15332467, 10, 82, 141, 352, 304, 292, 1, 1, 0.968993, 1, 0.481677, 194, 0
304, 363, 801, 15332467, 10, 181, 82, 141, 33, 292, 1, 0.966562, 0.932697, 0.967444, 0.966074, 194, 1
352, 383, 801, 15332467, 10, 393, 317, 82, 181, 141, 1, 1, 1, 0.968278, 0.957019, 194, 0
43, 1, 547, 15334333, 6, 214, 163, 267, 2, 328, 1, 0.958041, 0.965211, 1, 1, 194, 0
340, -1, 565, 15334333, 6, 28, 242, 163, 392, 267, 1, 1, 1, 0.863233, 1, 194, 0
370, -1, 585, 15334333, 6, 259, 134, 103, 163, 267, 1, 0.85816, 0.932188, 1, 1, 194, 0
390, -1, 587, 15334333, 6, 259, 134, 103, 28, 163, 1, 0.85816, 0.932188, 1, 1, 194, 1
33, 462, 801, 15337001, 11, 240, 337, 387, 358, 384, 0.967172, 0.968409, 1, 1, 0.964722, 194, 0
141, 484, 801, 15337001, 11, 194, 240, 337, 387, 358, 0.965432, 1, 0.968409, 1, 1, 194, 0
309, 598, 764, 15338067, 13, 337, 194, 240, 6, 393, 0.968298, 0.750806, 0.85961, 0.64283, 1, 194, 0
360, 598, 783, 15338067, 13, 194, 240, 337, 6, 393, 0.965322, 1, 1, 0.64283, 1, 194, 0
393, 598, 787, 15338067, 13, 194, 240, 337, 6, 360, 0.965322, 1, 1, 0.64283, 1, 194, 1
360, 598, 783, 15338600, 14, 194, 240, 337, 6, 393, 0.965267, 1, 1, 0.642794, 1, 194, 0
337, 634, 798, 15338600, 14, 194, 240, 6, 10000000, 10000000, 1, 1, 0.857058, 0, 0, 194, 0
240, 665, 798, 15338600, 14, 194, 10000000, 10000000, 10000000, 10000000, 1, 0, 0, 0, 0, 194, 1
103, 35, 601, 15338866, 7, 107, 34, 189, 134, 259, 0.859053, 1, 1, 1, 1, 194, 0
259, 71, 598, 15338867, 7, 34, 134, 189, 10000000, 10000000, 1, 1, 0.600655, 0, 0, 194, 1
163, 1, 709, 15338867, 7, 28, 275, 34, 242, 89, 1, 0.923432, 0.2142, 0.957687, 0.76228, 194, 0
189, 102, 601, 15339400, 8, 107, 276, 34, 210, 20, 0.859004, 0.8567, 1, 0.643086, 0.537055, 194, 0
134, 112, 598, 15339400, 8, 20, 34, 107, 210, 10000000, 1, 1, 0.214751, 0.214362, 0, 194, 0
34, 137, 598, 15339400, 8, 182, 20, 107, 10000000, 10000000, 1, 1, 0.31767, 0, 0, 194, 1
20, 249, 601, 15339933, 9, 107, 162, 182, 96, 154, 1, 0.753012, 1, 0.536518, 0.430161, 194, 0
182, 293, 601, 15339933, 9, 96, 162, 16, 107, 154, 0.751125, 0.753012, 0.752088, 1, 0.645241, 194, 1
107, 341, 598, 15340466, 10, 16, 162, 173, 10000000, 10000000, 1, 0.822965, 0.746577, 0, 0, 194, 0
16, 440, 601, 15340467, 10, 273, 96, 162, 173, 128, 0.966076, 0.965677, 1, 1, 0.75014, 194, 0
358, 584, 801, 15345534, 12, 194, 240, 6, 337, 393, 1, 1, 0.963475, 1, 1, 194, 0
387, 587, 801, 15345534, 12, 194, 240, 6, 337, 393, 1, 1, 0.963475, 1, 1, 194, 0
337, 634, 798, 15345534, 12, 194, 240, 6, 10000000, 10000000, 1, 1, 0.856422, 0, 0, 194, 0
173, 496, 601, 15349000, 11, 273, 128, 96, 90, 186, 1, 0.85652, 1, 0.681173, 0.643125, 194, 0
162, 522, 598, 15349000, 11, 143, 90, 96, 273, 128, 1, 0.861903, 1, 0.643461, 0.321195, 194, 0
240, 666, 798, 15354067, 13, 194, 10000000, 10000000, 10000000, 10000000, 1, 0, 0, 0, 0, 194, 0
6, 754, 798, 15354067, 13, 194, 240, 10000000, 10000000, 10000000, 1, 1, 0, 0, 0, 194, 0
393, 598, 787, 15355133, 15, 194, 240, 337, 6, 360, 0.963558, 1, 1, 0.641657, 1, 194, 0
242, -1, 726, 15355400, 8, 396, 392, 353, 308, 28, 1, 0.966812, 0.965853, 0.749802, 0.958851, 194, 0
28, 1, 758, 15355400, 8, 396, 392, 10000000, 10000000, 10000000, 1, 0.751904, 0, 0, 0, 194, 0
89, -1, 852, 15355400, 8, 396, 392, 353, 28, 275, 1, 1, 0.739905, 0.92729, 1, 194, 0
392, 12, 798, 15355933, 9, 77, 208, 233, 68, 184, 1, 1, 1, 0.963074, 0.680758, 194, 0
396, 12, 798, 15355933, 9, 77, 208, 233, 68, 324, 1, 1, 1, 1, 0.596602, 194, 0
68, 34, 801, 15356466, 10, 136, 77, 271, 324, 208, 0.85583, 1, 0.859176, 0.858209, 1, 194, 0
233, 67, 798, 15356466, 10, 95, 77, 208, 184, 271, 1, 1, 1, 0.965911, 0.408618, 194, 0
208, 111, 798, 15356466, 10, 77, 271, 324, 246, 136, 1, 0.46393, 0.429104, 0.359389, 0.239432, 194, 0
96, 552, 598, 15357533, 12, 19, 143, 90, 273, 128, 1, 1, 1, 0.959131, 0.944316, 194, 0
90, 643, 601, 15357533, 12, 143, 128, 251, 273, 94, 1, 1, 1, 0.96431, 0.322187, 194, 0
273, 669, 598, 15357534, 12, 143, 186, 4, 128, 10000000, 1, 0.535448, 0.322281, 1, 0, 194, 0
77, 164, 798, 15361000, 11, 227, 136, 215, 95, 271, 1, 1, 1, 1, 0.840992, 194, 0
95, 247, 801, 15361533, 12, 82, 352, 304, 3, 227, 0.856493, 1, 1, 1, 1, 194, 0
271, 274, 798, 15361533, 12, 3, 352, 227, 304, 136, 0.96283, 0.839024, 0.962103, 0.791593, 1, 194, 0
215, 283, 801, 15361533, 12, 33, 181, 352, 304, 3, 1, 0.965259, 1, 1, 1, 194, 0
136, 308, 798, 15361533, 12, 304, 33, 3, 227, 352, 1, 0.744836, 0.96283, 0.857663, 0.64398, 194, 0
273, 669, 598, 15362067, 13, 143, 186, 4, 128, 10000000, 1, 0.535188, 0.322125, 1, 0, 194, 0
143, 699, 601, 15362067, 13, 131, 94, 10000000, 10000000, 10000000, 0.641643, 0.429373, 0, 0, 0, 194, 0
128, 703, 598, 15362067, 13, 143, 4, 10000000, 10000000, 10000000, 0.85803, 0, 0, 0, 0, 194, 0
251, 731, 601, 15362067, 13, 131, 261, 94, 143, 297, 0.855524, 0.961965, 0.64406, 1, 0.23981, 194, 0
227, 333, 801, 15366066, 13, 33, 82, 181, 292, 352, 1, 0.856077, 0.857591, 0.962602, 1, 194, 0
3, 347, 798, 15366066, 13, 82, 141, 352, 304, 292, 1, 1, 0.965501, 1, 0.479736, 194, 0
304, 362, 801, 15366066, 13, 181, 82, 141, 33, 292, 1, 0.963087, 0.925446, 0.963962, 0.962602, 194, 0
352, 383, 801, 15366066, 13, 393, 317, 82, 181, 141, 1, 1, 1, 0.96479, 0.952643, 194, 0
33, 462, 801, 15366600, 14, 240, 337, 387, 358, 384, 0.964105, 0.965334, 1, 1, 0.961671, 194, 0
141, 484, 801, 15366600, 14, 194, 240, 337, 387, 358, 0.962377, 1, 0.965334, 1, 1, 194, 0
358, 584, 801, 15375133, 15, 194, 240, 6, 337, 393, 1, 1, 0.960432, 1, 1, 194, 0
387, 587, 801, 15375133, 15, 194, 240, 6, 337, 393, 1, 1, 0.960432, 1, 1, 194, 0
240, 666, 798, 15375133, 15, 194, 10000000, 10000000, 10000000, 10000000, 1, 0, 0, 0, 0, 194, 0
199, 198, 72, 16299999, 1, 249, 368, 313, 344, 13, 0.968559, 1, 0.972428, 1, 0.823851, 251, 0
344, 198, 158, 16300200, 2, 132, 249, 313, 368, 193, 1, 1, 1, 1, 0.75732, 251, 0
368, 201, 220, 16300200, 2, 132, 23, 366, 249, 229, 0.969371, 0.862062, 0.826401, 1, 0.844781, 251, 1
313, 201, 247, 16300200, 2, 23, 132, 229, 386, 366, 0.96982, 1, 1, 0.824146, 0.72406, 251, 0
249, 201, 281, 16304733, 3, 311, 23, 363, 399, 366, 0.920856, 0.969346, 0.822149, 0.847532, 0.862398, 251, 0
229, 198, 313, 16304733, 3, 299, 205, 311, 222, 363, 1, 0.970886, 1, 0.929618, 1, 251, 0
132, 201, 328, 16304733, 3, 222, 311, 299, 363, 399, 1, 1, 0.931798, 0.968872, 1, 251, 1
23, 201, 365, 16304733, 3, 65, 299, 222, 311, 363, 1, 1, 1, 0.970931, 1, 251, 0
366, 198, 380, 16304734, 3, 274, 65, 299, 113, 311, 0.970593, 0.970974, 1, 1, 1, 251, 0
399, 198, 387, 16305267, 4, 274, 18, 205, 65, 299, 1, 1, 1, 0.970918, 1, 251, 0
363, 201, 420, 16305267, 4, 274, 65, 205, 299, 222, 0.970537, 1, 0.970831, 1, 1, 251, 0
299, 201, 483, 16305267, 4, 65, 205, 45, 276, 188, 1, 1, 0.324106, 0.380178, 0.431023, 251, 1
205, 201, 527, 16313800, 5, 65, 10, 276, 10000000, 10000000, 1, 1, 0.361179, 0, 0, 251, 1
65, 201, 567, 16313800, 5, 10000000, 10000000, 10000000, 10000000, 10000000, 0, 0, 0, 0, 0, 251, 0
65, 201, 567, 16318333, 6, 10000000, 10000000, 10000000, 10000000, 10000000, 0, 0, 0, 0, 0, 251, 0
10, 198, 625, 16318333, 6, 65, 10000000, 10000000, 10000000, 10000000, 1, 0, 0, 0, 0, 251, 1
65, 201, 567, 16322867, 7, 10000000, 10000000, 10000000, 10000000, 10000000, 0, 0, 0, 0, 0, 251, 0
230, 94, 198, 17299999, 1, 241, 71, 56, 197, 216, 1, 1, 1, 0.777817, 1, 211, 0
216, 130, 198, 17300200, 2, 241, 197, 368, 71, 56, 1, 1, 1, 0.912356, 1, 211, 0
56, 179, 198, 17300200, 2, 241, 193, 197, 313, 71, 1, 1, 0.913335, 0.97214, 0.936252, 211, 1
193, 198, 254, 17308733, 3, 363, 399, 386, 23, 366, 0.971796, 1, 1, 1, 1, 211, 1
71, 243, 201, 17308733, 3, 314, 356, 27, 310, 159, 1, 0.968193, 1, 1, 1, 211, 0
313, 201, 260, 17308733, 3, 23, 132, 386, 229, 366, 0.969099, 1, 0.844514, 1, 0.753082, 211, 0
197, 265, 201, 17308733, 3, 314, 356, 27, 310, 159, 1, 0.968193, 1, 1, 1, 211, 0
241, 298, 201, 17308733, 3, 314, 244, 239, 122, 356, 1, 0.967691, 0.879951, 0.94767, 1, 211, 1
356, 427, 198, 17309267, 4, 88, 117, 244, 118, 380, 0.968112, 1, 1, 0.860166, 0.684697, 211, 0
314, 462, 198, 17309267, 4, 272, 88, 117, 312, 86, 1, 1, 1, 0.969388, 0.788986, 211, 1
239, 508, 201, 17309267, 4, 86, 137, 287, 88, 380, 1, 0.845649, 0.863745, 1, 1, 211, 0
312, 540, 201, 17309800, 5, 287, 86, 137, 114, 102, 1, 1, 0.861938, 0.752963, 0.752101, 211, 0
117, 546, 198, 17309800, 5, 272, 47, 86, 213, 88, 1, 1, 1, 0.786666, 1, 211, 0
88, 588, 198, 17309800, 5, 114, 290, 44, 345, 206, 1, 1, 1, 1, 1, 211, 1
366, 198, 374, 17313266, 4, 299, 65, 311, 113, 274, 1, 0.860046, 1, 1, 0.859482, 211, 0
23, 201, 378, 17313266, 4, 299, 222, 65, 311, 363, 1, 1, 0.86742, 0.967681, 1, 211, 0
386, 198, 387, 17313266, 4, 205, 274, 299, 311, 18, 0.967447, 0.966917, 1, 1, 1, 211, 0
363, 201, 426, 17313267, 4, 65, 205, 299, 222, 274, 0.967552, 0.967447, 1, 1, 0.859482, 211, 1
222, 198, 473, 17313800, 5, 276, 65, 205, 210, 10, 1, 1, 1, 0.752122, 0.755094, 211, 0
299, 201, 497, 17313800, 5, 178, 10, 65, 205, 276, 1, 1, 1, 1, 0.478528, 211, 0
205, 201, 541, 17313800, 5, 295, 178, 10, 65, 210, 1, 0.909143, 1, 1, 0.603926, 211, 0
65, 201, 581, 17313800, 5, 67, 276, 178, 295, 10, 1, 0.966848, 1, 0.935395, 1, 211, 1
10, 198, 610, 17314333, 6, 67, 210, 295, 276, 178, 1, 1, 1, 1, 1, 211, 1
178, 198, 668, 17314333, 6, 324, 67, 210, 295, 246, 1, 0.966997, 1, 1, 0.755392, 211, 0
206, 598, 265, 17314333, 6, 347, 286, 114, 290, 130, 1, 0.859448, 1, 1, 0.609141, 211, 0
276, 201, 686, 17314333, 6, 67, 210, 59, 172, 324, 1, 1, 1, 1, 0.322139, 211, 0
295, 198, 706, 17314333, 6, 67, 324, 210, 59, 246, 1, 0.966417, 0.966959, 1, 1, 211, 0
290, 598, 300, 17314333, 6, 286, 347, 85, 179, 114, 1, 1, 1, 0.862379, 1, 211, 0
114, 601, 334, 17314334, 6, 243, 347, 130, 286, 85, 1, 0.968294, 0.882644, 0.725563, 0.755125, 211, 1
67, 201, 786, 17314334, 6, 95, 10000000, 10000000, 10000000, 10000000, 1, 0, 0, 0, 0, 211, 1
95, 221, 801, 17314867, 7, 352, 3, 304, 136, 227, 1, 1, 1, 1, 1, 211, 1
85, 598, 428, 17314867, 7, 21, 332, 179, 243, 286, 1, 1, 1, 1, 1, 211, 0
347, 601, 457, 17314867, 7, 21, 179, 332, 286, 243, 1, 1, 0.966908, 1, 0.86271, 211, 0
130, 598, 463, 17314867, 7, 19, 21, 332, 179, 186, 0.967743, 1, 1, 1, 0.753593, 211, 0
286, 601, 503, 17314867, 7, 236, 19, 21, 179, 332, 1, 1, 1, 1, 0.751952, 211, 0
243, 598, 513, 17314867, 7, 236, 19, 21, 186, 204, 1, 1, 1, 0.753593, 0.752542, 211, 1
227, 306, 801, 17315400, 8, 33, 352, 3, 141, 82, 1, 1, 1, 0.752906, 0.646707, 211, 0
136, 332, 798, 17315400, 8, 352, 3, 33, 304, 181, 1, 1, 0.606714, 1, 0.214999, 211, 0
304, 341, 801, 17315400, 8, 181, 257, 141, 33, 82, 0.967494, 0.913951, 0.956698, 1, 0.754492, 211, 0
352, 373, 801, 17315400, 8, 317, 82, 393, 358, 181, 1, 0.970061, 0.864495, 0.868226, 0.859995, 211, 1
21, 601, 581, 17315400, 8, 309, 236, 204, 90, 186, 1, 1, 1, 1, 0.795717, 211, 0
19, 598, 611, 17315401, 8, 393, 360, 186, 4, 309, 1, 1, 1, 0.966999, 0.968446, 211, 1
181, 548, 798, 17315934, 9, 337, 240, 109, 387, 384, 1, 0.820585, 1, 1, 1, 211, 1
309, 598, 741, 17319934, 9, 337, 4, 240, 194, 393, 0.753299, 1, 0.645656, 0.537976, 1, 211, 0
186, 601, 747, 17319934, 9, 4, 393, 360, 10000000, 10000000, 1, 1, 1, 0, 0, 211, 0
360, 598, 771, 17319934, 9, 240, 194, 337, 4, 6, 0.860875, 0.753166, 0.860913, 1, 0.429291, 211, 1
4, 601, 781, 17319934, 9, 10000000, 10000000, 10000000, 10000000, 10000000, 0, 0, 0, 0, 0, 211, 0
4, 601, 781, 17324467, 10, 10000000, 10000000, 10000000, 10000000, 10000000, 0, 0, 0, 0, 0, 211, 0
178, 198, 668, 17330866, 7, 324, 67, 210, 295, 246, 1, 0.965282, 1, 1, 0.754047, 211, 0
276, 201, 686, 17330866, 7, 67, 210, 59, 172, 324, 1, 1, 1, 1, 0.321568, 211, 0
295, 198, 706, 17330866, 7, 67, 324, 210, 59, 246, 1, 0.964705, 0.965244, 1, 1, 211, 0
210, 201, 739, 17330867, 7, 67, 190, 324, 10000000, 10000000, 1, 0.240282, 0.959396, 0, 0, 211, 0
67, 201, 786, 17330867, 7, 95, 10000000, 10000000, 10000000, 10000000, 1, 0, 0, 0, 0, 211, 1
95, 220, 801, 17331400, 8, 352, 3, 304, 136, 227, 1, 1, 1, 1, 1, 211, 1
227, 306, 801, 17331933, 9, 33, 352, 3, 141, 82, 1, 1, 1, 0.751569, 0.645557, 211, 0
136, 333, 798, 17331933, 9, 352, 3, 33, 304, 181, 1, 1, 0.603686, 1, 0.214617, 211, 0
304, 341, 801, 17331933, 9, 181, 257, 141, 33, 82, 0.965777, 0.90937, 0.954183, 1, 0.75315, 211, 0
352, 373, 801, 17331933, 9, 317, 82, 393, 358, 181, 1, 0.968335, 0.858361, 0.862039, 0.858469, 211, 1
3, 373, 798, 17331933, 9, 257, 141, 33, 52, 82, 1, 1, 1, 1, 0.602697, 211, 0
384, 587, 801, 17332467, 10, 6, 240, 337, 194, 4, 0.964607, 1, 1, 0.859602, 1, 211, 0
387, 587, 801, 17332467, 10, 194, 240, 337, 6, 4, 1, 1, 1, 0.75025, 1, 211, 0
109, 598, 832, 17332467, 10, 4, 360, 393, 186, 10000000, 0.92823, 1, 0.968414, 1, 0, 211, 0
337, 656, 798, 17332467, 10, 51, 194, 6, 301, 240, 1, 1, 0.857428, 0.698908, 1, 211, 1
240, 692, 798, 17332467, 10, 51, 6, 194, 301, 223, 1, 1, 1, 0.538223, 0.273103, 211, 0
240, 692, 798, 17333000, 11, 51, 6, 194, 301, 223, 1, 1, 1, 0.538192, 0.273083, 211, 0
194, 740, 798, 17333001, 11, 252, 196, 51, 301, 6, 1, 1, 1, 0.840193, 1, 211, 1
6, 780, 798, 17333001, 11, 329, 252, 223, 301, 196, 1, 1, 0.967919, 1, 0.931869, 211, 0
6, 780, 798, 17337534, 12, 329, 252, 223, 301, 196, 1, 1, 0.967447, 1, 0.930886, 211, 0
51, 840, 801, 17337534, 12, 211, 252, 223, 57, 329, 1, 1, 1, 1, 0.860912, 211, 0
301, 859, 798, 17337534, 12, 211, 329, 252, 223, 57, 1, 0.953707, 1, 1, 1, 211, 0
196, 864, 801, 17337534, 12, 211, 329, 252, 223, 57, 1, 1, 1, 1, 1, 211, 0
252, 904, 801, 17337534, 12, 211, 329, 10000000, 10000000, 10000000, 1, 1, 0, 0, 0, 211, 1
329, 944, 801, 17338067, 13, 211, 10000000, 10000000, 10000000, 10000000, 1, 0, 0, 0, 0, 211, 0
393, 598, 787, 17341000, 11, 240, 337, 194, 6, 4, 1, 1, 0.751463, 0.428322, 0.964347, 211, 0
4, 601, 781, 17341000, 11, 10000000, 10000000, 10000000, 10000000, 10000000, 0, 0, 0, 0, 0, 211, 0
360, 598, 771, 17341000, 11, 240, 194, 337, 4, 6, 0.858928, 0.751463, 0.858965, 1, 0.428322, 211, 0
186, 601, 748, 17341000, 11, 4, 393, 360, 10000000, 10000000, 1, 1, 1, 0, 0, 211, 0
4, 601, 781, 17345533, 12, 10000000, 10000000, 10000000, 10000000, 10000000, 0, 0, 0, 0, 0, 211, 0
170, 351, -1, 18299999, 1, 373, 298, 288, 200, 100, 1, 1, 1, 1, 1, 186, 0
100, 398, 12, 18300200, 2, 48, 378, 158, 325, 254, 1, 1, 1, 0.969829, 1, 186, 0
373, 401, 32, 18300200, 2, 48, 158, 378, 254, 260, 0.971828, 1, 0.919231, 1, 0.97111, 186, 1
200, 462, 1, 18300200, 2, 12, 338, 5, 156, 46, 1, 1, 1, 1, 0.822507, 186, 0
288, 516, -1, 18300200, 2, 12, 46, 338, 207, 5, 1, 1, 1, 1, 1, 186, 1
260, 398, 80, 18300733, 3, 48, 378, 158, 224, 116, 1, 1, 1, 0.701391, 0.756365, 186, 0
254, 401, 116, 18300733, 3, 116, 48, 378, 158, 325, 1, 1, 1, 1, 0.969182, 186, 0
158, 401, 157, 18300733, 3, 224, 116, 48, 378, 27, 1, 1, 1, 0.969433, 0, 186, 1
378, 398, 162, 18300733, 3, 351, 118, 388, 116, 41, 0.88659, 0.862994, 0.783558, 0.964979, 0.754308, 186, 0
378, 398, 162, 18305266, 4, 351, 118, 388, 116, 41, 0.884812, 0.862572, 0.780785, 0.964452, 0.75394, 186, 0
48, 401, 182, 18305266, 4, 224, 302, 118, 116, 41, 1, 0.877099, 0.75475, 0.93452, 0.362817, 186, 0
27, 389, 198, 18305266, 4, 41, 351, 118, 302, 224, 1, 1, 1, 1, 1, 186, 0
116, 398, 232, 18305266, 4, 300, 388, 349, 381, 395, 0.970825, 1, 0.971467, 0.970196, 0.968781, 186, 1
338, 532, 1, 18308733, 3, 291, 155, 12, 91, 46, 0.752759, 0.646149, 1, 0.431393, 1, 186, 0
5, 588, -1, 18308733, 3, 183, 12, 46, 291, 338, 1, 1, 1, 0.322611, 1, 186, 0
12, 598, 12, 18308733, 3, 91, 155, 291, 285, 183, 1, 1, 1, 1, 1, 186, 1
46, 613, 1, 18308733, 3, 12, 10000000, 10000000, 10000000, 10000000, 1, 0, 0, 0, 0, 186, 0
207, 652, 1, 18308734, 3, 46, 338, 10000000, 10000000, 10000000, 1, 0.603257, 0, 0, 0, 186, 0
183, 598, 40, 18309266, 4, 88, 91, 155, 291, 47, 1, 1, 1, 1, 0.755088, 186, 0
285, 598, 81, 18309267, 4, 47, 114, 88, 91, 206, 1, 0.861657, 1, 1, 0.860828, 186, 0
291, 601, 115, 18309267, 4, 206, 47, 88, 91, 155, 1, 1, 1, 1, 1, 186, 0
155, 601, 157, 18309267, 4, 290, 206, 47, 88, 91, 1, 1, 0.936448, 1, 1, 186, 0
91, 601, 186, 18309267, 4, 290, 206, 114, 47, 86, 1, 1, 0.75395, 0.957735, 1, 186, 1
86, 611, 201, 18309800, 5, 47, 10000000, 10000000, 10000000, 10000000, 1, 0, 0, 0, 0, 186, 0
47, 598, 212, 18309800, 5, 114, 290, 206, 286, 347, 1, 1, 1, 0.647605, 0.647915, 186, 0
206, 598, 251, 18309800, 5, 347, 85, 114, 286, 290, 1, 0.962428, 1, 0.755539, 1, 186, 0
290, 598, 288, 18309800, 5, 286, 347, 85, 179, 114, 0.971408, 1, 1, 0.754727, 1, 186, 1
114, 601, 345, 18309800, 5, 332, 243, 347, 130, 286, 1, 1, 0.971872, 0.919855, 0.755539, 186, 0
114, 601, 345, 18310333, 6, 332, 243, 347, 130, 286, 1, 1, 0.971817, 0.919705, 0.755496, 186, 0
347, 601, 471, 18310334, 6, 236, 19, 21, 179, 332, 1, 1, 1, 1, 0.970951, 186, 1
332, 598, 526, 18314867, 7, 186, 19, 21, 236, 4, 0.861477, 1, 1, 0.752726, 0.646208, 186, 0
179, 601, 550, 18314867, 7, 309, 236, 19, 21, 204, 1, 0.868362, 0.927872, 1, 0.463984, 186, 0
21, 601, 589, 18314867, 7, 393, 236, 309, 204, 186, 1, 1, 0.881494, 1, 0.68652, 186, 0
19, 598, 605, 18314867, 7, 186, 309, 360, 393, 236, 1, 0.968319, 1, 1, 1, 186, 1
236, 598, 682, 18319401, 8, 309, 186, 360, 4, 393, 1, 1, 1, 1, 1, 186, 0
309, 598, 728, 18319401, 8, 10000000, 10000000, 10000000, 10000000, 10000000, 0, 0, 0, 0, 0, 186, 0
360, 598, 762, 18319401, 8, 309, 186, 10000000, 10000000, 10000000, 1, 1, 0, 0, 0, 186, 0
309, 598, 728, 18327934, 9, 10000000, 10000000, 10000000, 10000000, 10000000, 0, 0, 0, 0, 0, 186, 0
32, 6, 398, 19299999, 1, 221, 262, 336, 157, 83, 1, 1, 0.775188, 1, 1, 85, 0
83, 16, 401, 19300200, 2, 23, 110, 221, 336, 262, 1, 1, 1, 0.971872, 1, 85, 0
157, 42, 401, 19300200, 2, 18, 110, 221, 336, 274, 0.972112, 1, 1, 1, 0.752917, 85, 0
262, 78, 401, 19300200, 2, 23, 110, 363, 221, 336, 1, 1, 0.860775, 1, 1, 85, 1
336, 121, 401, 19300200, 2, 274, 168, 18, 278, 23, 0.968037, 1, 1, 0.825673, 1, 85, 0
336, 121, 401, 19304733, 3, 274, 168, 18, 278, 23, 0.967565, 1, 1, 0.825158, 1, 85, 0
221, 145, 398, 19304733, 3, 168, 335, 18, 23, 113, 0.88128, 0.788412, 1, 1, 1, 85, 0
110, 168, 398, 19304733, 3, 274, 278, 168, 18, 363, 1, 1, 0.88128, 1, 1, 85, 0
23, 201, 393, 19304733, 3, 395, 188, 274, 278, 18, 1, 1, 1, 1, 1, 85, 1
18, 210, 401, 19305266, 4, 45, 335, 274, 278, 168, 0.969236, 1, 1, 1, 1, 85, 0
278, 291, 401, 19305266, 4, 144, 372, 395, 388, 41, 1, 1, 1, 1, 1, 85, 0
274, 328, 398, 19305267, 4, 144, 372, 41, 339, 388, 1, 1, 1, 0.823515, 0.971397, 85, 0
188, 374, 398, 19305267, 4, 279, 339, 372, 395, 388, 0.966986, 1, 1, 1, 1, 85, 1
388, 401, 412, 19309800, 5, 339, 279, 144, 372, 53, 1, 0.863325, 1, 1, 1, 85, 0
395, 401, 412, 19309800, 5, 339, 279, 144, 372, 53, 1, 0.863325, 1, 1, 1, 85, 0
372, 440, 398, 19309800, 5, 166, 279, 24, 339, 81, 1, 1, 0.862473, 1, 0.765305, 85, 0
339, 494, 398, 19309800, 5, 85, 24, 166, 279, 124, 1, 1, 1, 1, 0.776539, 85, 1
279, 525, 398, 19314333, 6, 85, 24, 124, 81, 166, 1, 1, 1, 0.877238, 1, 85, 0
166, 550, 398, 19314333, 6, 85, 24, 130, 347, 81, 1, 1, 1, 0.431664, 0.565674, 85, 0
24, 592, 398, 19314333, 6, 85, 10000000, 10000000, 10000000, 10000000, 1, 0, 0, 0, 0, 85, 0
124, 638, 401, 19314334, 6, 85, 24, 81, 10000000, 10000000, 1, 1, 1, 0, 0, 85, 0
53, 410, 401, 19322333, 6, 166, 279, 81, 339, 24, 1, 1, 0.87417, 1, 0.753646, 85, 0
144, 436, 401, 19322333, 6, 85, 24, 166, 279, 81, 1, 0.968973, 1, 1, 0.859486, 85, 0
372, 440, 398, 19322333, 6, 166, 279, 24, 339, 81, 1, 1, 0.861309, 1, 0.758034, 85, 0
279, 526, 398, 19330866, 7, 85, 24, 124, 81, 166, 1, 1, 1, 0.870922, 1, 85, 0
166, 550, 398, 19330866, 7, 85, 24, 130, 347, 81, 1, 1, 1, 0.430895, 0.563916, 85, 0
81, 613, 401, 19330867, 7, 85, 24, 10000000, 10000000, 10000000, 1, 1, 0, 0, 0, 85, 0
24, 592, 398, 19339399, 8, 85, 10000000, 10000000, 10000000, 10000000, 1, 0, 0, 0, 0, 85, 0
130, 598, 438, 19339400, 8, 85, 10000000, 10000000, 10000000, 10000000, 1, 0, 0, 0, 0, 85, 0
81, 612, 401, 19339400, 8, 85, 24, 10000000, 10000000, 10000000, 1, 1, 0, 0, 0, 85, 0
