source_x,source_y,recv_x,recv_y,time,recv_priority,hopcount,recv_id,source_id,destination_id,destination_x,destination_y,pri_1,pri_2,pri_3,pri_4,pri_5
280, -1, 354, 1, 10300200, 3, 1, 149, 7, 133, 801, 832, 156, 320, 149, 373, 254
280, -1, 401, 12, 10300200, 2, 1, 320, 7, 133, 801, 832, 156, 320, 149, 373, 254
280, -1, 401, 12, 10300200, 4, 1, 373, 7, 133, 801, 832, 156, 320, 149, 373, 254
280, -1, 447, -1, 10300200, 1, 1, 156, 7, 133, 801, 832, 156, 320, 149, 373, 254
447, -1, 587, 1, 10300819, 1, 2, 338, 156, 133, 801, 832, 338, 220, 105, 291, 155
587, 1, 601, 44, 10301437, 5, 3, 155, 338, 133, 801, 832, 285, 183, 91, 12, 155
587, 1, 601, 84, 10301437, 3, 3, 91, 338, 133, 801, 832, 285, 183, 91, 12, 155
587, 1, 598, 111, 10301437, 4, 3, 12, 338, 133, 801, 832, 285, 183, 91, 12, 155
601, 84, 598, 111, 10310055, 3, 4, 12, 91, 133, 801, 832, 183, 285, 12, 114, 10000000
601, 84, 598, 147, 10310055, 1, 4, 183, 91, 133, 801, 832, 183, 285, 12, 114, 10000000
601, 84, 598, 179, 10310055, 2, 4, 285, 91, 133, 801, 832, 183, 285, 12, 114, 10000000
598, 147, 587, 201, 10310673, 4, 5, 312, 183, 133, 801, 832, 114, 287, 380, 312, 239
598, 147, 587, 201, 10310673, 3, 5, 380, 183, 133, 801, 832, 114, 287, 380, 312, 239
598, 147, 601, 262, 10310673, 1, 5, 114, 183, 133, 801, 832, 114, 287, 380, 312, 239
601, 262, 598, 315, 10311292, 1, 6, 47, 114, 133, 801, 832, 47, 206, 286, 290, 347
601, 262, 598, 359, 10311292, 2, 6, 206, 114, 133, 801, 832, 47, 206, 286, 290, 347
601, 262, 598, 378, 10311292, 4, 6, 290, 114, 133, 801, 832, 47, 206, 286, 290, 347
601, 262, 601, 419, 10311292, 3, 6, 286, 114, 133, 801, 832, 47, 206, 286, 290, 347
598, 315, 598, 378, 10311910, 5, 7, 290, 47, 133, 801, 832, 21, 179, 286, 347, 290
598, 315, 601, 412, 10311910, 4, 7, 347, 47, 133, 801, 832, 21, 179, 286, 347, 290
598, 315, 601, 419, 10311910, 3, 7, 286, 47, 133, 801, 832, 21, 179, 286, 347, 290
598, 315, 601, 445, 10311910, 2, 7, 179, 47, 133, 801, 832, 21, 179, 286, 347, 290
598, 315, 601, 487, 10311910, 1, 7, 21, 47, 133, 801, 832, 21, 179, 286, 347, 290
601, 487, 598, 515, 10312528, 5, 8, 85, 21, 133, 801, 832, 332, 130, 243, 186, 85
601, 487, 598, 552, 10312528, 2, 8, 130, 21, 133, 801, 832, 332, 130, 243, 186, 85
601, 487, 598, 580, 10312528, 3, 8, 243, 21, 133, 801, 832, 332, 130, 243, 186, 85
601, 487, 598, 587, 10312528, 1, 8, 332, 21, 133, 801, 832, 332, 130, 243, 186, 85
601, 487, 601, 647, 10312529, 4, 8, 186, 21, 133, 801, 832, 332, 130, 243, 186, 85
598, 587, 642, 598, 10313147, 4, 9, 128, 332, 133, 801, 832, 4, 186, 309, 128, 19
598, 587, 601, 647, 10313147, 2, 9, 186, 332, 133, 801, 832, 4, 186, 309, 128, 19
598, 587, 601, 689, 10313147, 1, 9, 4, 332, 133, 801, 832, 4, 186, 309, 128, 19
598, 587, 598, 711, 10313147, 5, 9, 19, 332, 133, 801, 832, 4, 186, 309, 128, 19
601, 689, 598, 752, 10313765, 5, 10, 204, 4, 133, 801, 832, 309, 393, 360, 236, 204
601, 689, 598, 778, 10313765, 4, 10, 236, 4, 133, 801, 832, 309, 393, 360, 236, 204
601, 689, 598, 787, 10313765, 1, 10, 309, 4, 133, 801, 832, 309, 393, 360, 236, 204
601, 689, 598, 787, 10313765, 3, 10, 360, 4, 133, 801, 832, 309, 393, 360, 236, 204
601, 689, 598, 787, 10313765, 2, 10, 393, 4, 133, 801, 832, 309, 393, 360, 236, 204
598, 787, 612, 798, 10314383, 4, 11, 337, 309, 133, 801, 832, 6, 194, 240, 337, 112
598, 787, 618, 798, 10314383, 3, 11, 240, 309, 133, 801, 832, 6, 194, 240, 337, 112
598, 787, 646, 798, 10314383, 2, 11, 194, 309, 133, 801, 832, 6, 194, 240, 337, 112
598, 787, 601, 858, 10314383, 5, 11, 112, 309, 133, 801, 832, 6, 194, 240, 337, 112
598, 787, 685, 798, 10314383, 1, 11, 6, 309, 133, 801, 832, 6, 194, 240, 337, 112
685, 798, 812, 798, 10315002, 2, 12, 301, 6, 133, 801, 832, 248, 301, 223, 211, 133
685, 798, 822, 798, 10315002, 3, 12, 223, 6, 133, 801, 832, 248, 301, 223, 211, 133
685, 798, 849, 798, 10315002, 4, 12, 211, 6, 133, 801, 832, 248, 301, 223, 211, 133
812, 798, 801, 821, 10319620, 1, 13, 248, 301, 133, 801, 832, 248, 133, 10000000, 10000000, 10000000
812, 798, 801, 846, 10319620, 133, 13, 133, 301, 133, 801, 832, 248, 133, 10000000, 10000000, 10000000
175, 201, 201, 257, 11300200, 5, 1, 132, 238, 297, 798, 780, 71, 197, 27, 23, 132
175, 201, 293, 198, 11300200, 3, 1, 27, 238, 297, 798, 780, 71, 197, 27, 23, 132
293, 198, 371, 201, 11308818, 1, 2, 241, 27, 297, 798, 780, 241, 356, 314, 310, 244
293, 198, 386, 201, 11308818, 4, 2, 310, 27, 297, 798, 780, 241, 356, 314, 310, 244
293, 198, 412, 198, 11308818, 2, 2, 356, 27, 297, 798, 780, 241, 356, 314, 310, 244
293, 198, 413, 198, 11308818, 3, 2, 314, 27, 297, 798, 780, 241, 356, 314, 310, 244
293, 198, 424, 198, 11308818, 5, 2, 244, 27, 297, 798, 780, 241, 356, 314, 310, 244
371, 201, 401, 257, 11309436, 5, 3, 118, 241, 297, 798, 780, 41, 122, 88, 49, 118
371, 201, 510, 198, 11309437, 3, 3, 88, 241, 297, 798, 780, 41, 122, 88, 49, 118
201, 257, 198, 387, 11316818, 4, 2, 305, 132, 297, 798, 780, 366, 311, 399, 305, 386
201, 257, 198, 387, 11316818, 1, 2, 366, 132, 297, 798, 780, 366, 311, 399, 305, 386
201, 257, 198, 387, 11316818, 5, 2, 386, 132, 297, 798, 780, 366, 311, 399, 305, 386
201, 257, 198, 387, 11316818, 3, 2, 399, 132, 297, 798, 780, 366, 311, 399, 305, 386
198, 387, 225, 398, 11317436, 5, 3, 274, 366, 297, 798, 780, 65, 188, 45, 205, 274
198, 387, 261, 398, 11317436, 2, 3, 188, 366, 297, 798, 780, 65, 188, 45, 205, 274
198, 387, 201, 459, 11317436, 4, 3, 205, 366, 297, 798, 780, 65, 188, 45, 205, 274
198, 387, 201, 499, 11317437, 1, 3, 65, 366, 297, 798, 780, 65, 188, 45, 205, 274
201, 499, 198, 520, 11318055, 4, 4, 113, 65, 297, 798, 780, 276, 210, 222, 113, 45
201, 499, 198, 554, 11318055, 3, 4, 222, 65, 297, 798, 780, 276, 210, 222, 113, 45
510, 198, 575, 201, 11318055, 5, 4, 239, 88, 297, 798, 780, 380, 312, 287, 137, 239
510, 198, 587, 201, 11318055, 2, 4, 312, 88, 297, 798, 780, 380, 312, 287, 137, 239
510, 198, 587, 201, 11318055, 1, 4, 380, 88, 297, 798, 780, 380, 312, 287, 137, 239
201, 499, 201, 623, 11318055, 1, 4, 276, 65, 297, 798, 780, 276, 210, 222, 113, 45
510, 198, 627, 198, 11318055, 3, 4, 287, 88, 297, 798, 780, 380, 312, 287, 137, 239
201, 499, 201, 657, 11318055, 2, 4, 210, 65, 297, 798, 780, 276, 210, 222, 113, 45
201, 623, 201, 657, 11318673, 4, 5, 210, 276, 297, 798, 780, 324, 107, 67, 210, 10
587, 201, 601, 272, 11318673, 2, 5, 114, 380, 297, 798, 780, 47, 114, 213, 102, 206
201, 623, 198, 697, 11318673, 5, 5, 10, 276, 297, 798, 780, 324, 107, 67, 210, 10
201, 623, 201, 706, 11318673, 3, 5, 67, 276, 297, 798, 780, 324, 107, 67, 210, 10
587, 201, 598, 301, 11318673, 1, 5, 47, 380, 297, 798, 780, 47, 114, 213, 102, 206
587, 201, 692, 198, 11318673, 4, 5, 102, 380, 297, 798, 780, 47, 114, 213, 102, 206
201, 623, 201, 812, 11318674, 1, 5, 324, 276, 297, 798, 780, 324, 107, 67, 210, 10
598, 301, 601, 412, 11319292, 5, 6, 347, 47, 297, 798, 780, 85, 21, 179, 286, 347
598, 301, 601, 426, 11319292, 4, 6, 286, 47, 297, 798, 780, 85, 21, 179, 286, 347
201, 812, 226, 798, 11319292, 3, 6, 271, 324, 297, 798, 780, 136, 3, 271, 10000000, 10000000
598, 301, 601, 457, 11319292, 3, 6, 179, 47, 297, 798, 780, 85, 21, 179, 286, 347
201, 812, 259, 798, 11319292, 1, 6, 136, 324, 297, 798, 780, 136, 3, 271, 10000000, 10000000
259, 798, 290, 798, 11319910, 5, 7, 3, 136, 297, 798, 780, 352, 95, 215, 227, 3
259, 798, 304, 801, 11319910, 2, 7, 95, 136, 297, 798, 780, 352, 95, 215, 227, 3
259, 798, 342, 801, 11319910, 3, 7, 215, 136, 297, 798, 780, 352, 95, 215, 227, 3
259, 798, 387, 801, 11319910, 1, 7, 352, 136, 297, 798, 780, 352, 95, 215, 227, 3
387, 801, 457, 798, 11320528, 4, 8, 181, 352, 297, 798, 780, 384, 82, 33, 181, 141
387, 801, 498, 798, 11320529, 2, 8, 82, 352, 297, 798, 780, 384, 82, 33, 181, 141
387, 801, 508, 801, 11320529, 3, 8, 33, 352, 297, 798, 780, 384, 82, 33, 181, 141
387, 801, 538, 801, 11320529, 5, 8, 141, 352, 297, 798, 780, 384, 82, 33, 181, 141
387, 801, 587, 801, 11320529, 1, 8, 384, 352, 297, 798, 780, 384, 82, 33, 181, 141
587, 801, 598, 787, 11321147, 5, 9, 393, 384, 297, 798, 780, 6, 194, 240, 337, 393
587, 801, 612, 798, 11321147, 4, 9, 337, 384, 297, 798, 780, 6, 194, 240, 337, 393
587, 801, 623, 798, 11321147, 3, 9, 240, 384, 297, 798, 780, 6, 194, 240, 337, 393
587, 801, 658, 798, 11321147, 2, 9, 194, 384, 297, 798, 780, 6, 194, 240, 337, 393
587, 801, 699, 798, 11321147, 1, 9, 6, 384, 297, 798, 780, 6, 194, 240, 337, 393
699, 798, 829, 798, 11321766, 3, 10, 223, 6, 297, 798, 780, 301, 248, 223, 211, 133
699, 798, 862, 798, 11321766, 4, 10, 211, 6, 297, 798, 780, 301, 248, 223, 211, 133
261, 398, 296, 398, 11322054, 4, 4, 45, 188, 297, 798, 780, 372, 168, 335, 45, 278
261, 398, 344, 401, 11322055, 2, 4, 168, 188, 297, 798, 780, 372, 168, 335, 45, 278
261, 398, 373, 401, 11322055, 5, 4, 278, 188, 297, 798, 780, 372, 168, 335, 45, 278
261, 398, 387, 401, 11322055, 3, 4, 335, 188, 297, 798, 780, 372, 168, 335, 45, 278
261, 398, 412, 398, 11322055, 1, 4, 372, 188, 297, 798, 780, 372, 168, 335, 45, 278
412, 398, 457, 398, 11322673, 5, 5, 166, 372, 297, 798, 780, 53, 24, 104, 144, 166
412, 398, 401, 479, 11322673, 3, 5, 104, 372, 297, 798, 780, 53, 24, 104, 144, 166
412, 398, 499, 398, 11322673, 2, 5, 24, 372, 297, 798, 780, 53, 24, 104, 144, 166
412, 398, 503, 401, 11322673, 1, 5, 53, 372, 297, 798, 780, 53, 24, 104, 144, 166
412, 398, 542, 401, 11322673, 4, 5, 144, 372, 297, 798, 780, 53, 24, 104, 144, 166
503, 401, 601, 412, 11323291, 4, 6, 347, 53, 297, 798, 780, 35, 120, 286, 347, 179
503, 401, 654, 398, 11323292, 2, 6, 120, 53, 297, 798, 780, 35, 120, 286, 347, 179
401, 257, 398, 333, 11326055, 5, 4, 116, 118, 297, 798, 780, 395, 381, 300, 104, 116
401, 257, 401, 412, 11326055, 2, 4, 381, 118, 297, 798, 780, 395, 381, 300, 104, 116
401, 257, 401, 412, 11326055, 1, 4, 395, 118, 297, 798, 780, 395, 381, 300, 104, 116
401, 412, 457, 398, 11326673, 4, 5, 166, 395, 297, 798, 780, 154, 24, 104, 166, 115
401, 412, 401, 479, 11326673, 3, 5, 104, 395, 297, 798, 780, 154, 24, 104, 166, 115
401, 412, 398, 521, 11326673, 5, 5, 115, 395, 297, 798, 780, 154, 24, 104, 166, 115
654, 398, 696, 398, 11327910, 3, 7, 35, 120, 297, 798, 780, 283, 81, 35, 124, 367
654, 398, 705, 401, 11327910, 2, 7, 81, 120, 297, 798, 780, 283, 81, 35, 124, 367
601, 457, 601, 501, 11327910, 2, 7, 21, 179, 297, 798, 780, 130, 21, 332, 85, 186
601, 457, 598, 503, 11327910, 4, 7, 85, 179, 297, 798, 780, 130, 21, 332, 85, 186
654, 398, 746, 401, 11327910, 4, 7, 124, 120, 297, 798, 780, 283, 81, 35, 124, 367
601, 457, 598, 540, 11327910, 1, 7, 130, 179, 297, 798, 780, 130, 21, 332, 85, 186
654, 398, 787, 401, 11327910, 5, 7, 367, 120, 297, 798, 780, 283, 81, 35, 124, 367
601, 457, 598, 586, 11327910, 3, 7, 332, 179, 297, 798, 780, 130, 21, 332, 85, 186
654, 398, 826, 398, 11327910, 1, 7, 283, 120, 297, 798, 780, 283, 81, 35, 124, 367
826, 398, 787, 401, 11328528, 2, 8, 367, 283, 297, 798, 780, 398, 367, 306, 111, 234
826, 398, 787, 401, 11328528, 1, 8, 398, 283, 297, 798, 780, 398, 367, 306, 111, 234
826, 398, 787, 401, 11328528, 3, 8, 306, 283, 297, 798, 780, 398, 367, 306, 111, 234
598, 540, 601, 659, 11328528, 1, 8, 186, 130, 297, 798, 780, 186, 19, 4, 273, 128
826, 398, 773, 401, 11328528, 5, 8, 234, 283, 297, 798, 780, 398, 367, 306, 111, 234
598, 540, 598, 696, 11328529, 2, 8, 19, 130, 297, 798, 780, 186, 19, 4, 273, 128
787, 401, 801, 481, 11329147, 1, 9, 111, 398, 297, 798, 780, 111, 87, 146, 334, 280
601, 659, 598, 740, 11329147, 5, 9, 204, 186, 297, 798, 780, 393, 309, 360, 236, 204
787, 401, 798, 505, 11329147, 2, 9, 87, 398, 297, 798, 780, 111, 87, 146, 334, 280
601, 659, 598, 770, 11329147, 4, 9, 236, 186, 297, 798, 780, 393, 309, 360, 236, 204
601, 659, 598, 787, 11329147, 2, 9, 309, 186, 297, 798, 780, 393, 309, 360, 236, 204
601, 659, 598, 787, 11329147, 3, 9, 360, 186, 297, 798, 780, 393, 309, 360, 236, 204
601, 659, 598, 787, 11329147, 1, 9, 393, 186, 297, 798, 780, 393, 309, 360, 236, 204
801, 481, 798, 505, 11329765, 5, 10, 87, 111, 297, 798, 780, 371, 131, 280, 146, 87
801, 481, 798, 541, 11329765, 4, 10, 146, 111, 297, 798, 780, 371, 131, 280, 146, 87
598, 787, 612, 798, 11329765, 4, 10, 337, 393, 297, 798, 780, 6, 194, 240, 337, 133
598, 787, 624, 798, 11329765, 3, 10, 240, 393, 297, 798, 780, 6, 194, 240, 337, 133
801, 481, 798, 573, 11329765, 3, 10, 280, 111, 297, 798, 780, 371, 131, 280, 146, 87
598, 787, 658, 798, 11329765, 2, 10, 194, 393, 297, 798, 780, 6, 194, 240, 337, 133
801, 481, 801, 612, 11329765, 1, 10, 371, 111, 297, 798, 780, 371, 131, 280, 146, 87
801, 612, 801, 629, 11330383, 3, 11, 261, 371, 297, 798, 780, 94, 131, 261, 171, 37
801, 612, 801, 651, 11330383, 2, 11, 131, 371, 297, 798, 780, 94, 131, 261, 171, 37
801, 612, 801, 696, 11330383, 1, 11, 94, 371, 297, 798, 780, 94, 131, 261, 171, 37
801, 612, 798, 744, 11330384, 4, 11, 171, 371, 297, 798, 780, 94, 131, 261, 171, 37
801, 612, 798, 770, 11330384, 297, 11, 297, 371, 297, 798, 780, 94, 131, 261, 171, 37
1, 312, -1, 330, 12300200, 3, 1, 174, 32, 37, 798, 711, 348, 282, 174, 191, 43
1, 312, -1, 367, 12300200, 2, 1, 282, 32, 37, 798, 711, 348, 282, 174, 191, 43
1, 312, -1, 383, 12300200, 1, 1, 348, 32, 37, 798, 711, 348, 282, 174, 191, 43
1, 312, 1, 472, 12300200, 4, 1, 191, 32, 37, 798, 711, 348, 282, 174, 191, 43
1, 312, 1, 503, 12300200, 5, 1, 43, 32, 37, 798, 711, 348, 282, 174, 191, 43
-1, 383, 1, 472, 12300818, 4, 2, 191, 348, 37, 798, 711, 221, 110, 43, 191, 50
-1, 383, -1, 497, 12300818, 5, 2, 50, 348, 37, 798, 711, 221, 110, 43, 191, 50
-1, 383, 1, 503, 12300818, 3, 2, 43, 348, 37, 798, 711, 221, 110, 43, 191, 50
1, 503, -1, 584, 12309436, 3, 3, 340, 43, 37, 798, 711, 370, 390, 340, 374, 328
1, 503, -1, 587, 12309436, 1, 3, 370, 43, 37, 798, 711, 370, 390, 340, 374, 328
1, 503, -1, 587, 12309436, 2, 3, 390, 43, 37, 798, 711, 370, 390, 340, 374, 328
1, 503, 1, 612, 12309436, 4, 3, 374, 43, 37, 798, 711, 370, 390, 340, 374, 328
1, 503, 1, 616, 12309437, 5, 3, 328, 43, 37, 798, 711, 370, 390, 340, 374, 328
-1, 587, 34, 598, 12310055, 4, 4, 259, 370, 37, 798, 711, 103, 134, 34, 259, 163
-1, 587, 68, 598, 12310055, 2, 4, 134, 370, 37, 798, 711, 103, 134, 34, 259, 163
-1, 587, 1, 670, 12310055, 5, 4, 163, 370, 37, 798, 711, 103, 134, 34, 259, 163
-1, 587, 80, 601, 12310055, 1, 4, 103, 370, 37, 798, 711, 103, 134, 34, 259, 163
80, 601, 135, 601, 12310673, 3, 5, 189, 103, 37, 798, 711, 107, 276, 189, 210, 67
135, 601, 300, 598, 12319291, 1, 6, 107, 189, 37, 798, 711, 107, 276, 210, 295, 20
300, 598, 332, 601, 12319910, 1, 7, 182, 107, 37, 798, 711, 182, 162, 96, 154, 10000000
300, 598, 475, 598, 12319910, 2, 7, 162, 107, 37, 798, 711, 182, 162, 96, 154, 10000000
475, 598, 510, 598, 12324528, 4, 8, 96, 162, 37, 798, 711, 90, 128, 273, 96, 173
475, 598, 531, 601, 12324528, 5, 8, 173, 162, 37, 798, 711, 90, 128, 273, 96, 173
1, 670, 1, 713, 12326673, 4, 5, 28, 163, 37, 798, 711, 34, 134, 259, 28, 10000000
510, 598, 530, 601, 12337146, 4, 9, 173, 96, 37, 798, 711, 128, 84, 273, 173, 186
510, 598, 635, 598, 12337147, 3, 9, 273, 96, 37, 798, 711, 128, 84, 273, 173, 186
510, 598, 666, 598, 12337147, 1, 9, 128, 96, 37, 798, 711, 128, 84, 273, 173, 186
666, 598, 711, 598, 12337765, 5, 10, 84, 128, 37, 798, 711, 318, 371, 143, 377, 84
666, 598, 731, 601, 12337765, 3, 10, 143, 128, 37, 798, 711, 318, 371, 143, 377, 84
666, 598, 784, 601, 12337765, 1, 10, 318, 128, 37, 798, 711, 318, 371, 143, 377, 84
666, 598, 787, 601, 12337765, 4, 10, 377, 128, 37, 798, 711, 318, 371, 143, 377, 84
666, 598, 801, 612, 12337765, 2, 10, 371, 128, 37, 798, 711, 318, 371, 143, 377, 84
784, 601, 801, 612, 12338383, 5, 11, 371, 318, 37, 798, 711, 94, 131, 261, 334, 371
784, 601, 801, 615, 12338383, 4, 11, 334, 318, 37, 798, 711, 94, 131, 261, 334, 371
784, 601, 801, 639, 12338383, 3, 11, 261, 318, 37, 798, 711, 94, 131, 261, 334, 371
784, 601, 801, 663, 12338383, 2, 11, 131, 318, 37, 798, 711, 94, 131, 261, 334, 371
784, 601, 801, 710, 12338383, 1, 11, 94, 318, 37, 798, 711, 94, 131, 261, 334, 371
801, 663, 798, 695, 12343001, 37, 12, 37, 131, 37, 798, 711, 94, 37, 171, 10000000, 10000000
37, -1, 114, -1, 13300200, 3, 1, 8, 264, 69, 801, 923, 323, 365, 8, 330, 343
37, -1, 181, 1, 13300200, 5, 1, 343, 264, 69, 801, 923, 323, 365, 8, 330, 343
37, -1, 212, -1, 13300200, 2, 1, 365, 264, 69, 801, 923, 323, 365, 8, 330, 343
37, -1, 219, -1, 13300200, 4, 1, 330, 264, 69, 801, 923, 323, 365, 8, 330, 343
212, -1, 198, 58, 13304818, 3, 2, 60, 365, 69, 801, 923, 123, 7, 60, 170, 62
212, -1, 278, 1, 13304818, 5, 2, 62, 365, 69, 801, 923, 123, 7, 60, 170, 62
212, -1, 287, -1, 13304818, 4, 2, 170, 365, 69, 801, 923, 123, 7, 60, 170, 62
212, -1, 318, -1, 13304818, 2, 2, 7, 365, 69, 801, 923, 123, 7, 60, 170, 62
318, -1, 401, 12, 13309437, 1, 3, 373, 7, 69, 801, 923, 373, 320, 61, 156, 288
318, -1, 401, 19, 13309437, 2, 3, 320, 7, 69, 801, 923, 373, 320, 61, 156, 288
318, -1, 445, -1, 13309437, 5, 3, 288, 7, 69, 801, 923, 373, 320, 61, 156, 288
318, -1, 476, 1, 13309437, 3, 3, 61, 7, 69, 801, 923, 373, 320, 61, 156, 288
401, 12, 398, 73, 13310055, 4, 4, 100, 373, 69, 801, 923, 48, 158, 138, 100, 260
401, 12, 401, 81, 13310055, 2, 4, 158, 373, 69, 801, 923, 48, 158, 138, 100, 260
401, 12, 401, 118, 13310055, 1, 4, 48, 373, 69, 801, 923, 48, 158, 138, 100, 260
401, 12, 398, 148, 13310055, 5, 4, 260, 373, 69, 801, 923, 48, 158, 138, 100, 260
401, 118, 398, 148, 13310673, 3, 5, 260, 48, 69, 801, 923, 118, 325, 260, 378, 41
401, 118, 398, 179, 13310673, 2, 5, 325, 48, 69, 801, 923, 118, 325, 260, 378, 41
401, 118, 398, 187, 13310673, 4, 5, 378, 48, 69, 801, 923, 118, 325, 260, 378, 41
198, 58, 201, 212, 13313437, 3, 3, 368, 60, 69, 801, 923, 249, 313, 368, 344, 132
398, 179, 421, 198, 13315291, 5, 6, 314, 325, 69, 801, 923, 41, 118, 117, 244, 314
398, 179, 401, 284, 13315292, 2, 6, 118, 325, 69, 801, 923, 41, 118, 117, 244, 314
398, 179, 401, 326, 13315292, 1, 6, 41, 325, 69, 801, 923, 41, 118, 117, 244, 314
401, 326, 398, 373, 13315910, 4, 7, 302, 41, 69, 801, 923, 300, 395, 104, 302, 388
401, 326, 401, 412, 13315910, 5, 7, 388, 41, 69, 801, 923, 300, 395, 104, 302, 388
401, 326, 401, 412, 13315910, 2, 7, 395, 41, 69, 801, 923, 300, 395, 104, 302, 388
401, 326, 401, 433, 13315910, 1, 7, 300, 41, 69, 801, 923, 300, 395, 104, 302, 388
401, 433, 401, 464, 13316528, 3, 8, 217, 300, 69, 801, 923, 104, 115, 217, 24, 166
401, 433, 398, 499, 13316528, 2, 8, 115, 300, 69, 801, 923, 104, 115, 217, 24, 166
401, 433, 401, 502, 13316528, 1, 8, 104, 300, 69, 801, 923, 104, 115, 217, 24, 166
476, 1, 555, 1, 13318055, 4, 4, 298, 61, 69, 801, 923, 291, 338, 105, 298, 91
476, 1, 580, 1, 13318055, 2, 4, 338, 61, 69, 801, 923, 291, 338, 105, 298, 91
201, 212, 201, 286, 13322055, 4, 4, 132, 368, 69, 801, 923, 305, 23, 193, 132, 229
201, 212, 201, 325, 13322055, 2, 4, 23, 368, 69, 801, 923, 305, 23, 193, 132, 229
201, 212, 198, 381, 13322055, 1, 4, 305, 368, 69, 801, 923, 305, 23, 193, 132, 229
580, 1, 601, 44, 13322673, 4, 5, 291, 338, 69, 801, 923, 91, 155, 12, 291, 207
580, 1, 598, 71, 13322674, 3, 5, 12, 338, 69, 801, 923, 91, 155, 12, 291, 207
198, 381, 201, 444, 13322674, 5, 5, 299, 305, 69, 801, 923, 65, 113, 205, 188, 299
198, 381, 201, 486, 13322674, 3, 5, 205, 305, 69, 801, 923, 65, 113, 205, 188, 299
198, 381, 198, 496, 13322674, 2, 5, 113, 305, 69, 801, 923, 65, 113, 205, 188, 299
580, 1, 716, 1, 13322674, 5, 5, 207, 338, 69, 801, 923, 91, 155, 12, 291, 207
198, 381, 201, 526, 13322674, 1, 5, 65, 305, 69, 801, 923, 65, 113, 205, 188, 299
201, 526, 201, 639, 13323292, 3, 6, 276, 65, 69, 801, 923, 178, 210, 276, 45, 10
201, 526, 198, 668, 13323292, 5, 6, 10, 65, 69, 801, 923, 178, 210, 276, 45, 10
201, 526, 201, 685, 13323292, 2, 6, 210, 65, 69, 801, 923, 178, 210, 276, 45, 10
201, 526, 198, 720, 13323292, 1, 6, 178, 65, 69, 801, 923, 178, 210, 276, 45, 10
198, 720, 201, 819, 13323911, 3, 7, 324, 178, 69, 801, 923, 190, 246, 324, 271, 55
198, 720, 201, 846, 13323911, 2, 7, 246, 178, 69, 801, 923, 190, 246, 324, 271, 55
198, 720, 201, 887, 13323911, 1, 7, 190, 178, 69, 801, 923, 190, 246, 324, 271, 55
198, 720, 201, 917, 13323911, 5, 7, 55, 178, 69, 801, 923, 190, 246, 324, 271, 55
201, 887, 201, 917, 13324529, 4, 8, 55, 190, 69, 801, 923, 136, 271, 3, 55, 10000000
598, 71, 598, 107, 13331292, 4, 6, 183, 12, 69, 801, 923, 114, 285, 91, 183, 312
598, 71, 601, 123, 13331292, 3, 6, 91, 12, 69, 801, 923, 114, 285, 91, 183, 312
598, 71, 598, 153, 13331292, 2, 6, 285, 12, 69, 801, 923, 114, 285, 91, 183, 312
421, 198, 587, 201, 13331910, 2, 7, 380, 314, 69, 801, 923, 137, 380, 41, 312, 88
598, 153, 587, 201, 13335910, 2, 7, 380, 285, 69, 801, 923, 114, 380, 312, 239, 287
587, 201, 598, 274, 13336528, 3, 8, 47, 380, 69, 801, 923, 206, 114, 47, 102, 137
587, 201, 601, 293, 13336528, 2, 8, 114, 380, 69, 801, 923, 206, 114, 47, 102, 137
587, 201, 684, 198, 13336528, 5, 8, 137, 380, 69, 801, 923, 206, 114, 47, 102, 137
587, 201, 598, 320, 13336528, 1, 8, 206, 380, 69, 801, 923, 206, 114, 47, 102, 137
587, 201, 723, 198, 13336528, 4, 8, 102, 380, 69, 801, 923, 206, 114, 47, 102, 137
598, 320, 601, 419, 13337147, 4, 9, 347, 206, 69, 801, 923, 130, 179, 286, 347, 21
598, 320, 601, 445, 13337147, 3, 9, 286, 206, 69, 801, 923, 130, 179, 286, 347, 21
598, 320, 601, 529, 13337147, 5, 9, 21, 206, 69, 801, 923, 130, 179, 286, 347, 21
716, 1, 754, 1, 13339292, 4, 6, 225, 207, 69, 801, 923, 382, 357, 315, 225, 362
716, 1, 780, 1, 13339292, 3, 6, 315, 207, 69, 801, 923, 382, 357, 315, 225, 362
716, 1, 787, 1, 13339292, 2, 6, 357, 207, 69, 801, 923, 382, 357, 315, 225, 362
716, 1, 787, 1, 13339292, 1, 6, 382, 207, 69, 801, 923, 382, 357, 315, 225, 362
716, 1, 812, -1, 13339292, 5, 6, 362, 207, 69, 801, 923, 382, 357, 315, 225, 362
787, 1, 798, 77, 13339910, 1, 7, 75, 382, 69, 801, 923, 75, 209, 232, 250, 319
787, 1, 798, 156, 13339911, 3, 7, 232, 382, 69, 801, 923, 75, 209, 232, 250, 319
798, 77, 798, 156, 13340529, 5, 8, 232, 75, 69, 801, 923, 126, 250, 319, 58, 232
798, 77, 801, 220, 13340529, 3, 8, 319, 75, 69, 801, 923, 126, 250, 319, 58, 232
601, 445, 598, 478, 13345765, 5, 10, 85, 286, 69, 801, 923, 21, 179, 332, 130, 85
601, 445, 601, 483, 13345765, 2, 10, 179, 286, 69, 801, 923, 21, 179, 332, 130, 85
601, 445, 598, 513, 13345765, 4, 10, 130, 286, 69, 801, 923, 21, 179, 332, 130, 85
601, 445, 601, 529, 13345765, 1, 10, 21, 286, 69, 801, 923, 21, 179, 332, 130, 85
601, 445, 598, 579, 13345765, 3, 10, 332, 286, 69, 801, 923, 21, 179, 332, 130, 85
601, 529, 598, 557, 13346383, 2, 11, 243, 21, 69, 801, 923, 332, 243, 186, 4, 10000000
601, 529, 598, 579, 13346383, 1, 11, 332, 21, 69, 801, 923, 332, 243, 186, 4, 10000000
598, 579, 598, 666, 13347001, 4, 12, 19, 332, 69, 801, 923, 4, 186, 128, 19, 273
598, 579, 601, 688, 13347002, 2, 12, 186, 332, 69, 801, 923, 4, 186, 128, 19, 273
598, 579, 601, 731, 13347002, 1, 12, 4, 332, 69, 801, 923, 4, 186, 128, 19, 273
601, 731, 598, 787, 13347620, 5, 13, 360, 4, 69, 801, 923, 387, 384, 358, 393, 360
601, 731, 598, 787, 13347620, 4, 13, 393, 4, 69, 801, 923, 387, 384, 358, 393, 360
601, 731, 587, 801, 13347620, 3, 13, 358, 4, 69, 801, 923, 387, 384, 358, 393, 360
601, 731, 587, 801, 13347620, 2, 13, 384, 4, 69, 801, 923, 387, 384, 358, 393, 360
601, 731, 587, 801, 13347620, 1, 13, 387, 4, 69, 801, 923, 387, 384, 358, 393, 360
587, 801, 640, 798, 13348238, 4, 14, 240, 387, 69, 801, 923, 6, 194, 112, 240, 109
587, 801, 598, 884, 13348238, 5, 14, 109, 387, 69, 801, 923, 6, 194, 112, 240, 109
587, 801, 684, 798, 13348238, 2, 14, 194, 387, 69, 801, 923, 6, 194, 112, 240, 109
587, 801, 601, 900, 13348238, 3, 14, 112, 387, 69, 801, 923, 6, 194, 112, 240, 109
587, 801, 727, 798, 13348238, 1, 14, 6, 387, 69, 801, 923, 6, 194, 112, 240, 109
727, 798, 821, 798, 13348857, 1, 15, 301, 6, 69, 801, 923, 301, 248, 223, 133, 10000000
727, 798, 850, 798, 13348857, 3, 15, 223, 6, 69, 801, 923, 301, 248, 223, 133, 10000000
801, 220, 801, 244, 13349147, 5, 9, 250, 319, 69, 801, 923, 58, 187, 126, 40, 250
801, 220, 798, 286, 13349147, 4, 9, 40, 319, 69, 801, 923, 58, 187, 126, 40, 250
801, 220, 801, 288, 13349147, 3, 9, 126, 319, 69, 801, 923, 58, 187, 126, 40, 250
801, 220, 798, 321, 13349147, 2, 9, 187, 319, 69, 801, 923, 58, 187, 126, 40, 250
801, 220, 801, 335, 13349147, 1, 9, 58, 319, 69, 801, 923, 58, 187, 126, 40, 250
801, 335, 787, 401, 13349765, 2, 10, 367, 58, 69, 801, 923, 398, 367, 87, 111, 10000000
801, 335, 787, 401, 13349765, 1, 10, 398, 58, 69, 801, 923, 398, 367, 87, 111, 10000000
801, 335, 798, 479, 13349766, 3, 10, 87, 58, 69, 801, 923, 398, 367, 87, 111, 10000000
801, 335, 801, 506, 13349766, 4, 10, 111, 58, 69, 801, 923, 398, 367, 87, 111, 10000000
787, 401, 798, 479, 13350384, 3, 11, 87, 398, 69, 801, 923, 111, 146, 87, 280, 334
787, 401, 801, 506, 13350384, 1, 11, 111, 398, 69, 801, 923, 111, 146, 87, 280, 334
787, 401, 798, 518, 13350384, 2, 11, 146, 398, 69, 801, 923, 111, 146, 87, 280, 334
801, 506, 798, 553, 13351002, 4, 12, 280, 111, 69, 801, 923, 377, 334, 371, 280, 131
801, 506, 787, 601, 13351002, 1, 12, 377, 111, 69, 801, 923, 377, 334, 371, 280, 131
801, 506, 801, 612, 13351002, 3, 12, 371, 111, 69, 801, 923, 377, 334, 371, 280, 131
801, 506, 801, 620, 13351002, 2, 12, 334, 111, 69, 801, 923, 377, 334, 371, 280, 131
801, 506, 801, 676, 13351002, 5, 12, 131, 111, 69, 801, 923, 377, 334, 371, 280, 131
787, 601, 801, 612, 13351620, 4, 13, 371, 377, 69, 801, 923, 94, 131, 37, 371, 297
787, 601, 801, 676, 13351620, 2, 13, 131, 377, 69, 801, 923, 94, 131, 37, 371, 297
787, 601, 798, 682, 13351620, 3, 13, 37, 377, 69, 801, 923, 94, 131, 37, 371, 297
787, 601, 801, 723, 13351620, 1, 13, 94, 377, 69, 801, 923, 94, 131, 37, 371, 297
787, 601, 798, 749, 13351621, 5, 13, 297, 377, 69, 801, 923, 94, 131, 37, 371, 297
801, 723, 798, 749, 13352239, 4, 14, 297, 94, 69, 801, 923, 69, 248, 133, 297, 10000000
798, 749, 801, 850, 13364857, 2, 15, 248, 297, 69, 801, 923, 133, 248, 69, 301, 223
798, 749, 801, 883, 13364857, 1, 15, 133, 297, 69, 801, 923, 133, 248, 69, 301, 223
801, 883, 801, 928, 13365475, 69, 16, 69, 133, 69, 801, 923, 69, 10000000, 10000000, 10000000, 10000000
201, 256, 201, 338, 14300200, 5, 1, 23, 249, 301, 819, 798, 399, 366, 363, 386, 23
201, 256, 198, 387, 14300200, 2, 1, 366, 249, 301, 819, 798, 399, 366, 363, 386, 23
201, 256, 198, 387, 14300200, 4, 1, 386, 249, 301, 819, 798, 399, 366, 363, 386, 23
201, 256, 198, 387, 14300200, 1, 1, 399, 249, 301, 819, 798, 399, 366, 363, 386, 23
198, 387, 255, 398, 14300818, 4, 2, 274, 399, 301, 819, 798, 65, 18, 205, 274, 299
198, 387, 259, 401, 14300818, 2, 2, 18, 399, 301, 819, 798, 65, 18, 205, 274, 299
198, 387, 201, 456, 14300818, 5, 2, 299, 399, 301, 819, 798, 65, 18, 205, 274, 299
198, 387, 201, 499, 14300818, 3, 2, 205, 399, 301, 819, 798, 65, 18, 205, 274, 299
198, 387, 201, 539, 14300818, 1, 2, 65, 399, 301, 819, 798, 65, 18, 205, 274, 299
201, 539, 201, 650, 14301437, 3, 3, 276, 65, 301, 819, 798, 10, 178, 276, 210, 188
201, 539, 198, 654, 14301437, 1, 3, 10, 65, 301, 819, 798, 10, 178, 276, 210, 188
198, 654, 201, 698, 14302055, 5, 4, 210, 10, 301, 819, 798, 67, 324, 246, 295, 210
198, 654, 198, 741, 14302055, 4, 4, 295, 10, 301, 819, 798, 67, 324, 246, 295, 210
198, 654, 201, 749, 14302055, 1, 4, 67, 10, 301, 819, 798, 67, 324, 246, 295, 210
198, 654, 201, 825, 14302055, 2, 4, 324, 10, 301, 819, 798, 67, 324, 246, 295, 210
201, 749, 201, 825, 14302673, 1, 5, 324, 67, 301, 819, 798, 324, 10000000, 10000000, 10000000, 10000000
259, 401, 401, 412, 14305437, 4, 3, 381, 18, 301, 819, 798, 279, 349, 388, 381, 372
259, 401, 401, 412, 14305437, 3, 3, 388, 18, 301, 819, 798, 279, 349, 388, 381, 372
259, 401, 412, 398, 14305437, 5, 3, 372, 18, 301, 819, 798, 279, 349, 388, 381, 372
401, 412, 454, 398, 14314055, 5, 4, 279, 388, 301, 819, 798, 104, 166, 115, 217, 279
401, 412, 401, 477, 14314055, 4, 4, 217, 388, 301, 819, 798, 104, 166, 115, 217, 279
401, 412, 398, 488, 14314055, 3, 4, 115, 388, 301, 819, 798, 104, 166, 115, 217, 279
401, 412, 401, 514, 14314055, 1, 4, 104, 388, 301, 819, 798, 104, 166, 115, 217, 279
401, 514, 401, 686, 14314674, 2, 5, 154, 104, 301, 819, 798, 108, 154, 10000000, 10000000, 10000000
401, 686, 401, 734, 14319292, 2, 6, 79, 154, 301, 819, 798, 292, 79, 162, 52, 96
401, 686, 401, 855, 14319292, 1, 6, 292, 154, 301, 819, 798, 292, 79, 162, 52, 96
454, 398, 465, 401, 14330673, 4, 5, 53, 279, 301, 819, 798, 24, 166, 144, 53, 347
454, 398, 493, 398, 14330673, 2, 5, 166, 279, 301, 819, 798, 24, 166, 144, 53, 347
454, 398, 503, 401, 14330673, 3, 5, 144, 279, 301, 819, 798, 24, 166, 144, 53, 347
454, 398, 541, 398, 14330673, 1, 5, 24, 279, 301, 819, 798, 24, 166, 144, 53, 347
541, 398, 601, 426, 14331291, 3, 6, 347, 24, 301, 819, 798, 120, 81, 347, 286, 10000000
541, 398, 670, 401, 14331292, 2, 6, 81, 24, 301, 819, 798, 120, 81, 347, 286, 10000000
670, 401, 746, 401, 14335910, 5, 7, 234, 81, 301, 819, 798, 398, 367, 306, 283, 234
670, 401, 775, 401, 14335910, 3, 7, 306, 81, 301, 819, 798, 398, 367, 306, 283, 234
670, 401, 787, 401, 14335910, 2, 7, 367, 81, 301, 819, 798, 398, 367, 306, 283, 234
670, 401, 787, 401, 14335910, 1, 7, 398, 81, 301, 819, 798, 398, 367, 306, 283, 234
787, 401, 798, 466, 14336528, 3, 8, 87, 398, 301, 819, 798, 111, 146, 87, 280, 334
787, 401, 798, 508, 14336528, 2, 8, 146, 398, 301, 819, 798, 111, 146, 87, 280, 334
787, 401, 801, 518, 14336528, 1, 8, 111, 398, 301, 819, 798, 111, 146, 87, 280, 334
787, 401, 798, 539, 14336528, 4, 8, 280, 398, 301, 819, 798, 111, 146, 87, 280, 334
787, 401, 801, 627, 14336529, 5, 8, 334, 398, 301, 819, 798, 111, 146, 87, 280, 334
801, 518, 798, 539, 14337146, 4, 9, 280, 111, 301, 819, 798, 334, 377, 371, 280, 131
801, 518, 801, 613, 14337147, 3, 9, 371, 111, 301, 819, 798, 334, 377, 371, 280, 131
801, 518, 801, 627, 14337147, 1, 9, 334, 111, 301, 819, 798, 334, 377, 371, 280, 131
801, 627, 801, 663, 14337765, 5, 10, 261, 334, 301, 819, 798, 94, 131, 171, 37, 261
801, 627, 798, 670, 14337765, 4, 10, 37, 334, 301, 819, 798, 94, 131, 171, 37, 261
801, 627, 801, 688, 14337765, 2, 10, 131, 334, 301, 819, 798, 94, 131, 171, 37, 261
801, 627, 798, 709, 14337765, 3, 10, 171, 334, 301, 819, 798, 94, 131, 171, 37, 261
801, 627, 801, 736, 14337765, 1, 10, 94, 334, 301, 819, 798, 94, 131, 171, 37, 261
601, 426, 598, 465, 14339909, 5, 7, 85, 347, 301, 819, 798, 332, 21, 179, 130, 85
601, 426, 601, 497, 14339910, 3, 7, 179, 347, 301, 819, 798, 332, 21, 179, 130, 85
601, 426, 598, 501, 14339910, 4, 7, 130, 347, 301, 819, 798, 332, 21, 179, 130, 85
601, 426, 601, 543, 14339910, 2, 7, 21, 347, 301, 819, 798, 332, 21, 179, 130, 85
601, 426, 598, 572, 14339910, 1, 7, 332, 347, 301, 819, 798, 332, 21, 179, 130, 85
598, 572, 598, 650, 14340528, 4, 8, 19, 332, 301, 819, 798, 393, 4, 186, 19, 128
598, 572, 601, 744, 14340528, 2, 8, 4, 332, 301, 819, 798, 393, 4, 186, 19, 128
801, 688, 798, 709, 14342383, 5, 11, 171, 131, 301, 819, 798, 94, 248, 74, 297, 171
801, 688, 801, 736, 14342383, 1, 11, 94, 131, 301, 819, 798, 94, 248, 74, 297, 171
801, 688, 798, 737, 14342383, 4, 11, 297, 131, 301, 819, 798, 94, 248, 74, 297, 171
601, 744, 598, 773, 14345146, 3, 9, 309, 4, 301, 819, 798, 393, 360, 309, 84, 10000000
601, 744, 598, 786, 14345147, 2, 9, 360, 4, 301, 819, 798, 393, 360, 309, 84, 10000000
601, 744, 598, 787, 14345147, 1, 9, 393, 4, 301, 819, 798, 393, 360, 309, 84, 10000000
598, 787, 625, 798, 14345765, 4, 10, 337, 393, 301, 819, 798, 194, 240, 6, 337, 10000000
598, 787, 652, 798, 14345765, 2, 10, 240, 393, 301, 819, 798, 194, 240, 6, 337, 10000000
652, 798, 699, 798, 14350383, 3, 11, 194, 240, 301, 819, 798, 6, 301, 194, 211, 223
652, 798, 741, 798, 14350383, 1, 11, 6, 240, 301, 819, 798, 6, 301, 194, 211, 223
652, 798, 828, 798, 14350383, 301, 11, 301, 240, 301, 819, 798, 6, 301, 194, 211, 223
198, 168, 201, 236, 15300200, 3, 1, 313, 344, 223, 872, 798, 132, 249, 313, 13, 23
198, 168, 198, 245, 15300200, 4, 1, 13, 344, 223, 872, 798, 132, 249, 313, 13, 23
198, 168, 201, 269, 15300200, 2, 1, 249, 344, 223, 872, 798, 132, 249, 313, 13, 23
201, 269, 198, 384, 15304818, 4, 2, 366, 249, 223, 872, 798, 399, 363, 386, 366, 311
201, 269, 198, 387, 15304818, 3, 2, 386, 249, 223, 872, 798, 399, 363, 386, 366, 311
201, 269, 198, 387, 15304818, 1, 2, 399, 249, 223, 872, 798, 399, 363, 386, 366, 311
201, 269, 201, 415, 15304818, 2, 2, 363, 249, 223, 872, 798, 399, 363, 386, 366, 311
198, 387, 245, 401, 15305436, 4, 3, 18, 399, 223, 872, 798, 65, 274, 205, 18, 222
198, 387, 198, 500, 15305437, 5, 3, 222, 399, 223, 872, 798, 65, 274, 205, 18, 222
198, 387, 201, 513, 15305437, 3, 3, 205, 399, 223, 872, 798, 65, 274, 205, 18, 222
198, 387, 201, 553, 15305437, 1, 3, 65, 399, 223, 872, 798, 65, 274, 205, 18, 222
201, 553, 198, 640, 15306055, 2, 4, 10, 65, 223, 872, 798, 210, 10, 276, 178, 188
201, 553, 201, 662, 15306055, 3, 4, 276, 65, 223, 872, 798, 210, 10, 276, 178, 188
201, 553, 201, 712, 15306055, 1, 4, 210, 65, 223, 872, 798, 210, 10, 276, 178, 188
201, 712, 201, 764, 15306673, 2, 5, 67, 210, 223, 872, 798, 324, 67, 107, 246, 10000000
201, 712, 201, 833, 15306674, 1, 5, 324, 210, 223, 872, 798, 324, 67, 107, 246, 10000000
245, 401, 401, 412, 15318055, 5, 4, 388, 18, 223, 872, 798, 372, 381, 349, 395, 388
245, 401, 414, 398, 15318055, 1, 4, 372, 18, 223, 872, 798, 372, 381, 349, 395, 388
414, 398, 468, 398, 15318673, 5, 5, 279, 372, 223, 872, 798, 166, 144, 24, 217, 279
414, 398, 489, 401, 15318673, 2, 5, 144, 372, 223, 872, 798, 166, 144, 24, 217, 279
414, 398, 504, 398, 15318673, 1, 5, 166, 372, 223, 872, 798, 166, 144, 24, 217, 279
414, 398, 555, 398, 15318673, 3, 5, 24, 372, 223, 872, 798, 166, 144, 24, 217, 279
504, 398, 555, 398, 15319291, 3, 6, 24, 166, 223, 872, 798, 120, 81, 24, 347, 104
555, 398, 601, 434, 15327910, 5, 7, 347, 24, 223, 872, 798, 234, 35, 120, 81, 347
555, 398, 658, 401, 15327910, 4, 7, 81, 24, 223, 872, 798, 234, 35, 120, 81, 347
555, 398, 703, 398, 15327910, 3, 7, 120, 24, 223, 872, 798, 234, 35, 120, 81, 347
555, 398, 737, 401, 15327910, 1, 7, 234, 24, 223, 872, 798, 234, 35, 120, 81, 347
555, 398, 744, 398, 15327910, 2, 7, 35, 24, 223, 872, 798, 234, 35, 120, 81, 347
737, 401, 787, 401, 15328528, 1, 8, 398, 234, 223, 872, 798, 398, 111, 283, 139, 93
737, 401, 871, 398, 15328528, 3, 8, 283, 234, 223, 872, 798, 398, 111, 283, 139, 93
737, 401, 912, 398, 15328529, 4, 8, 139, 234, 223, 872, 798, 398, 111, 283, 139, 93
737, 401, 946, 398, 15328529, 5, 8, 93, 234, 223, 872, 798, 398, 111, 283, 139, 93
787, 401, 798, 454, 15329146, 3, 9, 87, 398, 223, 872, 798, 111, 146, 87, 280, 76
787, 401, 863, 401, 15329146, 5, 9, 76, 398, 223, 872, 798, 111, 146, 87, 280, 76
787, 401, 798, 497, 15329147, 2, 9, 146, 398, 223, 872, 798, 111, 146, 87, 280, 76
787, 401, 801, 531, 15329147, 1, 9, 111, 398, 223, 872, 798, 111, 146, 87, 280, 76
801, 531, 801, 636, 15329765, 4, 10, 334, 111, 223, 872, 798, 171, 261, 371, 334, 377
801, 531, 801, 675, 15329765, 2, 10, 261, 111, 223, 872, 798, 171, 261, 371, 334, 377
801, 531, 798, 698, 15329765, 1, 10, 171, 111, 223, 872, 798, 171, 261, 371, 334, 377
798, 698, 798, 725, 15330383, 2, 11, 297, 171, 223, 872, 798, 94, 297, 248, 301, 74
798, 698, 801, 750, 15330383, 1, 11, 94, 171, 223, 872, 798, 94, 297, 248, 301, 74
798, 698, 798, 853, 15330384, 5, 11, 74, 171, 223, 872, 798, 94, 297, 248, 301, 74
798, 725, 801, 750, 15335001, 3, 12, 94, 297, 223, 872, 798, 301, 223, 94, 211, 74
798, 725, 798, 853, 15335002, 5, 12, 74, 297, 223, 872, 798, 301, 223, 94, 211, 74
601, 434, 598, 488, 15344528, 5, 8, 130, 347, 223, 872, 798, 332, 21, 243, 179, 130
601, 434, 601, 510, 15344528, 4, 8, 179, 347, 223, 872, 798, 332, 21, 243, 179, 130
601, 434, 598, 535, 15344528, 3, 8, 243, 347, 223, 872, 798, 332, 21, 243, 179, 130
601, 434, 601, 556, 15344528, 2, 8, 21, 347, 223, 872, 798, 332, 21, 243, 179, 130
601, 556, 598, 562, 15349146, 5, 9, 332, 21, 223, 872, 798, 19, 236, 186, 4, 332
601, 556, 598, 635, 15349146, 1, 9, 19, 21, 223, 872, 798, 19, 236, 186, 4, 332
601, 556, 601, 718, 15349147, 3, 9, 186, 21, 223, 872, 798, 19, 236, 186, 4, 332
601, 556, 601, 757, 15349147, 4, 9, 4, 21, 223, 872, 798, 19, 236, 186, 4, 332
598, 635, 601, 718, 15349765, 5, 10, 186, 19, 223, 872, 798, 360, 4, 309, 393, 186
598, 635, 601, 757, 15349765, 2, 10, 4, 19, 223, 872, 798, 360, 4, 309, 393, 186
598, 635, 598, 764, 15349765, 3, 10, 309, 19, 223, 872, 798, 360, 4, 309, 393, 186
598, 635, 598, 783, 15349765, 1, 10, 360, 19, 223, 872, 798, 360, 4, 309, 393, 186
598, 635, 598, 787, 15349765, 4, 10, 393, 19, 223, 872, 798, 360, 4, 309, 393, 186
598, 783, 634, 798, 15350383, 3, 11, 337, 360, 223, 872, 798, 194, 240, 337, 6, 248
798, 853, 801, 750, 15351620, 1, 13, 94, 74, 223, 872, 798, 94, 10000000, 10000000, 10000000, 10000000
634, 798, 666, 798, 15359001, 3, 12, 240, 337, 223, 872, 798, 6, 194, 240, 301, 10000000
634, 798, 713, 798, 15359001, 2, 12, 194, 337, 223, 872, 798, 6, 194, 240, 301, 10000000
634, 798, 755, 798, 15359001, 1, 12, 6, 337, 223, 872, 798, 6, 194, 240, 301, 10000000
755, 798, 837, 798, 15359620, 3, 13, 301, 6, 223, 872, 798, 223, 196, 301, 51, 57
755, 798, 877, 798, 15359620, 223, 13, 223, 6, 223, 872, 798, 223, 196, 301, 51, 57
201, 143, 198, 231, 16300200, 5, 1, 13, 98, 211, 912, 798, 229, 249, 193, 313, 13
201, 143, 201, 247, 16300200, 4, 1, 313, 98, 211, 912, 798, 229, 249, 193, 313, 13
201, 143, 198, 267, 16300200, 3, 1, 193, 98, 211, 912, 798, 229, 249, 193, 313, 13
201, 143, 201, 281, 16300200, 2, 1, 249, 98, 211, 912, 798, 229, 249, 193, 313, 13
201, 143, 198, 313, 16300200, 1, 1, 229, 98, 211, 912, 798, 229, 249, 193, 313, 13
198, 313, 198, 387, 16300818, 4, 2, 386, 229, 211, 912, 798, 205, 299, 399, 386, 113
198, 313, 198, 387, 16300818, 3, 2, 399, 229, 211, 912, 798, 205, 299, 399, 386, 113
198, 313, 201, 483, 16300819, 2, 2, 299, 229, 211, 912, 798, 205, 299, 399, 386, 113
201, 483, 201, 527, 16305437, 2, 3, 205, 299, 211, 912, 798, 65, 205, 274, 188, 45
201, 483, 201, 567, 16305437, 1, 3, 65, 299, 211, 912, 798, 65, 205, 274, 188, 45
201, 567, 198, 626, 16306055, 2, 4, 10, 65, 211, 912, 798, 276, 10, 210, 178, 10000000
201, 567, 201, 674, 16306055, 1, 4, 276, 65, 211, 912, 798, 276, 10, 210, 178, 10000000
201, 567, 201, 725, 16306055, 3, 4, 210, 65, 211, 912, 798, 276, 10, 210, 178, 10000000
201, 674, 201, 725, 16306673, 4, 5, 210, 276, 211, 912, 798, 324, 107, 67, 210, 172
201, 674, 201, 777, 16306674, 3, 5, 67, 276, 211, 912, 798, 324, 107, 67, 210, 172
201, 674, 201, 843, 16306674, 1, 5, 324, 276, 211, 912, 798, 324, 107, 67, 210, 172
201, 843, 201, 777, 16307292, 4, 6, 67, 324, 211, 912, 798, 271, 136, 3, 67, 10000000
1, 291, -1, 311, 17300200, 5, 1, 282, 284, 248, 801, 892, 201, 32, 176, 348, 282
1, 291, -1, 338, 17300200, 4, 1, 348, 284, 248, 801, 892, 201, 32, 176, 348, 282
1, 291, 1, 350, 17300200, 3, 1, 176, 284, 248, 801, 892, 201, 32, 176, 348, 282
1, 291, 1, 385, 17300200, 2, 1, 32, 284, 248, 801, 892, 201, 32, 176, 348, 282
1, 291, -1, 466, 17300200, 1, 1, 201, 284, 248, 801, 892, 201, 32, 176, 348, 282
-1, 466, 1, 575, 17300818, 5, 2, 43, 201, 248, 801, 892, 390, 2, 328, 374, 43
-1, 466, -1, 587, 17300818, 1, 2, 390, 201, 248, 801, 892, 390, 2, 328, 374, 43
-1, 466, 1, 628, 17300819, 4, 2, 374, 201, 248, 801, 892, 390, 2, 328, 374, 43
-1, 587, 80, 601, 17301437, 2, 3, 189, 390, 248, 801, 892, 259, 189, 163, 242, 267
-1, 587, 1, 693, 17301437, 5, 3, 267, 390, 248, 801, 892, 259, 189, 163, 242, 267
-1, 587, -1, 698, 17301437, 4, 3, 242, 390, 248, 801, 892, 259, 189, 163, 242, 267
80, 601, 137, 598, 17306055, 4, 4, 134, 189, 248, 801, 892, 182, 34, 20, 134, 276
80, 601, 160, 598, 17306055, 2, 4, 34, 189, 248, 801, 892, 182, 34, 20, 134, 276
80, 601, 224, 601, 17306055, 3, 4, 20, 189, 248, 801, 892, 182, 34, 20, 134, 276
160, 598, 198, 610, 17310673, 4, 5, 10, 34, 248, 801, 892, 182, 20, 107, 10, 10000000
160, 598, 223, 601, 17310673, 2, 5, 20, 34, 248, 801, 892, 182, 20, 107, 10, 10000000
160, 598, 367, 598, 17310674, 3, 5, 107, 34, 248, 801, 892, 182, 20, 107, 10, 10000000
-1, 338, 1, 385, 17312818, 4, 2, 32, 348, 248, 801, 892, 191, 43, 201, 32, 50
-1, 338, -1, 443, 17312818, 5, 2, 50, 348, 248, 801, 892, 191, 43, 201, 32, 50
-1, 698, -1, 862, 17314055, 5, 4, 180, 242, 248, 801, 892, 396, 353, 392, 275, 180
223, 601, 268, 601, 17315291, 3, 6, 182, 20, 248, 801, 892, 107, 16, 182, 162, 96
223, 601, 416, 601, 17315292, 2, 6, 16, 20, 248, 801, 892, 107, 16, 182, 162, 96
367, 598, 398, 634, 17319292, 2, 6, 108, 107, 248, 801, 892, 173, 108, 16, 96, 162
367, 598, 416, 601, 17319292, 3, 6, 16, 107, 248, 801, 892, 173, 108, 16, 96, 162
367, 598, 473, 601, 17319292, 1, 6, 173, 107, 248, 801, 892, 173, 108, 16, 96, 162
1, 385, -1, 465, 17325436, 5, 3, 201, 32, 248, 801, 892, 370, 340, 268, 43, 201
1, 385, -1, 504, 17325436, 3, 3, 268, 32, 248, 801, 892, 370, 340, 268, 43, 201
1, 385, -1, 544, 17325436, 2, 3, 340, 32, 248, 801, 892, 370, 340, 268, 43, 201
1, 385, -1, 574, 17325436, 1, 3, 370, 32, 248, 801, 892, 370, 340, 268, 43, 201
-1, 574, -1, 587, 17326054, 4, 4, 390, 370, 248, 801, 892, 259, 2, 163, 390, 267
-1, 574, -1, 616, 17326055, 2, 4, 2, 370, 248, 801, 892, 259, 2, 163, 390, 267
-1, 574, 1, 693, 17326055, 5, 4, 267, 370, 248, 801, 892, 259, 2, 163, 390, 267
-1, 574, 1, 735, 17326055, 3, 4, 163, 370, 248, 801, 892, 259, 2, 163, 390, 267
-1, 616, -1, 672, 17330673, 5, 5, 214, 2, 248, 801, 892, 28, 163, 267, 242, 214
-1, 616, 1, 693, 17330673, 3, 5, 267, 2, 248, 801, 892, 28, 163, 267, 242, 214
-1, 616, -1, 698, 17330673, 4, 5, 242, 2, 248, 801, 892, 28, 163, 267, 242, 214
-1, 862, 12, 798, 17330674, 2, 5, 392, 180, 248, 801, 892, 396, 392, 275, 142, 164
-1, 862, 12, 798, 17330674, 1, 5, 396, 180, 248, 801, 892, 396, 392, 275, 142, 164
12, 798, 55, 798, 17331292, 4, 6, 308, 396, 248, 801, 892, 77, 208, 233, 308, 184
12, 798, 69, 801, 17331292, 5, 6, 184, 396, 248, 801, 892, 77, 208, 233, 308, 184
12, 798, 97, 798, 17331292, 3, 6, 233, 396, 248, 801, 892, 77, 208, 233, 308, 184
12, 798, 137, 798, 17331292, 2, 6, 208, 396, 248, 801, 892, 77, 208, 233, 308, 184
12, 798, 186, 798, 17331292, 1, 6, 77, 396, 248, 801, 892, 77, 208, 233, 308, 184
186, 798, 255, 801, 17331910, 4, 7, 215, 77, 248, 801, 892, 352, 227, 271, 215, 136
186, 798, 303, 798, 17331911, 3, 7, 271, 77, 248, 801, 892, 352, 227, 271, 215, 136
186, 798, 306, 801, 17331911, 2, 7, 227, 77, 248, 801, 892, 352, 227, 271, 215, 136
186, 798, 333, 798, 17331911, 5, 7, 136, 77, 248, 801, 892, 352, 227, 271, 215, 136
1, 735, 1, 783, 17334673, 2, 5, 28, 163, 248, 801, 892, 180, 28, 275, 89, 142
1, 735, -1, 828, 17334673, 4, 5, 89, 163, 248, 801, 892, 180, 28, 275, 89, 142
1, 735, -1, 861, 17334673, 1, 5, 180, 163, 248, 801, 892, 180, 28, 275, 89, 142
1, 735, 1, 897, 17334674, 3, 5, 275, 163, 248, 801, 892, 180, 28, 275, 89, 142
1, 735, 1, 935, 17334674, 5, 5, 142, 163, 248, 801, 892, 180, 28, 275, 89, 142
-1, 861, 1, 897, 17335292, 3, 6, 275, 180, 248, 801, 892, 396, 392, 275, 142, 164
-1, 861, 12, 798, 17335292, 2, 6, 392, 180, 248, 801, 892, 396, 392, 275, 142, 164
-1, 861, 12, 798, 17335292, 1, 6, 396, 180, 248, 801, 892, 396, 392, 275, 142, 164
-1, 861, 1, 935, 17335292, 4, 6, 142, 180, 248, 801, 892, 396, 392, 275, 142, 164
12, 798, 55, 798, 17335910, 4, 7, 308, 396, 248, 801, 892, 77, 208, 233, 308, 184
12, 798, 69, 801, 17335910, 5, 7, 184, 396, 248, 801, 892, 77, 208, 233, 308, 184
12, 798, 97, 798, 17335910, 3, 7, 233, 396, 248, 801, 892, 77, 208, 233, 308, 184
12, 798, 137, 798, 17335910, 2, 7, 208, 396, 248, 801, 892, 77, 208, 233, 308, 184
306, 801, 373, 801, 17336529, 4, 8, 352, 227, 248, 801, 892, 141, 181, 33, 352, 3
306, 801, 373, 798, 17336529, 5, 8, 3, 227, 248, 801, 892, 141, 181, 33, 352, 3
306, 801, 439, 801, 17336529, 3, 8, 33, 227, 248, 801, 892, 141, 181, 33, 352, 3
97, 798, 137, 798, 17344528, 3, 8, 208, 233, 248, 801, 892, 95, 77, 208, 271, 10000000
97, 798, 186, 798, 17344528, 2, 8, 77, 233, 248, 801, 892, 95, 77, 208, 271, 10000000
97, 798, 220, 801, 17344528, 1, 8, 95, 233, 248, 801, 892, 95, 77, 208, 271, 10000000
220, 801, 306, 801, 17345147, 5, 9, 227, 95, 248, 801, 892, 3, 352, 136, 304, 227
439, 801, 574, 801, 17345147, 4, 9, 358, 33, 248, 801, 892, 387, 384, 82, 358, 240
373, 801, 439, 801, 17349147, 5, 9, 33, 352, 248, 801, 892, 82, 181, 257, 141, 33
373, 801, 461, 801, 17349147, 4, 9, 141, 352, 248, 801, 892, 82, 181, 257, 141, 33
574, 801, 598, 831, 17357766, 5, 10, 109, 358, 248, 801, 892, 194, 240, 6, 337, 109
574, 801, 657, 798, 17357766, 4, 10, 337, 358, 248, 801, 892, 194, 240, 6, 337, 109
574, 801, 692, 798, 17357766, 2, 10, 240, 358, 248, 801, 892, 194, 240, 6, 337, 109
692, 798, 741, 798, 17362384, 3, 11, 194, 240, 248, 801, 892, 6, 51, 194, 223, 301
692, 798, 780, 798, 17362384, 1, 11, 6, 240, 248, 801, 892, 6, 51, 194, 223, 301
692, 798, 840, 801, 17362384, 2, 11, 51, 240, 248, 801, 892, 6, 51, 194, 223, 301
692, 798, 860, 798, 17362384, 5, 11, 301, 240, 248, 801, 892, 6, 51, 194, 223, 301
692, 798, 905, 798, 17362385, 4, 11, 223, 240, 248, 801, 892, 6, 51, 194, 223, 301
780, 798, 798, 826, 17363002, 1, 12, 74, 6, 248, 801, 892, 74, 248, 10000000, 10000000, 10000000
798, 826, 801, 897, 17363621, 248, 13, 248, 74, 248, 801, 892, 248, 133, 10000000, 10000000, 10000000
5, 1, 8, -1, 18300200, 1, 1, 394, 38, 171, 798, 679, 394, 29, 11, 8, 153
5, 1, -1, 9, 18300200, 2, 1, 29, 38, 171, 798, 679, 394, 29, 11, 8, 153
5, 1, 149, -1, 18300200, 5, 1, 153, 38, 171, 798, 679, 394, 29, 11, 8, 153
5, 1, 172, -1, 18300200, 4, 1, 8, 38, 171, 798, 679, 394, 29, 11, 8, 153
8, -1, 100, 1, 18300818, 3, 2, 270, 394, 171, 798, 679, 11, 264, 270, 8, 153
8, -1, 105, -1, 18300818, 2, 2, 264, 394, 171, 798, 679, 11, 264, 270, 8, 153
8, -1, 149, -1, 18300818, 5, 2, 153, 394, 171, 798, 679, 11, 264, 270, 8, 153
8, -1, 172, -1, 18300818, 4, 2, 8, 394, 171, 798, 679, 11, 264, 270, 8, 153
105, -1, 172, -1, 18305436, 5, 3, 8, 264, 171, 798, 679, 149, 365, 62, 60, 8
105, -1, 198, 8, 18305436, 4, 3, 60, 264, 171, 798, 679, 149, 365, 62, 60, 8
105, -1, 210, 1, 18305436, 3, 3, 62, 264, 171, 798, 679, 149, 365, 62, 60, 8
105, -1, 238, -1, 18305436, 2, 3, 365, 264, 171, 798, 679, 149, 365, 62, 60, 8
105, -1, 253, 1, 18305436, 1, 3, 149, 264, 171, 798, 679, 149, 365, 62, 60, 8
253, 1, 304, -1, 18306054, 5, 4, 266, 149, 171, 798, 679, 61, 7, 170, 288, 266
253, 1, 351, -1, 18306055, 3, 4, 170, 149, 171, 798, 679, 61, 7, 170, 288, 266
253, 1, 380, -1, 18306055, 2, 4, 7, 149, 171, 798, 679, 61, 7, 170, 288, 266
253, 1, 412, 1, 18306055, 1, 4, 61, 149, 171, 798, 679, 61, 7, 170, 288, 266
412, 1, 516, -1, 18306673, 5, 5, 288, 61, 171, 798, 679, 5, 46, 156, 338, 288
412, 1, 532, 1, 18306673, 4, 5, 338, 61, 171, 798, 679, 5, 46, 156, 338, 288
412, 1, 559, -1, 18306673, 3, 5, 156, 61, 171, 798, 679, 5, 46, 156, 338, 288
412, 1, 588, -1, 18306673, 1, 5, 5, 61, 171, 798, 679, 5, 46, 156, 338, 288
412, 1, 613, 1, 18306674, 2, 5, 46, 61, 171, 798, 679, 5, 46, 156, 338, 288
588, -1, 613, 1, 18307292, 1, 6, 46, 5, 171, 798, 679, 46, 382, 362, 315, 207
588, -1, 652, 1, 18307292, 5, 6, 207, 5, 171, 798, 679, 46, 382, 362, 315, 207
588, -1, 734, 1, 18307292, 4, 6, 315, 5, 171, 798, 679, 46, 382, 362, 315, 207
613, 1, 598, 40, 18307910, 1, 7, 183, 46, 171, 798, 679, 183, 357, 105, 382, 315
613, 1, 734, 1, 18307910, 5, 7, 315, 46, 171, 798, 679, 183, 357, 105, 382, 315
613, 1, 765, 1, 18307910, 2, 7, 357, 46, 171, 798, 679, 183, 357, 105, 382, 315
613, 1, 781, -1, 18307910, 3, 7, 105, 46, 171, 798, 679, 183, 357, 105, 382, 315
613, 1, 784, 1, 18307910, 4, 7, 382, 46, 171, 798, 679, 183, 357, 105, 382, 315
598, 40, 601, 115, 18308528, 5, 8, 291, 183, 171, 798, 679, 206, 88, 91, 155, 291
598, 40, 601, 157, 18308528, 4, 8, 155, 183, 171, 798, 679, 206, 88, 91, 155, 291
598, 40, 592, 198, 18308528, 2, 8, 88, 183, 171, 798, 679, 206, 88, 91, 155, 291
765, 1, 784, 1, 18312528, 5, 8, 382, 357, 171, 798, 679, 209, 75, 232, 319, 382
765, 1, 798, 15, 18312528, 2, 8, 75, 357, 171, 798, 679, 209, 75, 232, 319, 382
765, 1, 798, 50, 18312528, 1, 8, 209, 357, 171, 798, 679, 209, 75, 232, 319, 382
798, 50, 798, 90, 18313146, 3, 9, 232, 209, 171, 798, 679, 319, 187, 232, 350, 40
592, 198, 598, 251, 18313146, 3, 9, 206, 88, 171, 798, 679, 114, 290, 206, 287, 350
592, 198, 598, 288, 18313146, 2, 9, 290, 88, 171, 798, 679, 114, 290, 206, 287, 350
592, 198, 601, 345, 18313147, 1, 9, 114, 88, 171, 798, 679, 114, 290, 206, 287, 350
592, 198, 763, 201, 18313147, 5, 9, 350, 88, 171, 798, 679, 114, 290, 206, 287, 350
798, 50, 798, 223, 18313147, 5, 9, 40, 209, 171, 798, 679, 319, 187, 232, 350, 40
601, 345, 598, 417, 18313765, 3, 10, 85, 114, 171, 798, 679, 347, 130, 85, 286, 179
601, 345, 601, 471, 18313765, 1, 10, 347, 114, 171, 798, 679, 347, 130, 85, 286, 179
601, 345, 601, 550, 18313765, 5, 10, 179, 114, 171, 798, 679, 347, 130, 85, 286, 179
601, 471, 601, 518, 18314383, 4, 11, 286, 347, 171, 798, 679, 19, 21, 179, 286, 332
601, 471, 598, 526, 18314383, 5, 11, 332, 347, 171, 798, 679, 19, 21, 179, 286, 332
601, 471, 601, 550, 18314383, 3, 11, 179, 347, 171, 798, 679, 19, 21, 179, 286, 332
601, 471, 601, 589, 18314383, 2, 11, 21, 347, 171, 798, 679, 19, 21, 179, 286, 332
601, 471, 598, 605, 18314384, 1, 11, 19, 347, 171, 798, 679, 19, 21, 179, 286, 332
598, 605, 706, 598, 18315002, 5, 12, 273, 19, 171, 798, 679, 84, 377, 128, 318, 273
598, 605, 731, 601, 18315002, 4, 12, 318, 19, 171, 798, 679, 84, 377, 128, 318, 273
598, 605, 741, 598, 18315002, 3, 12, 128, 19, 171, 798, 679, 84, 377, 128, 318, 273
598, 605, 764, 601, 18315002, 2, 12, 377, 19, 171, 798, 679, 84, 377, 128, 318, 273
598, 605, 784, 598, 18315002, 1, 12, 84, 19, 171, 798, 679, 84, 377, 128, 318, 273
784, 598, 798, 623, 18315620, 3, 13, 37, 84, 171, 798, 679, 334, 371, 37, 70, 261
784, 598, 821, 601, 18315620, 4, 13, 70, 84, 171, 798, 679, 334, 371, 37, 70, 261
784, 598, 801, 637, 18315620, 2, 13, 371, 84, 171, 798, 679, 334, 371, 37, 70, 261
784, 598, 798, 664, 18315620, 171, 13, 171, 84, 171, 798, 679, 334, 371, 37, 70, 261
155, 198, 191, 198, 19300200, 5, 1, 56, 216, 57, 992, 798, 193, 71, 13, 368, 56
155, 198, 199, 203, 19300200, 3, 1, 13, 216, 57, 992, 798, 193, 71, 13, 368, 56
155, 198, 198, 228, 19300200, 1, 1, 193, 216, 57, 992, 798, 193, 71, 13, 368, 56
155, 198, 219, 201, 19300200, 2, 1, 71, 216, 57, 992, 798, 193, 71, 13, 368, 56
155, 198, 201, 248, 19300200, 4, 1, 368, 216, 57, 992, 798, 193, 71, 13, 368, 56
198, 228, 198, 387, 19300818, 5, 2, 386, 193, 57, 992, 798, 363, 18, 23, 399, 386
198, 228, 198, 387, 19300818, 4, 2, 399, 193, 57, 992, 798, 363, 18, 23, 399, 386
198, 387, 271, 401, 19313436, 1, 3, 168, 399, 57, 992, 798, 168, 205, 299, 274, 311
198, 387, 201, 477, 19313437, 5, 3, 311, 399, 57, 992, 798, 168, 205, 299, 274, 311
271, 401, 374, 398, 19314055, 4, 4, 188, 168, 57, 992, 798, 395, 388, 45, 188, 372
271, 401, 390, 398, 19314055, 3, 4, 45, 168, 57, 992, 798, 395, 388, 45, 188, 372
271, 401, 401, 412, 19314055, 2, 4, 388, 168, 57, 992, 798, 395, 388, 45, 188, 372
271, 401, 401, 412, 19314055, 1, 4, 395, 168, 57, 992, 798, 395, 388, 45, 188, 372
401, 412, 401, 512, 19314673, 5, 5, 300, 395, 57, 992, 798, 104, 339, 217, 279, 300
401, 412, 401, 542, 19314673, 3, 5, 217, 395, 57, 992, 798, 104, 339, 217, 279, 300
401, 542, 401, 572, 19323291, 3, 6, 104, 217, 57, 992, 798, 108, 16, 104, 10000000, 10000000
401, 542, 407, 601, 19323292, 2, 6, 16, 217, 57, 992, 798, 108, 16, 104, 10000000, 10000000
401, 542, 398, 608, 19323292, 1, 6, 108, 217, 57, 992, 798, 108, 16, 104, 10000000, 10000000
398, 608, 407, 601, 19323910, 4, 7, 16, 108, 57, 992, 798, 173, 79, 154, 16, 292
398, 608, 451, 601, 19323910, 1, 7, 173, 108, 57, 992, 798, 173, 79, 154, 16, 292
398, 608, 401, 749, 19323910, 3, 7, 154, 108, 57, 992, 798, 173, 79, 154, 16, 292
451, 601, 575, 598, 19324528, 4, 8, 162, 173, 57, 992, 798, 143, 19, 96, 162, 90
451, 601, 599, 602, 19324528, 2, 8, 19, 173, 57, 992, 798, 143, 19, 96, 162, 90
599, 602, 678, 601, 19329146, 4, 9, 251, 19, 57, 992, 798, 377, 128, 273, 251, 84
599, 602, 719, 598, 19329147, 3, 9, 273, 19, 57, 992, 798, 377, 128, 273, 251, 84
599, 602, 753, 598, 19329147, 2, 9, 128, 19, 57, 992, 798, 377, 128, 273, 251, 84
201, 477, 201, 525, 19330055, 4, 4, 299, 311, 57, 992, 798, 65, 20, 205, 299, 188
201, 477, 201, 568, 19330055, 3, 4, 205, 311, 57, 992, 798, 65, 20, 205, 299, 188
201, 477, 208, 601, 19330055, 2, 4, 20, 311, 57, 992, 798, 65, 20, 205, 299, 188
201, 477, 201, 608, 19330055, 1, 4, 65, 311, 57, 992, 798, 65, 20, 205, 299, 188
201, 608, 243, 601, 19330673, 1, 5, 182, 65, 57, 992, 798, 182, 95, 276, 295, 77
201, 608, 198, 682, 19330673, 4, 5, 295, 65, 57, 992, 798, 182, 95, 276, 295, 77
243, 601, 398, 608, 19331292, 1, 6, 108, 182, 57, 992, 798, 108, 107, 16, 173, 162
243, 601, 407, 601, 19331292, 3, 6, 16, 182, 57, 992, 798, 108, 107, 16, 173, 162
398, 608, 407, 601, 19331910, 4, 7, 16, 108, 57, 992, 798, 173, 79, 154, 16, 292
398, 608, 451, 601, 19331910, 1, 7, 173, 108, 57, 992, 798, 173, 79, 154, 16, 292
398, 608, 401, 749, 19331910, 3, 7, 154, 108, 57, 992, 798, 173, 79, 154, 16, 292
401, 749, 401, 800, 19332528, 1, 8, 79, 154, 57, 992, 798, 79, 10000000, 10000000, 10000000, 10000000
451, 601, 592, 597, 19332528, 3, 8, 96, 173, 57, 992, 798, 143, 19, 96, 162, 90
451, 601, 599, 602, 19332528, 2, 8, 19, 173, 57, 992, 798, 143, 19, 96, 162, 90
401, 800, 417, 801, 19333146, 5, 9, 33, 79, 57, 992, 798, 387, 317, 257, 141, 33
401, 800, 437, 801, 19333146, 4, 9, 141, 79, 57, 992, 798, 387, 317, 257, 141, 33
401, 800, 468, 801, 19333146, 3, 9, 257, 79, 57, 992, 798, 387, 317, 257, 141, 33
401, 800, 518, 801, 19333147, 2, 9, 317, 79, 57, 992, 798, 387, 317, 257, 141, 33
753, 598, 798, 612, 19333765, 5, 10, 37, 128, 57, 992, 798, 341, 277, 202, 256, 37
753, 598, 832, 601, 19333765, 3, 10, 202, 128, 57, 992, 798, 341, 277, 202, 256, 37
753, 598, 911, 601, 19333765, 1, 10, 341, 128, 57, 992, 798, 341, 277, 202, 256, 37
911, 601, 990, 598, 19334384, 2, 11, 9, 341, 57, 992, 798, 397, 9, 25, 145, 255
911, 601, 998, 587, 19334384, 1, 11, 397, 341, 57, 992, 798, 397, 9, 25, 145, 255
911, 601, 1001, 596, 19334384, 3, 11, 25, 341, 57, 992, 798, 397, 9, 25, 145, 255
998, 587, 959, 601, 19335002, 5, 12, 376, 397, 57, 992, 798, 145, 255, 151, 54, 376
998, 587, 998, 629, 19335002, 3, 12, 151, 397, 57, 992, 798, 145, 255, 151, 54, 376
998, 587, 1001, 720, 19335002, 2, 12, 255, 397, 57, 992, 798, 145, 255, 151, 54, 376
998, 587, 1001, 768, 19335002, 1, 12, 145, 397, 57, 992, 798, 145, 255, 151, 54, 376
1001, 768, 1000, 793, 19335620, 2, 13, 54, 145, 57, 992, 798, 57, 54, 101, 10000000, 10000000
1001, 768, 992, 798, 19335620, 57, 13, 57, 145, 57, 992, 798, 57, 54, 101, 10000000, 10000000
