source_id,source_x,source_y,time,hop,pri_1_id,pri_2_id,pri_3_id,pri_4_id,pri_5_id,pri_1_r,pri_2_r,pri_3_r,pri_4_r,pri_5_r,des_id,inter_1id ,inter_2id ,inter_3id ,inter_4id ,inter_5id ,send_log
166, 20, 198, 10299999, 1, 116, 56, 17, 160, 32, 0.911084, 1, 0.753984, 1, 0.860896, 120, 0, 0, 0, 0, 0, 1
160, 45, 198, 10300200, 2, 56, 17, 174, 32, 116, 1, 0.753968, 0.53897, 0.753268, 0.430882, 120, 0, 0, 1, 0, 0, 0
56, 82, 198, 10300200, 2, 174, 116, 17, 27, 119, 0.970147, 0.725439, 0.723206, 0.304872, 0.159513, 120, 1, 0, 0, 0, 1, 0
17, 112, 201, 10300200, 2, 27, 119, 174, 23, 116, 0.969416, 0.864441, 1, 0.754018, 1, 120, 0, 0, 1, 0, 0, 0
116, 159, 201, 10300200, 2, 27, 119, 23, 174, 141, 1, 1, 0.861735, 1, 0.361741, 120, 0, 0, 0, 1, 0, 1
174, 181, 201, 10300550, 3, 71, 23, 27, 119, 194, 1, 1, 1, 1, 0.48284, 120, 0, 0, 0, 0, 1, 0
119, 201, 245, 10300550, 3, 189, 195, 149, 137, 165, 0.938725, 0.887354, 0.754879, 0.861803, 0.797489, 120, 1, 1, 0, 0, 0, 1
141, 357, 201, 10300551, 3, 88, 180, 41, 194, 105, 1, 1, 0.861724, 1, 1, 120, 0, 1, 0, 1, 0, 1
137, 198, 351, 10304901, 4, 65, 186, 195, 149, 189, 1, 1, 1, 1, 1, 120, 0, 1, 1, 0, 1, 0
165, 198, 379, 10304901, 4, 65, 186, 45, 135, 195, 1, 1, 0.862249, 0.970679, 1, 120, 0, 1, 0, 0, 1, 0
195, 201, 412, 10304901, 4, 45, 186, 154, 65, 135, 0.97003, 1, 0.784341, 1, 1, 120, 0, 1, 0, 0, 0, 1
186, 201, 419, 10309251, 5, 45, 65, 135, 149, 67, 0.969575, 1, 1, 1, 0.304712, 120, 0, 0, 0, 0, 0, 1
135, 247, 398, 10309251, 5, 18, 45, 65, 10000000, 10000000, 0.964629, 1, 0.647435, 0, 0, 120, 0, 0, 0, 1, 1, 1
65, 201, 486, 10309251, 5, 154, 45, 10000000, 10000000, 10000000, 0.469446, 0.646383, 0, 0, 0, 120, 0, 0, 1, 1, 1, 0
149, 201, 446, 10313601, 6, 45, 65, 135, 67, 10000000, 0.969121, 1, 0.862017, 0.189333, 0, 120, 0, 0, 0, 0, 1, 0
65, 201, 486, 10313601, 6, 154, 45, 10000000, 10000000, 10000000, 0.468968, 0.646081, 0, 0, 0, 120, 0, 0, 1, 1, 1, 1
194, 387, 201, 10316901, 4, 104, 41, 88, 105, 180, 1, 1, 1, 1, 1, 120, 0, 0, 0, 0, 1, 0
180, 418, 198, 10316901, 4, 196, 124, 88, 41, 175, 0.647351, 0.215441, 1, 0.860209, 0.753544, 120, 1, 1, 0, 0, 0, 1
105, 449, 198, 10316901, 4, 196, 124, 175, 88, 109, 0.647351, 0.189561, 0.273497, 1, 0.725115, 120, 1, 1, 1, 0, 0, 0
88, 495, 198, 10321251, 5, 196, 175, 102, 109, 124, 0.862729, 0.843369, 0.69996, 0.795478, 0.568215, 120, 1, 0, 0, 0, 0, 1
175, 581, 201, 10321251, 5, 196, 168, 113, 102, 124, 1, 0.321883, 0.137119, 1, 1, 120, 1, 1, 1, 0, 0, 0
45, 283, 398, 10325601, 6, 18, 24, 10000000, 10000000, 10000000, 1, 0.463115, 0, 0, 0, 120, 0, 0, 1, 1, 1, 0
18, 314, 401, 10325601, 6, 24, 104, 53, 107, 10000000, 0.965727, 0.72212, 0.32292, 0.215191, 0, 120, 0, 0, 0, 1, 1, 1
109, 553, 201, 10329601, 6, 153, 168, 196, 102, 124, 0.158093, 0.137089, 1, 1, 1, 120, 1, 1, 1, 0, 0, 0
175, 581, 201, 10329601, 6, 196, 168, 113, 102, 124, 1, 0.321595, 0.136962, 1, 1, 120, 1, 1, 1, 0, 0, 0
196, 587, 201, 10329601, 6, 168, 106, 150, 47, 102, 0.137089, 0.188012, 0.752865, 0.754391, 1, 120, 1, 1, 0, 0, 0, 1
124, 648, 198, 10329602, 6, 173, 86, 102, 157, 99, 1, 0.860638, 1, 0.322167, 0.316942, 120, 1, 0, 0, 0, 0, 0
102, 680, 198, 10329602, 6, 173, 113, 58, 86, 157, 0.480971, 0.31812, 0.120162, 1, 0.795332, 120, 1, 1, 1, 0, 0, 1
47, 598, 316, 10329952, 7, 21, 150, 107, 131, 85, 0.858643, 1, 0.752817, 0.643625, 0.463693, 120, 0, 0, 0, 0, 0, 1
86, 717, 201, 10337952, 7, 173, 58, 113, 157, 106, 1, 0.751558, 0.858596, 1, 1, 120, 1, 0, 0, 0, 0, 0
157, 755, 201, 10337952, 7, 113, 58, 40, 10000000, 10000000, 1, 0.858923, 0.359929, 0, 0, 120, 0, 0, 0, 1, 1, 0
173, 818, 198, 10337952, 7, 58, 113, 157, 10000000, 10000000, 0.858923, 0.965921, 1, 0, 0, 120, 0, 0, 0, 1, 1, 1
157, 755, 201, 10338302, 8, 113, 58, 40, 10000000, 10000000, 1, 0.858891, 0.359914, 0, 0, 120, 0, 0, 0, 1, 1, 1
150, 598, 358, 10342302, 8, 21, 107, 131, 35, 85, 1, 0.859221, 0.96416, 0.645577, 0.462369, 120, 0, 0, 0, 0, 0, 0
21, 601, 486, 10342302, 8, 179, 117, 85, 4, 10000000, 0.857155, 0.723207, 0.842011, 0, 0, 120, 0, 0, 0, 0, 1, 1
85, 598, 515, 10342652, 9, 4, 179, 117, 115, 84, 1, 1, 1, 0.643477, 0.537863, 120, 0, 0, 0, 0, 0, 0
117, 598, 550, 10342653, 9, 4, 115, 179, 84, 19, 1, 0.857969, 1, 0.645435, 0.54813, 120, 0, 0, 0, 0, 0, 0
179, 598, 580, 10342653, 9, 4, 115, 84, 193, 172, 1, 0.965216, 0.86058, 0.321864, 0.27345, 120, 0, 0, 0, 1, 1, 1
4, 601, 692, 10343003, 10, 193, 148, 172, 19, 10000000, 0.841509, 0.962872, 0.723394, 0.962471, 0, 120, 1, 0, 0, 0, 1, 1
172, 598, 780, 10343003, 10, 138, 6, 176, 184, 193, 1, 0.859304, 1, 0.317363, 1, 120, 0, 0, 1, 1, 1, 0
19, 598, 710, 10343353, 11, 193, 176, 172, 148, 138, 1, 0.858423, 0.963398, 1, 0.645554, 120, 1, 1, 0, 0, 0, 0
148, 598, 750, 10343353, 11, 193, 176, 6, 138, 172, 1, 0.965726, 0.751863, 0.753147, 1, 120, 1, 1, 0, 0, 0, 0
172, 598, 780, 10343353, 11, 138, 6, 176, 184, 193, 1, 0.859272, 1, 0.317345, 1, 120, 0, 0, 1, 1, 1, 0
193, 598, 787, 10343353, 11, 6, 138, 176, 120, 184, 1, 1, 1, 0.231828, 0.158673, 120, 0, 0, 1, 0, 1, 1
176, 619, 798, 10343703, 12, 6, 138, 184, 10000000, 10000000, 1, 1, 0.158664, 0, 0, 120, 0, 0, 1, 1, 1, 0
138, 649, 798, 10343704, 12, 6, 155, 184, 120, 10000000, 1, 0.74982, 0.359878, 0.158765, 0, 120, 0, 0, 1, 1, 1, 0
6, 686, 798, 10343704, 12, 184, 155, 120, 10000000, 10000000, 0.40994, 0.321351, 0.136305, 0, 0, 120, 1, 0, 1, 1, 1, 1
113, 801, 245, 10346653, 9, 58, 40, 10000000, 10000000, 10000000, 1, 0.534973, 0, 0, 0, 120, 0, 0, 1, 1, 1, 1
58, 801, 287, 10347003, 10, 40, 10000000, 10000000, 10000000, 10000000, 0.941484, 0, 0, 0, 0, 120, 0, 1, 1, 1, 1, 1
40, 798, 322, 10347003, 10, 190, 170, 111, 126, 81, 1, 0.966178, 0.856658, 0.750325, 0.643931, 120, 1, 1, 0, 0, 0, 0
40, 798, 322, 10347353, 11, 190, 170, 111, 126, 81, 1, 0.966142, 0.856626, 0.750297, 0.643907, 120, 1, 1, 0, 0, 0, 1
190, 787, 401, 10347703, 12, 87, 133, 118, 10000000, 10000000, 0.960157, 0.534944, 0.430304, 0, 0, 120, 0, 0, 0, 1, 1, 1
87, 798, 516, 10348053, 13, 94, 118, 133, 130, 9, 0.967338, 1, 1, 0.751464, 0.535534, 120, 0, 0, 0, 0, 0, 1
133, 798, 552, 10348054, 13, 94, 118, 130, 9, 37, 0.967338, 1, 0.966168, 0.64264, 0.429223, 120, 0, 0, 0, 0, 0, 0
133, 798, 552, 10348404, 14, 94, 118, 130, 9, 37, 0.967302, 1, 0.966132, 0.642616, 0.429159, 120, 0, 0, 0, 0, 0, 0
118, 801, 648, 10348404, 14, 37, 94, 184, 10000000, 10000000, 0.856112, 1, 0.409677, 0, 0, 120, 0, 0, 1, 1, 1, 1
94, 801, 679, 10352754, 15, 69, 184, 37, 120, 10000000, 1, 0.896042, 1, 0.564664, 0, 120, 0, 0, 0, 0, 1, 0
37, 798, 720, 10352754, 15, 120, 184, 69, 155, 57, 1, 1, 0.962363, 0.749094, 0.535436, 120, 0, 0, 0, 0, 0, 0
184, 801, 822, 10352755, 15, 120, 10000000, 10000000, 10000000, 10000000, 1, 0, 0, 0, 0, 120, 0, 1, 1, 1, 1, 0
155, 844, 798, 10353104, 16, 120, 184, 69, 10000000, 10000000, 0.966355, 0.962691, 0.641551, 0, 0, 120, 0, 0, 0, 1, 1, 0
184, 801, 822, 10353105, 16, 120, 10000000, 10000000, 10000000, 10000000, 1, 0, 0, 0, 0, 120, 0, 1, 1, 1, 1, 0
184, 801, 822, 10365455, 17, 120, 10000000, 10000000, 10000000, 10000000, 1, 0, 0, 0, 0, 120, 0, 1, 1, 1, 1, 0
174, 175, 201, 11299999, 1, 71, 23, 27, 119, 194, 1, 1, 1, 1, 0.430859, 184, 0, 0, 0, 0, 1, 0
119, 201, 257, 11300200, 2, 195, 189, 137, 165, 23, 0.922072, 0.760348, 1, 0.825386, 1, 184, 1, 1, 0, 0, 0, 1
27, 300, 198, 11300200, 2, 177, 194, 180, 141, 71, 1, 0.72672, 0.548353, 0.965595, 1, 184, 0, 1, 1, 0, 0, 0
71, 312, 201, 11300200, 2, 88, 105, 194, 180, 41, 1, 1, 1, 1, 0.753629, 184, 0, 0, 1, 0, 0, 1
194, 387, 201, 11300200, 2, 104, 41, 88, 105, 180, 1, 1, 1, 1, 1, 184, 0, 0, 0, 0, 0, 0
194, 387, 201, 11300550, 3, 104, 41, 88, 105, 180, 1, 1, 1, 1, 1, 184, 0, 0, 0, 0, 0, 1
180, 424, 198, 11300550, 3, 196, 88, 175, 41, 49, 0.646113, 1, 0.86213, 0.861257, 0.964563, 184, 1, 0, 0, 0, 0, 0
180, 424, 198, 11308900, 4, 196, 88, 175, 41, 49, 0.645533, 1, 0.861354, 0.860484, 0.963455, 184, 1, 0, 0, 0, 0, 0
105, 462, 198, 11308900, 4, 196, 124, 88, 109, 41, 0.753122, 0.159557, 1, 0.64749, 0.645363, 184, 1, 1, 0, 0, 0, 0
41, 401, 300, 11308901, 4, 104, 10000000, 10000000, 10000000, 10000000, 0.967225, 0, 0, 0, 0, 184, 0, 1, 1, 1, 1, 0
88, 510, 198, 11308901, 4, 196, 175, 124, 109, 102, 0.968299, 0.861354, 0.638229, 0.824949, 0.56887, 184, 1, 0, 0, 0, 0, 1
104, 398, 332, 11308901, 4, 24, 96, 10000000, 10000000, 10000000, 0.646372, 0.120547, 0, 0, 0, 184, 0, 0, 1, 1, 1, 1
23, 201, 299, 11312550, 3, 195, 189, 165, 137, 186, 1, 0.970144, 1, 0.723597, 0.430198, 184, 1, 1, 0, 0, 0, 0
137, 198, 337, 11312550, 3, 65, 149, 195, 189, 186, 1, 1, 1, 1, 1, 184, 0, 0, 1, 1, 0, 0
165, 198, 371, 11312550, 3, 65, 45, 135, 149, 195, 1, 0.862581, 0.97008, 1, 1, 184, 0, 0, 0, 0, 1, 0
189, 198, 387, 11312550, 3, 45, 65, 135, 149, 186, 0.970403, 1, 1, 1, 1, 184, 0, 0, 0, 0, 0, 0
195, 201, 412, 11312550, 3, 45, 65, 135, 149, 186, 0.970403, 1, 1, 1, 1, 184, 0, 0, 0, 0, 0, 1
186, 201, 425, 11312900, 4, 45, 65, 135, 149, 67, 0.970367, 1, 1, 1, 0.233348, 184, 0, 0, 0, 0, 0, 0
149, 201, 459, 11312900, 4, 45, 65, 135, 67, 10000000, 0.970367, 1, 0.862261, 0.15921, 0, 184, 0, 0, 0, 0, 1, 0
135, 259, 398, 11312900, 4, 18, 45, 65, 10000000, 10000000, 0.968055, 1, 0.645707, 0, 0, 184, 0, 0, 0, 1, 1, 1
65, 201, 499, 11312901, 4, 45, 154, 10000000, 10000000, 10000000, 0.646911, 0.37994, 0, 0, 0, 184, 0, 0, 1, 1, 1, 1
109, 541, 201, 11317251, 5, 153, 168, 196, 102, 124, 0.136742, 0.120741, 1, 1, 1, 184, 1, 1, 1, 0, 0, 0
175, 575, 201, 11317251, 5, 168, 196, 113, 102, 124, 0.362224, 1, 0.120643, 1, 1, 184, 1, 1, 1, 0, 0, 0
196, 587, 201, 11317251, 5, 168, 150, 106, 47, 102, 0.120741, 0.793564, 0.158568, 0.794921, 1, 184, 1, 0, 1, 0, 0, 1
154, 201, 658, 11317251, 5, 67, 10, 136, 182, 10000000, 1, 0.72388, 0.316751, 0.120571, 0, 184, 0, 0, 1, 1, 1, 1
47, 598, 303, 11317601, 6, 21, 150, 107, 131, 35, 0.970672, 1, 0.751922, 0.644142, 0.53897, 184, 0, 0, 0, 0, 0, 0
102, 695, 198, 11317601, 6, 113, 58, 157, 86, 106, 0.274917, 0.10741, 0.824778, 1, 0.697363, 184, 1, 1, 0, 0, 0, 1
150, 598, 347, 11317601, 6, 21, 107, 131, 85, 35, 1, 0.966757, 0.966213, 0.565947, 0.646764, 184, 0, 0, 0, 0, 0, 1
45, 297, 398, 11321251, 5, 18, 24, 10000000, 10000000, 10000000, 1, 0.376348, 0, 0, 0, 184, 0, 0, 1, 1, 1, 0
18, 301, 401, 11321251, 5, 24, 104, 53, 107, 10000000, 0.860684, 0.644848, 0.430276, 0.240457, 0, 184, 0, 0, 0, 1, 1, 1
10, 198, 696, 11321601, 6, 182, 136, 123, 55, 3, 1, 1, 0.646595, 1, 0.538268, 184, 0, 0, 0, 0, 0, 0
67, 201, 704, 11321601, 6, 136, 182, 55, 10000000, 10000000, 1, 0.95473, 0.637634, 0, 0, 184, 0, 0, 0, 1, 1, 1
182, 201, 826, 11321602, 6, 123, 3, 10000000, 10000000, 10000000, 1, 0.861228, 0, 0, 0, 184, 0, 0, 1, 1, 1, 0
182, 201, 826, 11321952, 7, 123, 3, 10000000, 10000000, 10000000, 1, 0.861196, 0, 0, 0, 184, 0, 0, 1, 1, 1, 1
21, 601, 499, 11321952, 7, 19, 179, 117, 4, 10000000, 1, 0.968269, 0.754633, 0, 0, 184, 0, 0, 0, 0, 1, 1
85, 598, 502, 11321952, 7, 4, 179, 117, 115, 84, 0.970089, 1, 1, 0.646622, 0.538833, 184, 0, 0, 0, 0, 0, 0
117, 598, 538, 11322302, 8, 4, 148, 115, 179, 84, 0.970053, 0.756508, 0.862131, 1, 0.646575, 184, 0, 0, 0, 0, 0, 0
179, 598, 574, 11322302, 8, 4, 115, 84, 193, 19, 1, 0.969897, 0.8621, 0.360666, 0.362442, 184, 0, 0, 0, 1, 0, 0
19, 598, 696, 11322303, 8, 193, 176, 172, 148, 138, 1, 0.861629, 1, 1, 0.647051, 184, 1, 1, 0, 0, 0, 1
148, 598, 738, 11322653, 9, 193, 6, 176, 138, 172, 1, 0.752504, 0.969296, 0.754865, 1, 184, 1, 0, 0, 0, 0, 0
172, 598, 775, 11322653, 9, 138, 6, 176, 193, 184, 1, 0.860004, 1, 1, 0.274665, 184, 0, 0, 0, 1, 1, 0
193, 598, 787, 11322653, 9, 6, 138, 176, 120, 184, 1, 1, 1, 0.188934, 0.137333, 184, 0, 0, 0, 0, 1, 1
176, 624, 798, 11323003, 10, 6, 138, 184, 10000000, 10000000, 1, 1, 0.137326, 0, 0, 184, 0, 0, 1, 1, 1, 0
138, 661, 798, 11323003, 10, 155, 6, 184, 120, 10000000, 0.842925, 1, 0.322046, 0.137402, 0, 184, 0, 0, 1, 1, 1, 1
6, 699, 798, 11327353, 11, 155, 184, 120, 10000000, 10000000, 0.75185, 0.361368, 0.12019, 0, 0, 184, 0, 1, 1, 1, 1, 1
86, 703, 201, 11333951, 7, 113, 58, 157, 173, 106, 0.857573, 0.750555, 1, 1, 1, 184, 0, 0, 0, 0, 0, 0
157, 744, 201, 11333951, 7, 113, 58, 40, 10000000, 10000000, 1, 0.857777, 0.32151, 0, 0, 184, 0, 0, 0, 1, 1, 1
29, -1, 88, 12299999, 1, 32, 166, 160, 11, 56, 0.862917, 0.863432, 0.647674, 1, 0.43057, 90, 0, 1, 1, 0, 0, 0
11, 1, 108, 12300200, 2, 8, 10000000, 10000000, 10000000, 10000000, 0.430844, 0, 0, 0, 0, 90, 0, 1, 1, 1, 1, 1
17, 71, 201, 13299999, 1, 174, 27, 56, 116, 119, 1, 0.7535, 1, 1, 0.647327, 117, 0, 0, 0, 0, 0, 0
116, 122, 201, 13300200, 2, 27, 141, 119, 174, 23, 1, 0.909128, 0.863084, 1, 0.646111, 117, 0, 0, 0, 0, 0, 0
56, 127, 198, 13300200, 2, 174, 27, 119, 10000000, 10000000, 1, 0.159234, 0.107886, 0, 0, 117, 0, 0, 1, 1, 1, 0
174, 157, 201, 13300200, 2, 27, 141, 71, 119, 23, 1, 0.956135, 1, 0.97097, 0.861481, 117, 0, 0, 0, 0, 0, 1
141, 317, 201, 13300550, 3, 88, 105, 49, 194, 180, 1, 1, 1, 1, 1, 117, 0, 0, 0, 1, 0, 1
194, 380, 201, 13304901, 4, 41, 104, 88, 105, 180, 1, 0.950043, 1, 1, 1, 117, 0, 0, 0, 0, 0, 0
105, 491, 198, 13304901, 4, 175, 88, 196, 109, 41, 0.943363, 1, 0.7529, 0.843467, 0.430919, 117, 0, 0, 0, 0, 0, 1
109, 511, 201, 13309251, 5, 196, 175, 88, 47, 86, 1, 1, 1, 0.241489, 0.608321, 117, 0, 0, 0, 0, 0, 0
88, 539, 198, 13309251, 5, 196, 175, 41, 10000000, 10000000, 0.967561, 1, 0.323038, 0, 0, 117, 0, 0, 0, 1, 1, 0
175, 558, 201, 13309251, 5, 47, 196, 150, 10000000, 10000000, 0.412671, 1, 0.107868, 0, 0, 117, 0, 0, 1, 1, 1, 1
196, 578, 201, 13309251, 5, 47, 150, 21, 10000000, 10000000, 0.845213, 0.602941, 0.107619, 0, 0, 117, 0, 0, 0, 1, 1, 0
196, 578, 201, 13309601, 6, 47, 150, 21, 10000000, 10000000, 0.845177, 0.602915, 0.107615, 0, 0, 117, 0, 0, 0, 1, 1, 1
47, 598, 277, 13313951, 7, 21, 150, 107, 85, 131, 0.752955, 1, 0.537112, 0.411117, 0.43055, 117, 0, 0, 0, 0, 0, 1
150, 598, 320, 13314302, 8, 21, 85, 131, 107, 53, 0.968048, 0.685161, 0.753434, 0.751928, 0.538034, 117, 0, 0, 0, 0, 0, 1
85, 598, 478, 13318652, 9, 117, 21, 179, 10000000, 10000000, 1, 0.860085, 1, 0, 0, 117, 0, 0, 0, 1, 1, 0
21, 601, 527, 13323002, 10, 10000000, 10000000, 10000000, 10000000, 10000000, 0, 0, 0, 0, 0, 117, 1, 1, 1, 1, 1, 0
179, 598, 554, 13323002, 10, 117, 21, 10000000, 10000000, 10000000, 1, 0.752222, 0, 0, 0, 117, 0, 0, 1, 1, 1, 0
56, 142, 198, 14299999, 1, 141, 71, 174, 27, 10000000, 1, 1, 1, 0.137365, 0, 9, 0, 0, 0, 0, 1, 0
174, 145, 201, 14300200, 2, 27, 141, 71, 119, 23, 0.968304, 0.962164, 1, 0.860233, 0.753067, 9, 0, 0, 0, 0, 0, 0
71, 276, 201, 14300200, 2, 105, 104, 180, 194, 177, 0.968572, 1, 1, 1, 1, 9, 0, 0, 0, 0, 0, 0
141, 303, 201, 14300200, 2, 88, 105, 49, 180, 194, 0.97044, 1, 1, 1, 1, 9, 0, 0, 0, 0, 0, 1
194, 374, 201, 14300550, 3, 88, 105, 41, 180, 109, 1, 1, 0.971041, 1, 0.795368, 9, 0, 0, 0, 0, 0, 0
180, 453, 198, 14300551, 3, 196, 88, 175, 105, 124, 0.964224, 1, 0.970113, 1, 0.606948, 9, 0, 0, 0, 0, 0, 0
49, 466, 201, 14300551, 3, 196, 88, 175, 124, 105, 1, 1, 1, 0.756022, 0.968535, 9, 0, 0, 0, 0, 0, 1
105, 505, 198, 14308901, 4, 86, 88, 175, 196, 124, 1, 1, 0.951749, 0.753121, 0.215812, 9, 0, 0, 0, 0, 0, 0
175, 547, 201, 14308901, 4, 102, 124, 86, 168, 196, 0.968743, 1, 0.963244, 0.27525, 1, 9, 0, 0, 0, 1, 0, 0
88, 554, 198, 14308901, 4, 86, 157, 124, 196, 102, 1, 0.780894, 0.647435, 0.968298, 0.483465, 9, 0, 0, 0, 0, 0, 0
196, 571, 201, 14308901, 4, 102, 124, 157, 47, 106, 1, 1, 0.958341, 0.861922, 0.107549, 9, 0, 0, 0, 0, 1, 1
124, 696, 198, 14309251, 5, 44, 102, 173, 157, 106, 1, 1, 0.700618, 1, 0.380169, 9, 0, 0, 0, 0, 0, 1
157, 711, 201, 14309251, 5, 106, 99, 173, 113, 58, 1, 0.969811, 1, 0.754323, 0.538038, 9, 0, 0, 0, 0, 0, 0
157, 711, 201, 14313601, 6, 106, 99, 173, 113, 58, 1, 0.969357, 1, 0.75397, 0.537787, 9, 0, 0, 0, 0, 0, 0
102, 739, 198, 14313601, 6, 99, 173, 44, 106, 113, 1, 0.843525, 0.774913, 0.685127, 0.21542, 9, 0, 0, 0, 0, 1, 0
173, 855, 198, 14313602, 6, 113, 58, 99, 106, 44, 0.64626, 0.537787, 1, 1, 1, 9, 0, 0, 0, 0, 0, 0
44, 859, 201, 14313602, 6, 99, 106, 10000000, 10000000, 10000000, 1, 1, 0, 0, 0, 9, 0, 0, 1, 1, 1, 1
106, 896, 198, 14313952, 7, 113, 58, 99, 10000000, 10000000, 0.53853, 0.430213, 1, 0, 0, 9, 0, 0, 0, 1, 1, 0
99, 925, 198, 14313952, 7, 113, 58, 10000000, 10000000, 10000000, 0.53853, 0.215107, 0, 0, 0, 9, 0, 0, 1, 1, 1, 1
143, 198, 88, 15299999, 1, 119, 98, 110, 174, 13, 1, 1, 1, 0.756276, 0.484814, 176, 0, 0, 0, 0, 0, 0
110, 201, 111, 15300200, 2, 13, 98, 119, 10000000, 10000000, 0.88824, 1, 0.322793, 0, 0, 176, 0, 0, 0, 1, 1, 0
98, 201, 133, 15300200, 2, 165, 13, 119, 10000000, 10000000, 1, 1, 0.319255, 0, 0, 176, 0, 0, 0, 1, 1, 1
13, 198, 245, 15304550, 3, 186, 195, 189, 23, 165, 0.968334, 1, 1, 0.97088, 1, 176, 0, 0, 0, 0, 0, 0
165, 198, 323, 15304550, 3, 149, 186, 18, 65, 195, 0.970452, 1, 1, 0.862, 1, 176, 0, 0, 0, 0, 0, 1
195, 201, 432, 15304901, 4, 65, 149, 135, 186, 45, 1, 1, 0.860846, 1, 0.539803, 176, 0, 0, 0, 0, 0, 0
186, 201, 469, 15304901, 4, 65, 149, 135, 45, 67, 1, 1, 0.75324, 0.539803, 0.12081, 176, 0, 0, 0, 0, 0, 0
149, 201, 513, 15304901, 4, 67, 10, 65, 45, 135, 1, 1, 1, 0.539803, 0.430423, 176, 0, 0, 0, 0, 0, 1
65, 201, 553, 15305251, 5, 10, 154, 45, 10000000, 10000000, 1, 0.432136, 0.215913, 0, 0, 176, 0, 0, 1, 1, 1, 0
10, 198, 639, 15305251, 5, 20, 67, 154, 182, 136, 1, 1, 1, 0.755611, 0.753938, 176, 0, 0, 0, 0, 0, 1
154, 201, 713, 15309602, 6, 67, 59, 136, 10000000, 10000000, 1, 1, 0.21531, 0, 0, 176, 0, 0, 0, 1, 1, 0
67, 201, 762, 15309602, 6, 10000000, 10000000, 10000000, 10000000, 10000000, 0, 0, 0, 0, 0, 176, 1, 1, 1, 1, 1, 1
119, 201, 331, 16299999, 1, 27, 186, 195, 23, 189, 0.215521, 0.955349, 0.848141, 1, 0.970836, 130, 0, 0, 0, 0, 0, 0
189, 198, 357, 16300200, 2, 149, 186, 195, 135, 65, 1, 1, 1, 0.645167, 0.753654, 130, 0, 0, 0, 0, 0, 0
23, 201, 367, 16300200, 2, 186, 195, 65, 149, 10000000, 1, 1, 0.467599, 0.411572, 0, 130, 0, 0, 0, 0, 1, 0
195, 201, 441, 16300200, 2, 135, 65, 149, 186, 45, 0.752695, 1, 1, 1, 0.431242, 130, 0, 0, 0, 0, 0, 0
186, 201, 483, 16300200, 2, 135, 65, 149, 45, 10000000, 0.645167, 1, 1, 0.431242, 0, 130, 0, 0, 0, 0, 1, 1
149, 201, 527, 16304550, 3, 45, 65, 10, 135, 10000000, 0.43104, 1, 1, 0.322433, 0, 130, 0, 0, 0, 0, 1, 0
65, 201, 567, 16304550, 3, 10000000, 10000000, 10000000, 10000000, 10000000, 0, 0, 0, 0, 0, 130, 1, 1, 1, 1, 1, 1
60, 198, 10, 17299999, 1, 98, 110, 171, 143, 62, 1, 1, 1, 1, 1, 193, 0, 0, 0, 0, 0, 0
62, 225, 1, 17300200, 2, 7, 61, 48, 5, 10000000, 1, 0.613059, 0.21613, 0, 0, 193, 0, 0, 0, 0, 1, 1
143, 198, 61, 17300200, 2, 98, 110, 171, 13, 174, 1, 1, 1, 0.636424, 0.537892, 193, 0, 0, 0, 1, 0, 0
171, 201, 92, 17300200, 2, 13, 165, 98, 110, 10000000, 1, 0.783027, 1, 1, 0, 193, 1, 0, 0, 0, 1, 0
110, 201, 136, 17300200, 2, 165, 119, 137, 13, 98, 1, 0.875443, 1, 0.940813, 1, 193, 0, 0, 0, 1, 0, 0
98, 201, 157, 17300200, 2, 165, 137, 13, 56, 119, 1, 1, 1, 1, 0.241996, 193, 0, 0, 1, 1, 0, 1
56, 182, 198, 17300550, 3, 194, 177, 137, 141, 71, 1, 1, 1, 1, 1, 193, 0, 0, 0, 0, 0, 1
13, 198, 218, 17300550, 3, 195, 23, 119, 189, 165, 0.972564, 0.968706, 1, 1, 1, 193, 0, 0, 0, 0, 0, 0
137, 198, 255, 17300550, 3, 195, 23, 186, 119, 189, 0.972564, 1, 0.863819, 1, 1, 193, 0, 0, 0, 0, 0, 0
165, 198, 298, 17300550, 3, 186, 195, 23, 149, 189, 1, 0.972564, 1, 0.753013, 1, 193, 0, 0, 0, 0, 0, 1
119, 201, 345, 17300551, 3, 186, 195, 23, 149, 10000000, 0.961409, 0.864501, 1, 0.361905, 0, 193, 0, 0, 0, 0, 1, 0
189, 198, 346, 17300901, 4, 149, 186, 195, 65, 23, 1, 1, 1, 0.648381, 0.968669, 193, 0, 0, 0, 0, 0, 0
23, 201, 379, 17300901, 4, 186, 195, 18, 149, 65, 1, 1, 1, 0.48252, 0.378941, 193, 0, 0, 1, 0, 0, 0
195, 201, 452, 17300901, 4, 65, 10, 149, 186, 135, 1, 0, 1, 1, 0.645598, 193, 1, 1, 0, 0, 0, 1
186, 201, 496, 17305251, 5, 154, 65, 149, 135, 45, 1, 1, 1, 0.537747, 0.323147, 193, 0, 1, 0, 0, 0, 0
149, 201, 541, 17305251, 5, 10, 65, 67, 45, 135, 1, 1, 0.611557, 0.323147, 0.215099, 193, 1, 1, 1, 0, 0, 0
65, 201, 581, 17305251, 5, 20, 10, 154, 10000000, 10000000, 1, 1, 0.483366, 0, 0, 193, 0, 1, 0, 1, 1, 1
10, 198, 609, 17305251, 5, 154, 67, 20, 182, 3, 1, 0.969603, 0.869637, 0.537939, 0, 193, 0, 1, 0, 0, 0, 0
10, 198, 609, 17305601, 6, 154, 67, 20, 182, 3, 1, 0.969566, 0.869505, 0.537919, 0, 193, 0, 1, 0, 0, 0, 0
20, 226, 601, 17305602, 6, 16, 96, 10000000, 10000000, 10000000, 0.465707, 0.430127, 0, 0, 0, 193, 0, 0, 1, 1, 1, 1
71, 242, 201, 17312900, 4, 27, 194, 177, 180, 141, 1, 1, 1, 0.752943, 1, 193, 1, 0, 0, 0, 0, 0
137, 198, 255, 17312900, 4, 195, 23, 186, 119, 189, 0.971268, 1, 0.862669, 1, 1, 193, 0, 0, 0, 0, 0, 1
141, 264, 201, 17312900, 4, 27, 49, 180, 194, 177, 1, 1, 0.860507, 1, 1, 193, 1, 0, 0, 0, 0, 0
177, 306, 201, 17312901, 4, 27, 49, 109, 105, 180, 0.968369, 1, 0.966686, 0.860529, 0.860506, 193, 1, 0, 0, 0, 0, 0
194, 345, 201, 17312901, 4, 88, 27, 105, 180, 196, 0.861415, 0.968369, 0.968095, 1, 0.934665, 193, 1, 1, 0, 0, 0, 1
27, 385, 198, 17313251, 5, 104, 196, 175, 105, 180, 1, 1, 1, 0.963273, 0.96371, 193, 0, 0, 0, 0, 0, 1
104, 398, 245, 17317601, 6, 41, 10000000, 10000000, 10000000, 10000000, 1, 0, 0, 0, 0, 193, 0, 1, 1, 1, 1, 1
180, 492, 198, 17317601, 6, 88, 86, 196, 105, 175, 1, 1, 0.968329, 1, 1, 193, 1, 0, 0, 0, 0, 0
175, 507, 201, 17317601, 6, 86, 88, 196, 105, 157, 1, 1, 1, 1, 0.634019, 193, 0, 1, 0, 0, 0, 0
196, 539, 201, 17317601, 6, 47, 150, 86, 10000000, 10000000, 1, 0.430777, 0.753222, 0, 0, 193, 0, 0, 0, 1, 1, 1
105, 547, 198, 17317601, 6, 47, 86, 88, 196, 10000000, 1, 0.914668, 1, 1, 0, 193, 0, 0, 1, 0, 1, 0
119, 201, 346, 17321251, 5, 186, 195, 23, 149, 10000000, 0.958684, 0.862572, 1, 0.361003, 0, 193, 0, 0, 0, 0, 1, 0
189, 198, 346, 17321251, 5, 149, 186, 195, 65, 23, 1, 1, 1, 0.646958, 0.966552, 193, 0, 0, 0, 0, 0, 0
23, 201, 379, 17321251, 5, 186, 195, 18, 149, 65, 1, 1, 1, 0.481338, 0.377485, 193, 0, 0, 1, 0, 0, 0
195, 201, 453, 17321251, 5, 65, 10, 149, 186, 135, 1, 0, 1, 1, 0.644187, 193, 1, 1, 0, 0, 0, 1
186, 201, 497, 17321601, 6, 154, 65, 149, 135, 45, 1, 1, 1, 0.536803, 0.322579, 193, 0, 1, 0, 0, 1, 0
149, 201, 541, 17321601, 6, 45, 10, 65, 67, 135, 0.322579, 1, 1, 0.608515, 0.214721, 193, 1, 1, 1, 1, 0, 0
65, 201, 581, 17321601, 6, 20, 10, 154, 10000000, 10000000, 1, 1, 0.482413, 0, 0, 193, 0, 1, 0, 1, 1, 1
10, 198, 609, 17321952, 7, 154, 67, 20, 182, 3, 1, 0.967861, 0.863368, 0.536974, 0, 193, 0, 1, 0, 0, 0, 0
20, 226, 601, 17321952, 7, 16, 96, 10000000, 10000000, 10000000, 0.46394, 0.429373, 0, 0, 0, 193, 0, 0, 1, 1, 1, 1
47, 598, 223, 17321952, 7, 150, 85, 21, 10000000, 10000000, 1, 0.378773, 0.361802, 0, 0, 193, 0, 0, 1, 1, 1, 1
86, 621, 201, 17321952, 7, 47, 113, 10000000, 10000000, 10000000, 0.862694, 0.214918, 0, 0, 0, 193, 0, 0, 1, 1, 1, 0
154, 201, 740, 17321952, 7, 10000000, 10000000, 10000000, 10000000, 10000000, 0, 0, 0, 0, 0, 193, 1, 1, 1, 1, 1, 0
150, 598, 267, 17322302, 8, 85, 179, 117, 131, 107, 0.968135, 0.700792, 0.566406, 0.322123, 0.322218, 193, 0, 0, 0, 0, 0, 1
85, 598, 429, 17322302, 8, 21, 179, 117, 19, 148, 1, 1, 1, 0.466121, 0.377644, 193, 0, 0, 0, 1, 0, 0
85, 598, 429, 17322652, 9, 21, 179, 117, 19, 148, 1, 1, 1, 0.466083, 0.377619, 193, 0, 0, 0, 1, 0, 1
117, 598, 459, 17323002, 10, 21, 179, 19, 148, 16, 1, 1, 0.481762, 0.411854, 0.240761, 193, 0, 0, 1, 0, 0, 0
179, 598, 508, 17323002, 10, 193, 148, 19, 21, 172, 1, 1, 1, 1, 0.467851, 193, 0, 0, 1, 0, 0, 0
21, 601, 580, 17323003, 10, 193, 172, 148, 19, 90, 1, 1, 1, 1, 1, 193, 0, 0, 0, 1, 1, 1
90, 620, 601, 17323353, 11, 19, 10000000, 10000000, 10000000, 10000000, 1, 0, 0, 0, 0, 193, 1, 1, 1, 1, 1, 0
19, 598, 611, 17323353, 11, 193, 4, 172, 148, 176, 1, 1, 1, 1, 0.215632, 193, 0, 1, 0, 0, 1, 0
172, 598, 705, 17323353, 11, 193, 4, 10000000, 10000000, 10000000, 1, 1, 0, 0, 0, 193, 0, 1, 1, 1, 1, 0
4, 601, 783, 17327703, 12, 193, 10000000, 10000000, 10000000, 10000000, 1, 0, 0, 0, 0, 193, 0, 1, 1, 1, 1, 0
67, 201, 786, 17330302, 8, 95, 10000, 10000, 10000, 10000, 1, 1, 1, 1, 1, 193, 0, 0, 0, 0, 0, 0
95, 221, 801, 17330703, 8, 3, 197, 188, 123, 163, 1, 0.967058, 1, 1, 1, 193, 0, 0, 0, 0, 0, 0
163, 305, 801, 17330987, 9, 33, 3, 197, 188, 128, 0.861548, 1, 1, 1, 0.682345, 193, 0, 0, 0, 0, 0, 0
123, 329, 798, 17330988, 9, 33, 128, 3, 197, 188, 1, 0.864361, 1, 1, 1, 193, 0, 0, 0, 0, 0, 0
188, 343, 801, 17330988, 9, 128, 33, 82, 3, 197, 0.964732, 1, 0.753162, 0.965269, 1, 193, 0, 0, 0, 0, 0, 0
197, 370, 801, 17330988, 9, 128, 33, 82, 79, 52, 1, 1, 0.753162, 1, 1, 193, 0, 0, 0, 0, 0, 0
3, 377, 798, 17330988, 9, 128, 33, 79, 52, 10000000, 1, 0.933394, 1, 1, 0, 193, 0, 0, 0, 0, 1, 0
79, 401, 771, 17331338, 10, 96, 10000000, 10000000, 10000000, 10000000, 0.21447, 0, 0, 0, 0, 193, 0, 1, 1, 1, 1, 0
52, 398, 837, 17331338, 10, 79, 33, 10000000, 10000000, 10000000, 1, 0.758373, 0, 0, 0, 193, 0, 0, 1, 1, 1, 0
33, 440, 801, 17331338, 10, 82, 176, 128, 193, 138, 1, 0.754063, 1, 0.429615, 0.643271, 193, 0, 0, 0, 1, 0, 0
128, 461, 801, 17331338, 10, 82, 176, 193, 172, 148, 1, 0.754063, 0.537019, 0.429897, 0.21484, 193, 0, 0, 1, 0, 0, 0
82, 579, 798, 17331688, 11, 4, 193, 10000000, 10000000, 10000000, 0.87595, 0.300234, 0, 0, 0, 193, 1, 0, 1, 1, 1, 0
176, 690, 798, 17331689, 11, 82, 193, 172, 10000000, 10000000, 0.968278, 0.751798, 0.537351, 0, 0, 193, 0, 0, 0, 1, 1, 0
4, 601, 783, 17332038, 12, 193, 10000000, 10000000, 10000000, 10000000, 1, 0, 0, 0, 0, 193, 0, 1, 1, 1, 1, 0
82, 579, 798, 17336039, 12, 4, 193, 10000000, 10000000, 10000000, 0.874284, 0.299842, 0, 0, 0, 193, 1, 0, 1, 1, 1, 0
4, 601, 783, 17336389, 13, 193, 10000000, 10000000, 10000000, 10000000, 1, 0, 0, 0, 0, 193, 0, 1, 1, 1, 1, 0
23, 201, 379, 17337601, 6, 186, 195, 18, 149, 65, 1, 1, 1, 0.480393, 0.376324, 193, 0, 0, 1, 0, 0, 0
186, 201, 497, 17337601, 6, 154, 65, 149, 135, 45, 1, 1, 1, 0.535882, 0.322025, 193, 0, 1, 0, 0, 1, 0
149, 201, 541, 17337601, 6, 45, 10, 65, 67, 135, 0.322025, 1, 1, 0.605567, 0.214353, 193, 1, 1, 1, 1, 0, 0
65, 201, 582, 17337951, 7, 20, 10, 154, 10000000, 10000000, 1, 1, 0.481463, 0, 0, 193, 0, 1, 0, 1, 1, 0
10, 198, 609, 17337952, 7, 154, 67, 20, 182, 3, 1, 0.966199, 0.857445, 0.536053, 0, 193, 0, 1, 0, 0, 0, 0
19, 598, 610, 17339703, 12, 193, 4, 172, 148, 176, 1, 1, 1, 1, 0.215253, 193, 0, 1, 0, 0, 1, 0
148, 598, 668, 17340053, 13, 193, 4, 172, 10000000, 10000000, 1, 1, 1, 0, 0, 193, 0, 1, 0, 1, 1, 0
172, 598, 705, 17340053, 13, 193, 4, 10000000, 10000000, 10000000, 1, 1, 0, 0, 0, 193, 0, 1, 1, 1, 1, 0
4, 601, 783, 17340053, 13, 193, 10000000, 10000000, 10000000, 10000000, 1, 0, 0, 0, 0, 193, 0, 1, 1, 1, 1, 0
20, 226, 601, 17342302, 8, 16, 96, 10000000, 10000000, 10000000, 0.46176, 0.428437, 0, 0, 0, 193, 0, 0, 1, 1, 1, 0
18, 218, 401, 17353951, 7, 45, 135, 53, 24, 10000000, 1, 1, 0.535257, 0.321933, 0, 193, 0, 0, 0, 0, 1, 0
195, 201, 453, 17353951, 7, 65, 10, 149, 186, 135, 1, 0, 1, 1, 0.641934, 193, 1, 1, 0, 0, 0, 0
186, 201, 497, 17353951, 7, 154, 65, 149, 135, 45, 1, 1, 1, 0.534945, 0.321461, 193, 0, 1, 0, 0, 1, 0
149, 201, 541, 17353951, 7, 45, 10, 65, 67, 135, 0.321461, 1, 1, 0.602584, 0.213978, 193, 1, 1, 1, 1, 0, 0
149, 201, 541, 17354301, 8, 45, 10, 65, 67, 135, 0.321449, 1, 1, 0.60252, 0.21397, 193, 1, 1, 1, 1, 0, 0
65, 201, 582, 17354301, 8, 20, 10, 154, 10000000, 10000000, 1, 1, 0.480518, 0, 0, 193, 0, 1, 0, 1, 1, 0
10, 198, 608, 17358652, 9, 154, 67, 20, 182, 3, 1, 0.964056, 0.849903, 0.534866, 0, 193, 0, 1, 0, 0, 0, 0
20, 226, 601, 17358652, 9, 16, 96, 10000000, 10000000, 10000000, 0.460024, 0.427688, 0, 0, 0, 193, 0, 0, 1, 1, 1, 0
154, 201, 741, 17358652, 9, 10000000, 10000000, 10000000, 10000000, 10000000, 0, 0, 0, 0, 0, 193, 1, 1, 1, 1, 1, 0
135, 349, 398, 17362301, 8, 53, 131, 45, 10000000, 10000000, 1, 0.857612, 1, 0, 0, 193, 0, 0, 0, 1, 1, 0
45, 375, 398, 17362301, 8, 131, 53, 24, 10000000, 10000000, 0.857612, 0.933154, 0.321644, 0, 0, 193, 0, 0, 0, 1, 1, 0
53, 427, 401, 17362652, 9, 24, 131, 107, 81, 10000000, 1, 1, 0.641655, 0.360263, 0, 193, 0, 0, 0, 0, 1, 0
131, 458, 401, 17362652, 9, 24, 81, 111, 10000000, 10000000, 1, 0.643198, 0.409474, 0, 0, 193, 0, 0, 0, 1, 1, 0
24, 579, 398, 17363002, 10, 117, 85, 81, 10000000, 10000000, 1, 1, 1, 0, 0, 193, 0, 0, 0, 1, 1, 0
85, 598, 428, 17363352, 11, 21, 179, 117, 19, 148, 1, 1, 1, 0.461704, 0.374739, 193, 1, 0, 0, 1, 0, 0
81, 633, 401, 17363352, 11, 10000000, 10000000, 10000000, 10000000, 10000000, 0, 0, 0, 0, 0, 193, 1, 1, 1, 1, 1, 0
117, 598, 458, 17363352, 11, 21, 179, 19, 148, 16, 1, 1, 0.479432, 0.409585, 0.239597, 193, 1, 0, 1, 0, 0, 0
179, 598, 508, 17363702, 12, 193, 148, 19, 21, 172, 1, 1, 1, 1, 0.463438, 193, 0, 0, 1, 1, 0, 0
21, 601, 580, 17363703, 12, 193, 172, 148, 19, 90, 1, 1, 1, 1, 1, 193, 0, 0, 0, 1, 1, 0
19, 598, 610, 17363703, 12, 193, 4, 172, 148, 176, 1, 1, 1, 1, 0.214698, 193, 0, 1, 0, 0, 1, 0
148, 598, 668, 17363703, 12, 193, 4, 172, 10000000, 10000000, 1, 1, 1, 0, 0, 193, 0, 1, 0, 1, 1, 0
90, 620, 601, 17364053, 13, 19, 10000000, 10000000, 10000000, 10000000, 1, 0, 0, 0, 0, 193, 1, 1, 1, 1, 1, 0
19, 598, 610, 17364053, 13, 193, 4, 172, 148, 176, 1, 1, 1, 1, 0.21469, 193, 0, 1, 0, 0, 1, 0
148, 598, 668, 17364053, 13, 193, 4, 172, 10000000, 10000000, 1, 1, 1, 0, 0, 193, 0, 1, 0, 1, 1, 0
172, 598, 704, 17364053, 13, 193, 4, 10000000, 10000000, 10000000, 1, 1, 0, 0, 0, 193, 0, 1, 1, 1, 1, 0
67, 201, 786, 17367002, 10, 95, 10000, 10000, 10000, 10000, 1, 1, 1, 1, 1, 193, 0, 0, 0, 0, 0, 0
95, 220, 801, 17367416, 10, 3, 197, 188, 123, 163, 1, 0.963258, 1, 1, 1, 193, 0, 0, 0, 0, 0, 0
163, 304, 801, 17367856, 11, 3, 33, 197, 188, 128, 1, 0.858141, 1, 1, 0.678929, 193, 0, 0, 0, 0, 0, 0
123, 329, 798, 17367857, 11, 33, 128, 3, 197, 188, 1, 0.850804, 1, 1, 1, 193, 0, 0, 0, 0, 0, 0
188, 343, 801, 17367857, 11, 128, 33, 82, 3, 197, 0.960461, 1, 0.750186, 0.961467, 1, 193, 0, 0, 0, 0, 0, 0
197, 370, 801, 17367857, 11, 128, 33, 82, 79, 52, 1, 1, 0.750186, 1, 1, 193, 0, 0, 0, 0, 0, 0
3, 377, 798, 17367857, 11, 128, 33, 79, 52, 10000000, 1, 0.925432, 1, 1, 0, 193, 0, 0, 0, 0, 1, 0
79, 401, 772, 17368207, 12, 96, 10000000, 10000000, 10000000, 10000000, 0.213626, 0, 0, 0, 0, 193, 0, 1, 1, 1, 1, 0
52, 398, 837, 17368207, 12, 79, 33, 10000000, 10000000, 10000000, 1, 0.737745, 0, 0, 0, 193, 0, 0, 1, 1, 1, 0
33, 439, 801, 17368207, 12, 82, 176, 128, 193, 138, 1, 0.75108, 1, 0.42792, 0.640738, 193, 0, 0, 0, 1, 0, 0
128, 461, 801, 17368207, 12, 82, 176, 193, 172, 148, 1, 0.75108, 0.534901, 0.428201, 0.213992, 193, 0, 0, 1, 0, 0, 0
4, 601, 783, 17368403, 14, 193, 10000000, 10000000, 10000000, 10000000, 1, 0, 0, 0, 0, 193, 0, 1, 1, 1, 1, 0
82, 579, 798, 17368557, 13, 4, 193, 10000000, 10000000, 10000000, 0.86203, 0.296947, 0, 0, 0, 193, 1, 0, 1, 1, 1, 0
4, 601, 783, 17368907, 14, 193, 10000000, 10000000, 10000000, 10000000, 1, 0, 0, 0, 0, 193, 0, 1, 1, 1, 1, 0
58, 801, 395, 17371703, 12, 133, 10000, 10000, 10000, 10000, 1, 1, 1, 1, 1, 193, 0, 0, 0, 0, 0, 0
133, 798, 475, 17371974, 12, 118, 37, 130, 94, 10000000, 0.855779, 0.641457, 0.321466, 0.533834, 0, 193, 0, 0, 0, 0, 1, 0
37, 798, 634, 17372298, 13, 94, 118, 74, 10000000, 10000000, 1, 1, 1, 0, 0, 193, 0, 0, 0, 1, 1, 0
118, 801, 734, 17376648, 14, 94, 130, 90, 10000000, 10000000, 1, 0.428406, 0.213466, 0, 0, 193, 0, 0, 0, 1, 1, 0
19, 598, 610, 17380403, 14, 193, 4, 172, 148, 176, 1, 1, 1, 1, 0.214314, 193, 0, 1, 0, 0, 1, 0
148, 598, 668, 17380753, 15, 193, 4, 172, 10000000, 10000000, 1, 1, 1, 0, 0, 193, 0, 1, 0, 1, 1, 0
172, 598, 704, 17380753, 15, 193, 4, 10000000, 10000000, 10000000, 1, 1, 0, 0, 0, 193, 0, 1, 1, 1, 1, 0
94, 801, 772, 17380998, 15, 130, 6, 10000000, 10000000, 10000000, 0.321155, 0, 0, 0, 0, 193, 0, 1, 1, 1, 1, 0
6, 780, 798, 17381348, 16, 176, 138, 193, 128, 33, 1, 1, 0.42732, 0.640026, 0.214225, 193, 0, 0, 1, 0, 0, 0
138, 746, 798, 17385698, 17, 176, 82, 193, 172, 128, 1, 0.64179, 0.533902, 0.32055, 0.746351, 193, 0, 0, 1, 0, 0, 0
4, 601, 783, 17389103, 16, 193, 10000000, 10000000, 10000000, 10000000, 1, 0, 0, 0, 0, 193, 0, 1, 1, 1, 1, 0
176, 691, 798, 17390048, 18, 82, 193, 172, 10000000, 10000000, 0.962237, 0.747115, 0.534002, 0, 0, 193, 0, 0, 0, 1, 1, 0
82, 579, 798, 17390049, 18, 4, 193, 10000000, 10000000, 10000000, 0.854118, 0.295063, 0, 0, 0, 193, 1, 0, 1, 1, 1, 0
82, 579, 798, 17390399, 19, 4, 193, 10000000, 10000000, 10000000, 0.85399, 0.295033, 0, 0, 0, 193, 1, 0, 1, 1, 1, 0
4, 601, 783, 17390749, 20, 193, 10000000, 10000000, 10000000, 10000000, 1, 0, 0, 0, 0, 193, 0, 1, 1, 1, 1, 0
27, 390, 198, 18299999, 1, 104, 175, 109, 49, 180, 1, 1, 0.930793, 0.798901, 0.84845, 128, 0, 0, 0, 0, 0, 0
49, 420, 201, 18300200, 2, 104, 109, 175, 10000000, 10000000, 1, 1, 1, 0, 0, 128, 0, 0, 0, 1, 1, 0
104, 398, 232, 18300200, 2, 41, 10000000, 10000000, 10000000, 10000000, 1, 0, 0, 0, 0, 128, 1, 1, 1, 1, 1, 1
109, 443, 201, 18300200, 2, 10000000, 10000000, 10000000, 10000000, 10000000, 0, 0, 0, 0, 0, 128, 1, 1, 1, 1, 1, 0
175, 494, 201, 18300200, 2, 10000000, 10000000, 10000000, 10000000, 10000000, 0, 0, 0, 0, 0, 128, 1, 1, 1, 1, 1, 1
180, 504, 198, 18300200, 2, 109, 175, 49, 196, 10000000, 1, 1, 1, 0.969149, 0, 128, 0, 0, 0, 0, 1, 0
47, 598, 213, 18304550, 3, 12, 10000, 10000, 10000, 10000, 1, 1, 1, 1, 1, 128, 0, 0, 0, 0, 0, 0
38, 1, 5, 19299999, 1, 17, 60, 8, 62, 7, 1, 1, 1, 0.607801, 0, 115, 1, 1, 0, 0, 0, 0
62, 198, 1, 19300200, 2, 7, 98, 100, 110, 171, 0.971007, 1, 1, 1, 1, 115, 1, 0, 1, 0, 0, 1
171, 201, 116, 19312551, 3, 137, 13, 98, 110, 56, 1, 1, 1, 1, 0.768674, 115, 0, 1, 0, 0, 1, 0
110, 201, 159, 19312551, 3, 165, 137, 13, 56, 98, 1, 1, 0.957855, 1, 1, 115, 0, 0, 1, 1, 0, 0
98, 201, 180, 19312551, 3, 189, 165, 71, 137, 13, 1, 1, 1, 1, 1, 115, 0, 0, 1, 0, 1, 1
13, 199, 203, 19316901, 4, 18, 119, 23, 177, 189, 1, 1, 0.85917, 1, 0.969751, 115, 1, 0, 1, 0, 0, 0
71, 220, 201, 19316901, 4, 194, 27, 177, 49, 165, 1, 0.862055, 1, 0.687238, 1, 115, 0, 1, 0, 1, 0, 1
137, 198, 228, 19316901, 4, 71, 23, 119, 189, 195, 1, 0.85917, 1, 1, 0.752924, 115, 1, 1, 0, 0, 0, 0
165, 198, 273, 19316901, 4, 23, 186, 119, 195, 18, 0.966566, 0.860462, 1, 0.860484, 0.699222, 115, 1, 0, 0, 0, 1, 0
189, 198, 320, 19316901, 4, 23, 18, 186, 195, 149, 1, 1, 1, 1, 0.862542, 115, 1, 1, 0, 0, 0, 1
23, 201, 392, 19317251, 5, 135, 186, 149, 195, 18, 1, 1, 0.912705, 1, 1, 115, 0, 0, 0, 0, 1, 1
18, 210, 401, 19317251, 5, 41, 135, 45, 149, 186, 1, 1, 0.863086, 1, 1, 115, 1, 0, 1, 0, 0, 0
195, 201, 479, 19317252, 5, 65, 20, 135, 45, 149, 1, 1, 0.429338, 0.215771, 1, 115, 1, 1, 1, 1, 0, 0
18, 210, 401, 19317601, 6, 41, 135, 45, 149, 186, 1, 1, 0.863053, 1, 1, 115, 1, 0, 1, 0, 0, 0
195, 201, 479, 19317602, 6, 65, 20, 135, 45, 149, 1, 1, 0.429322, 0.215763, 1, 115, 1, 1, 1, 1, 0, 0
177, 280, 201, 19325251, 5, 49, 109, 27, 194, 180, 1, 0.965684, 1, 1, 0.646859, 115, 1, 0, 1, 0, 0, 0
194, 320, 201, 19325251, 5, 109, 27, 180, 49, 105, 1, 1, 0.862478, 1, 0.75367, 115, 0, 1, 0, 1, 0, 1
27, 392, 198, 19325251, 5, 45, 175, 105, 196, 180, 1, 1, 0.861337, 0.86174, 0.862478, 115, 1, 0, 0, 0, 0, 0
27, 392, 198, 19325601, 6, 45, 175, 105, 196, 180, 1, 1, 0.861305, 0.86161, 0.862446, 115, 1, 0, 0, 0, 0, 0
49, 412, 201, 19325601, 6, 86, 47, 88, 105, 196, 1, 1, 0.966911, 0.968968, 1, 115, 1, 1, 1, 0, 0, 0
109, 431, 201, 19325602, 6, 91, 47, 88, 105, 196, 1, 1, 1, 1, 1, 115, 1, 1, 1, 0, 0, 1
196, 516, 201, 19325952, 7, 91, 86, 88, 47, 157, 1, 1, 1, 1, 1, 115, 1, 1, 1, 1, 0, 0
105, 573, 198, 19325952, 7, 150, 47, 124, 91, 86, 1, 1, 0.790987, 1, 0.945496, 115, 0, 1, 0, 1, 1, 1
149, 201, 568, 19329952, 7, 20, 65, 10000000, 10000000, 10000000, 1, 1, 0, 0, 0, 115, 1, 1, 1, 1, 1, 0
65, 201, 609, 19329952, 7, 20, 10000000, 10000000, 10000000, 10000000, 1, 0, 0, 0, 0, 115, 1, 1, 1, 1, 1, 1
20, 210, 601, 19330302, 8, 16, 96, 10000000, 10000000, 10000000, 0.316493, 0.215311, 0, 0, 0, 115, 1, 1, 1, 1, 1, 1
47, 598, 206, 19338302, 8, 24, 150, 124, 157, 85, 1, 1, 1, 1, 0.274102, 115, 1, 0, 0, 0, 1, 0
91, 601, 200, 19338302, 8, 150, 124, 157, 86, 47, 1, 1, 1, 1, 0.948594, 115, 0, 0, 0, 1, 1, 0
86, 608, 201, 19338302, 8, 150, 124, 157, 102, 44, 1, 1, 1, 0.751271, 0.361819, 115, 0, 0, 0, 1, 1, 0
150, 598, 239, 19338302, 8, 85, 24, 179, 117, 21, 1, 1, 0.476427, 0.410253, 0.321696, 115, 1, 1, 0, 0, 1, 1
