source_id,source_x,source_y,time,hop,pri_1_id,pri_2_id,pri_3_id,pri_4_id,pri_5_id,pri_1_r,pri_2_r,pri_3_r,pri_4_r,pri_5_r,des_id,inter_1id ,inter_2id ,inter_3id ,inter_4id ,inter_5id ,send_log
29, -1, 115, 10299999, 1, 32, 170, 207, 159, 64, 0.971035, 1, 0.863692, 1, 0.613881, 125, 0, 0, 1, 0, 0, 1
159, -1, 151, 10300200, 2, 32, 170, 207, 197, 56, 1, 1, 0.971632, 0.754233, 0.645686, 125, 0, 0, 1, 1, 0, 0
170, 1, 248, 10300200, 2, 168, 32, 64, 56, 197, 0.864035, 1, 0.724412, 0.645686, 0.754233, 125, 0, 0, 0, 0, 1, 1
32, 1, 281, 10304531, 3, 168, 64, 43, 10000000, 10000000, 0.686286, 0.756045, 0.274108, 0, 0, 125, 0, 0, 0, 1, 1, 0
64, -1, 317, 10304531, 3, 43, 168, 110, 245, 182, 1, 1, 0.539226, 0.137383, 0.137482, 125, 0, 0, 1, 1, 1, 0
168, -1, 358, 10304531, 3, 245, 43, 110, 50, 10000000, 0.137383, 1, 0.647071, 0.465324, 0, 125, 1, 0, 0, 0, 1, 1
43, 1, 476, 10304863, 4, 283, 244, 50, 157, 245, 0.794901, 0.568641, 0.966246, 0.755344, 0.646578, 125, 1, 1, 0, 0, 1, 1
50, -1, 520, 10309194, 5, 236, 244, 283, 157, 28, 0.861646, 1, 1, 0.969504, 1, 125, 1, 1, 1, 0, 0, 0
245, -1, 579, 10309194, 5, 244, 283, 34, 128, 236, 1, 1, 0.861531, 0.967326, 1, 125, 1, 1, 0, 0, 1, 0
283, 1, 612, 10309194, 5, 128, 34, 236, 10000000, 10000000, 1, 0.75384, 1, 0, 0, 125, 0, 0, 1, 1, 1, 1
244, 1, 618, 10309194, 5, 236, 128, 34, 10000000, 10000000, 1, 0.967326, 0.75384, 0, 0, 125, 1, 0, 0, 1, 1, 0
157, 1, 648, 10309194, 5, 236, 34, 128, 10000000, 10000000, 0.969352, 0.646148, 0.752365, 0, 0, 125, 1, 0, 1, 1, 1, 0
236, 19, 598, 10309525, 6, 34, 103, 128, 107, 191, 0.969188, 0.722479, 1, 0.189666, 0.13726, 125, 0, 0, 0, 1, 1, 0
128, 44, 598, 10309525, 6, 34, 103, 67, 107, 10000000, 1, 0.722479, 0.24144, 0.137247, 0, 125, 0, 0, 1, 1, 1, 1
34, 79, 598, 10309856, 7, 103, 107, 67, 10000000, 10000000, 0.963267, 0.234267, 0.136957, 0, 0, 125, 0, 0, 1, 1, 1, 1
103, 112, 601, 10309857, 7, 107, 191, 55, 10, 67, 0.970386, 0.862443, 0.215588, 0, 0.755222, 125, 0, 0, 1, 1, 0, 0
103, 112, 601, 10310188, 8, 107, 191, 55, 10, 67, 0.970352, 0.862412, 0.21558, 0, 0.755195, 125, 0, 0, 1, 1, 0, 1
107, 271, 598, 10310519, 9, 20, 96, 148, 156, 79, 0.86175, 0.44167, 0.323631, 0.23209, 0.120359, 125, 0, 0, 1, 1, 1, 1
20, 315, 601, 10310850, 10, 96, 156, 148, 79, 167, 0.969779, 0.967943, 0.862985, 0.751831, 0.467372, 125, 0, 0, 0, 0, 1, 1
156, 447, 598, 10310851, 10, 167, 250, 96, 16, 122, 0.956413, 0.722786, 1, 0.859492, 0.240853, 125, 0, 1, 0, 0, 0, 0
156, 447, 598, 10311182, 11, 167, 250, 96, 16, 122, 0.956363, 0.722757, 1, 0.859461, 0.240843, 125, 0, 1, 0, 0, 0, 0
96, 484, 598, 10311182, 11, 250, 167, 122, 16, 84, 1, 0.823418, 0.635928, 1, 0.44012, 125, 1, 0, 0, 0, 0, 1
16, 509, 601, 10311513, 12, 84, 122, 250, 287, 220, 0.969682, 1, 1, 1, 0.860553, 125, 0, 0, 1, 1, 1, 0
167, 550, 601, 10311513, 12, 84, 122, 250, 287, 220, 0.969682, 1, 1, 1, 0.968123, 125, 0, 0, 1, 1, 1, 0
250, 620, 598, 10311513, 12, 84, 137, 122, 90, 228, 1, 0.723721, 1, 0.603124, 0.410595, 125, 0, 0, 0, 0, 1, 1
122, 642, 598, 10311513, 12, 137, 90, 84, 273, 228, 0.876349, 0.962655, 1, 0.539405, 0.46517, 125, 0, 0, 0, 1, 1, 0
122, 642, 598, 10311844, 13, 137, 90, 84, 273, 228, 0.876222, 0.962611, 1, 0.539386, 0.465134, 125, 0, 0, 0, 1, 1, 0
84, 685, 598, 10311844, 13, 228, 137, 273, 90, 238, 0.846723, 0.820973, 0.755141, 1, 0.538828, 125, 1, 0, 1, 0, 1, 1
90, 713, 601, 10311845, 13, 238, 273, 228, 125, 142, 1, 1, 1, 0.863602, 0.971719, 125, 1, 1, 1, 0, 0, 0
137, 754, 601, 10311845, 13, 125, 238, 273, 228, 94, 1, 1, 1, 1, 0.861151, 125, 0, 1, 1, 1, 0, 0
228, 781, 601, 10311845, 13, 125, 238, 273, 10000000, 10000000, 1, 1, 1, 0, 0, 125, 0, 1, 1, 1, 1, 0
90, 713, 601, 10312176, 14, 238, 273, 228, 125, 142, 1, 1, 1, 0.863571, 0.971684, 125, 1, 1, 1, 0, 0, 0
137, 754, 601, 10312176, 14, 125, 238, 273, 228, 94, 1, 1, 1, 1, 0.86112, 125, 0, 1, 1, 1, 0, 0
228, 781, 601, 10312176, 14, 125, 238, 273, 10000000, 10000000, 1, 1, 1, 0, 0, 125, 0, 1, 1, 1, 1, 1
273, 787, 601, 10312176, 14, 125, 238, 10000000, 10000000, 10000000, 1, 1, 0, 0, 0, 125, 0, 1, 1, 1, 1, 0
273, 787, 601, 10312507, 15, 125, 238, 10000000, 10000000, 10000000, 1, 1, 0, 0, 0, 125, 0, 1, 1, 1, 1, 0
238, 801, 619, 10312507, 15, 125, 10000000, 10000000, 10000000, 10000000, 1, 0, 0, 0, 0, 125, 0, 1, 1, 1, 1, 0
281, 8, -1, 11299999, 1, 11, 8, 243, 29, 154, 1, 1, 0.796897, 0.951449, 1, 287, 0, 0, 1, 0, 0, 0
154, 1, 61, 11300200, 2, 144, 247, 243, 32, 29, 0.137838, 0.120839, 0.159235, 0.107619, 0.96826, 287, 1, 1, 1, 1, 0, 0
8, 89, -1, 11300200, 2, 243, 159, 285, 144, 7, 0.936528, 0.241983, 0.797189, 0.753992, 0.56851, 287, 1, 1, 1, 0, 0, 1
11, 1, 94, 11300200, 2, 243, 159, 170, 32, 29, 0.120825, 0.959421, 0.478892, 0.438667, 1, 287, 1, 0, 0, 0, 0, 1
29, -1, 102, 11300200, 2, 32, 170, 207, 159, 197, 0.968568, 1, 0.862999, 1, 0.6477, 287, 0, 0, 1, 0, 1, 0
29, -1, 102, 11300531, 3, 32, 170, 207, 159, 197, 0.968533, 1, 0.862968, 1, 0.647677, 287, 0, 0, 1, 0, 1, 0
159, -1, 138, 11300531, 3, 32, 170, 207, 197, 64, 1, 1, 0.970839, 0.755623, 0.685773, 287, 0, 0, 1, 1, 0, 1
144, 145, 1, 11304531, 3, 98, 7, 117, 164, 212, 0.968634, 0.971566, 0.968811, 1, 1, 287, 0, 0, 0, 0, 0, 0
285, 212, -1, 11304531, 3, 143, 62, 117, 7, 164, 1, 1, 1, 1, 1, 287, 0, 0, 0, 0, 0, 1
7, 293, -1, 11304531, 3, 275, 5, 152, 231, 150, 0.755173, 0, 0.646994, 0.60274, 0.702017, 287, 1, 1, 1, 1, 0, 0
170, 1, 261, 11304862, 4, 168, 32, 64, 56, 10000000, 0.970541, 1, 0.753722, 0.645024, 0, 287, 0, 0, 0, 0, 1, 1
64, -1, 303, 11304863, 4, 43, 168, 50, 110, 245, 1, 1, 0.566207, 0.538014, 0.120784, 287, 0, 0, 0, 1, 1, 0
32, 1, 297, 11309193, 5, 168, 64, 43, 10000000, 10000000, 0.723742, 0.963392, 0.240934, 0, 0, 287, 0, 0, 0, 1, 1, 0
64, -1, 303, 11309194, 5, 43, 168, 50, 110, 245, 1, 1, 0.565745, 0.537764, 0.120721, 287, 0, 0, 0, 1, 1, 0
168, -1, 347, 11309194, 5, 245, 43, 110, 50, 10000000, 0.120721, 1, 0.645317, 0.565745, 0, 287, 1, 0, 0, 0, 1, 1
43, 1, 491, 11309525, 6, 283, 245, 182, 50, 110, 0.822509, 0.845011, 0.821463, 0.969396, 0.537745, 287, 1, 0, 0, 0, 1, 1
164, 261, -1, 11312862, 4, 275, 152, 231, 7, 143, 0.538925, 0.107736, 0.323218, 1, 0.723242, 287, 1, 1, 1, 0, 0, 0
7, 293, -1, 11312862, 4, 275, 5, 152, 231, 150, 0.754495, 0, 0.646414, 0.602135, 0.700651, 287, 1, 1, 1, 1, 0, 0
50, -1, 508, 11313856, 7, 236, 128, 283, 244, 245, 0.863226, 0.64492, 1, 1, 1, 287, 1, 1, 1, 0, 0, 0
182, -1, 543, 11313856, 7, 283, 236, 34, 128, 244, 1, 0.97113, 0.647144, 0.752407, 1, 287, 1, 1, 0, 1, 0, 0
245, -1, 573, 11313856, 7, 283, 34, 128, 236, 244, 1, 0.862859, 0.96738, 1, 1, 287, 1, 0, 0, 1, 0, 1
283, 1, 612, 11318188, 8, 128, 34, 236, 10000000, 10000000, 1, 0.754649, 1, 0, 0, 287, 0, 0, 0, 1, 1, 1
244, 1, 624, 11318188, 8, 283, 128, 34, 236, 10000000, 1, 0.96693, 0.754649, 1, 0, 287, 1, 0, 0, 1, 1, 0
236, 25, 598, 11318519, 9, 34, 128, 103, 107, 191, 1, 1, 0.751578, 0.1592, 0.120563, 287, 0, 0, 0, 1, 1, 1
275, 401, 12, 11325194, 5, 48, 100, 152, 280, 237, 1, 0.946419, 1, 0.602844, 0.603192, 287, 0, 0, 0, 1, 0, 1
150, 460, -1, 11325194, 5, 231, 149, 253, 48, 61, 0.968368, 0.274892, 1, 0.646345, 1, 287, 1, 1, 0, 0, 0, 1
152, 401, 53, 11325525, 6, 48, 237, 100, 132, 280, 1, 0.75164, 0.952041, 0.601235, 0.536756, 287, 0, 0, 0, 0, 1, 0
48, 401, 92, 11325525, 6, 280, 237, 132, 100, 41, 1, 0.95331, 0.841729, 1, 0.322713, 287, 1, 0, 0, 0, 0, 1
100, 398, 100, 11325525, 6, 41, 292, 268, 280, 237, 0.96814, 1, 1, 1, 1, 287, 0, 1, 1, 1, 0, 0
237, 398, 173, 11325525, 6, 111, 41, 112, 88, 221, 1, 1, 0.967827, 0.861962, 1, 287, 0, 0, 0, 0, 1, 0
100, 398, 100, 11325856, 7, 41, 292, 268, 280, 237, 0.968105, 1, 1, 1, 1, 287, 0, 1, 1, 1, 0, 0
132, 398, 143, 11325856, 7, 111, 41, 292, 268, 221, 1, 0.968105, 1, 1, 0.967686, 287, 0, 0, 1, 1, 1, 0
237, 398, 173, 11325856, 7, 111, 41, 112, 88, 221, 1, 1, 0.967792, 0.861932, 1, 287, 0, 0, 0, 0, 1, 0
280, 398, 186, 11325856, 7, 41, 112, 88, 111, 221, 1, 1, 0.861932, 0.644375, 1, 287, 0, 0, 0, 0, 0, 1
221, 424, 198, 11326187, 8, 266, 216, 41, 88, 112, 0.643599, 0.482838, 0.860507, 1, 1, 287, 1, 1, 0, 0, 0, 1
128, 55, 598, 11326850, 10, 34, 103, 67, 107, 10000000, 1, 0.750906, 0.215031, 0.120432, 0, 287, 0, 0, 1, 1, 1, 0
34, 91, 598, 11326850, 10, 103, 107, 67, 10000000, 10000000, 0.965451, 0.378385, 0.120213, 0, 0, 287, 0, 0, 1, 1, 1, 1
103, 97, 601, 11326850, 10, 107, 191, 55, 10, 67, 0.968049, 0.862078, 0.215, 0, 0.75261, 287, 0, 0, 1, 1, 0, 0
103, 97, 601, 11327181, 11, 107, 191, 55, 10, 67, 0.968014, 0.862047, 0.214993, 0, 0.752583, 287, 0, 0, 1, 1, 0, 1
61, 502, 1, 11341525, 6, 91, 149, 253, 181, 10000000, 0.750362, 0.750775, 1, 1, 0, 287, 0, 0, 0, 0, 1, 0
253, 573, 1, 11341525, 6, 91, 149, 12, 10000000, 10000000, 1, 1, 0.409849, 0, 0, 287, 0, 0, 0, 1, 1, 0
112, 462, 198, 11342519, 9, 266, 216, 88, 116, 49, 0.545269, 0.481888, 1, 0.752653, 0.8208, 287, 1, 1, 0, 0, 0, 0
88, 510, 198, 11342519, 9, 266, 216, 116, 41, 131, 0.963709, 0.843304, 0.860175, 0.429499, 0.753824, 287, 1, 1, 0, 1, 0, 0
216, 575, 201, 11342519, 9, 47, 187, 10000000, 10000000, 10000000, 0.481175, 0.273106, 0, 0, 0, 287, 0, 1, 1, 1, 1, 0
266, 586, 201, 11342519, 9, 47, 187, 10000000, 10000000, 10000000, 0.938438, 0.599428, 0, 0, 0, 287, 0, 0, 1, 1, 1, 1
47, 598, 303, 11342850, 10, 21, 187, 138, 114, 85, 0.965693, 1, 0.537718, 0.537214, 0.432506, 287, 0, 0, 1, 1, 0, 1
187, 598, 346, 11342851, 10, 21, 85, 138, 114, 124, 1, 0.601919, 0.752806, 0.7521, 0.464258, 287, 0, 0, 1, 1, 0, 0
187, 598, 346, 11343182, 11, 21, 85, 138, 114, 124, 1, 0.601895, 0.752779, 0.752073, 0.464222, 287, 0, 0, 1, 1, 0, 0
85, 598, 503, 11343182, 11, 287, 220, 124, 250, 122, 1, 1, 1, 0.857123, 0.535552, 287, 1, 0, 0, 1, 1, 0
21, 601, 501, 11347513, 12, 287, 124, 220, 85, 10000000, 1, 1, 0.749042, 1, 0, 287, 1, 0, 0, 0, 1, 1
85, 598, 503, 11347513, 12, 287, 220, 124, 250, 122, 1, 1, 1, 0.856726, 0.535304, 287, 1, 0, 0, 1, 1, 0
85, 598, 503, 11347844, 13, 287, 220, 124, 250, 122, 1, 1, 1, 0.856696, 0.535285, 287, 1, 0, 0, 1, 1, 0
124, 598, 540, 11347844, 13, 287, 220, 250, 122, 10000000, 1, 1, 0.856696, 0.749399, 0, 287, 1, 0, 1, 1, 1, 0
220, 598, 573, 11347844, 13, 287, 10000000, 10000000, 10000000, 10000000, 1, 0, 0, 0, 0, 287, 1, 1, 1, 1, 1, 0
149, 601, 57, 11349857, 7, 91, 12, 10000000, 10000000, 10000000, 1, 0.85707, 0, 0, 0, 287, 0, 0, 1, 1, 1, 0
220, 598, 573, 11352175, 14, 287, 10000000, 10000000, 10000000, 10000000, 1, 0, 0, 0, 0, 287, 1, 1, 1, 1, 1, 0
12, 598, 96, 11354188, 8, 266, 216, 116, 131, 49, 0.855562, 0.751916, 0.536936, 0.536905, 0.428661, 287, 1, 1, 1, 1, 1, 0
91, 601, 98, 11354188, 8, 10000000, 10000000, 10000000, 10000000, 10000000, 0, 0, 0, 0, 0, 287, 1, 1, 1, 1, 1, 0
267, 201, 215, 12299999, 1, 23, 174, 126, 259, 153, 1, 0.970862, 1, 0.645454, 1, 16, 0, 0, 0, 1, 0, 0
126, 201, 271, 12300200, 2, 206, 174, 23, 265, 13, 0.93953, 0.964466, 1, 0.698976, 1, 16, 0, 0, 0, 1, 0, 0
23, 201, 312, 12300200, 2, 186, 259, 65, 265, 206, 1, 1, 0.606152, 0.685405, 0.753561, 16, 0, 1, 0, 1, 0, 1
174, 198, 324, 12300200, 2, 65, 186, 259, 254, 265, 1, 1, 1, 1, 1, 16, 0, 0, 1, 0, 1, 0
206, 198, 362, 12300531, 3, 65, 186, 265, 251, 254, 1, 1, 1, 0.970759, 1, 16, 0, 0, 1, 1, 0, 0
259, 198, 385, 12300531, 3, 172, 65, 45, 186, 251, 1, 0.971138, 0.860833, 1, 1, 16, 0, 0, 0, 0, 0, 1
265, 201, 415, 12300531, 3, 172, 65, 186, 45, 251, 1, 1, 1, 0.753229, 1, 16, 0, 0, 0, 0, 0, 0
65, 201, 512, 12300531, 3, 191, 45, 10000000, 10000000, 10000000, 0.646801, 0.322812, 0, 0, 0, 16, 0, 1, 1, 1, 1, 0
186, 201, 472, 12304862, 4, 65, 191, 45, 172, 10000000, 1, 0.796636, 0.53777, 0.645717, 0, 16, 0, 0, 0, 1, 1, 0
65, 201, 512, 12304862, 4, 191, 45, 10000000, 10000000, 10000000, 0.646499, 0.322662, 0, 0, 0, 16, 0, 1, 1, 1, 1, 0
247, 151, 1, 13299999, 1, 98, 7, 164, 212, 117, 0.862139, 0.969612, 1, 1, 0.862284, 4, 0, 0, 0, 0, 0, 0
212, 201, 42, 13300200, 2, 240, 226, 98, 180, 117, 0.965544, 0.799432, 1, 0.972208, 1, 4, 0, 0, 0, 0, 0, 1
117, 201, 87, 13312531, 3, 13, 240, 226, 98, 180, 1, 1, 0.75425, 1, 0.846921, 4, 0, 0, 0, 0, 0, 0
98, 201, 110, 13312531, 3, 13, 267, 226, 240, 126, 1, 0.948009, 0.644379, 0.753091, 0.377945, 4, 0, 1, 0, 0, 0, 0
180, 198, 113, 13312531, 3, 126, 174, 226, 23, 267, 1, 0.911124, 1, 0.859975, 1, 4, 0, 0, 0, 0, 1, 0
240, 198, 155, 13312531, 3, 23, 174, 126, 226, 267, 1, 1, 1, 1, 1, 4, 0, 0, 0, 0, 1, 1
267, 201, 221, 13312862, 4, 23, 174, 126, 259, 13, 1, 0.969441, 1, 0.79568, 1, 4, 0, 0, 0, 1, 0, 0
226, 201, 242, 13312862, 4, 265, 23, 174, 126, 259, 1, 1, 1, 1, 0.646182, 4, 1, 0, 0, 0, 1, 0
126, 201, 287, 13312863, 4, 206, 265, 23, 174, 259, 0.948746, 0.754054, 1, 0.967285, 0.549903, 4, 0, 1, 0, 0, 1, 0
174, 198, 310, 13312863, 4, 65, 186, 254, 265, 259, 1, 1, 1, 1, 1, 4, 0, 0, 0, 1, 1, 0
23, 201, 325, 13312863, 4, 186, 259, 65, 265, 206, 1, 1, 0.695706, 0.722228, 1, 4, 0, 1, 0, 1, 0, 1
206, 198, 350, 13313194, 5, 65, 186, 254, 265, 259, 1, 1, 1, 1, 1, 4, 0, 0, 0, 1, 1, 0
259, 198, 381, 13313194, 5, 65, 172, 186, 265, 251, 0.969838, 0.970663, 1, 1, 0.968924, 4, 0, 0, 0, 1, 0, 1
265, 201, 419, 13313194, 5, 65, 172, 186, 251, 45, 1, 0.970663, 1, 0.968924, 0.64738, 4, 0, 0, 0, 0, 0, 0
265, 201, 419, 13317525, 6, 65, 172, 186, 251, 45, 1, 0.97021, 1, 0.968473, 0.647078, 4, 0, 0, 0, 0, 0, 0
186, 201, 486, 13317525, 6, 65, 191, 45, 172, 10000000, 1, 0.440929, 0.431385, 0.539005, 0, 4, 0, 0, 0, 1, 1, 0
65, 201, 526, 13317525, 6, 10, 191, 45, 10000000, 10000000, 1, 0.723298, 0.215693, 0, 0, 4, 0, 0, 1, 1, 1, 1
10, 198, 669, 13317857, 7, 67, 191, 130, 248, 3, 1, 1, 0.431446, 0.645201, 0, 4, 0, 0, 1, 1, 1, 1
191, 201, 687, 13318188, 8, 107, 67, 10000000, 10000000, 10000000, 0.430025, 1, 0, 0, 0, 4, 0, 0, 1, 1, 1, 0
67, 201, 734, 13318188, 8, 107, 10000000, 10000000, 10000000, 10000000, 0.215012, 0, 0, 0, 0, 4, 1, 1, 1, 1, 1, 1
278, 201, 24, 14299999, 1, 98, 117, 212, 180, 240, 1, 1, 1, 0.756536, 0.646184, 185, 0, 0, 0, 0, 0, 0
212, 201, 53, 14300200, 2, 226, 240, 98, 117, 180, 0.827079, 0.969255, 1, 1, 1, 185, 0, 0, 0, 0, 0, 0
117, 201, 99, 14300200, 2, 267, 226, 13, 240, 98, 1, 0.794793, 0.782939, 1, 1, 185, 0, 0, 0, 0, 0, 0
180, 198, 100, 14300200, 2, 126, 226, 267, 23, 174, 1, 1, 1, 0.75286, 0.700885, 185, 0, 0, 0, 0, 0, 0
98, 201, 121, 14300200, 2, 13, 267, 226, 240, 126, 1, 0.958178, 0.689233, 1, 0.477749, 185, 0, 0, 0, 0, 0, 1
240, 198, 145, 14300200, 2, 23, 126, 174, 226, 267, 1, 1, 1, 1, 1, 185, 0, 0, 0, 0, 0, 0
240, 198, 145, 14300531, 3, 23, 126, 174, 226, 267, 1, 1, 1, 1, 1, 185, 0, 0, 0, 0, 0, 1
267, 201, 229, 14300531, 3, 23, 206, 126, 174, 259, 1, 1, 1, 1, 0.687606, 185, 0, 0, 0, 0, 1, 0
13, 198, 259, 14300531, 3, 254, 265, 186, 259, 23, 1, 0.968232, 0.862785, 1, 1, 185, 0, 1, 0, 0, 0, 1
126, 201, 301, 14300531, 3, 265, 23, 206, 259, 186, 0.794619, 1, 0.958806, 0.605204, 0.323544, 185, 0, 0, 0, 0, 0, 0
23, 201, 338, 14300863, 4, 186, 254, 259, 265, 65, 1, 0.95798, 1, 0.753043, 0.56602, 185, 0, 0, 0, 0, 0, 0
259, 198, 375, 14300863, 4, 65, 186, 254, 172, 251, 0.967976, 1, 1, 0.863917, 0.864116, 185, 0, 0, 0, 0, 0, 0
265, 201, 425, 14300863, 4, 65, 186, 172, 254, 251, 1, 1, 0.863917, 1, 0.864116, 185, 0, 0, 0, 0, 0, 0
254, 201, 456, 14300863, 4, 65, 186, 45, 172, 251, 1, 1, 0.539898, 0.647938, 0.756102, 185, 0, 0, 0, 0, 1, 1
186, 201, 499, 14301194, 5, 65, 191, 172, 45, 10, 1, 0.61508, 0.431943, 0.323927, 0, 185, 0, 0, 1, 0, 0, 0
65, 201, 539, 14301194, 5, 10, 191, 10000000, 10000000, 10000000, 1, 0.754391, 0, 0, 0, 185, 0, 0, 1, 1, 1, 1
191, 201, 701, 14301526, 6, 107, 10000000, 10000000, 10000000, 10000000, 0.323819, 0, 0, 0, 0, 185, 0, 1, 1, 1, 1, 1
267, 201, 229, 14312862, 4, 23, 206, 126, 174, 259, 1, 1, 1, 1, 0.686442, 185, 0, 0, 0, 0, 1, 0
226, 201, 253, 14312862, 4, 265, 23, 126, 174, 259, 1, 1, 1, 1, 0.645941, 185, 0, 0, 0, 0, 0, 0
174, 198, 296, 14312862, 4, 186, 65, 254, 265, 259, 1, 0.966729, 1, 1, 1, 185, 0, 0, 0, 0, 0, 0
126, 201, 301, 14312862, 4, 265, 23, 206, 259, 186, 0.793065, 1, 0.956921, 0.604302, 0.323115, 185, 0, 0, 0, 0, 0, 0
23, 201, 339, 14312863, 4, 186, 254, 259, 265, 65, 1, 0.956148, 1, 0.752072, 0.564741, 185, 0, 0, 0, 0, 0, 1
259, 198, 375, 14313194, 5, 65, 186, 254, 172, 251, 0.966694, 1, 1, 0.862768, 0.862967, 185, 0, 0, 0, 0, 0, 0
265, 201, 425, 14313194, 5, 65, 186, 172, 254, 251, 1, 1, 0.862768, 1, 0.862967, 185, 0, 0, 0, 0, 0, 0
254, 201, 456, 14313194, 5, 65, 186, 45, 172, 251, 1, 1, 0.539181, 0.647076, 0.755096, 185, 0, 0, 0, 0, 1, 0
186, 201, 499, 14313194, 5, 65, 191, 172, 45, 10, 1, 0.612818, 0.431384, 0.323508, 0, 185, 0, 0, 1, 0, 0, 1
65, 201, 539, 14313525, 6, 10, 191, 10000000, 10000000, 10000000, 1, 0.75339, 0, 0, 0, 185, 0, 0, 1, 1, 1, 1
10, 198, 654, 14313857, 7, 191, 67, 130, 248, 10000000, 1, 1, 0.322702, 0.53899, 0, 185, 0, 0, 1, 1, 1, 1
191, 201, 701, 14314188, 8, 107, 10000000, 10000000, 10000000, 10000000, 0.323377, 0, 0, 0, 0, 185, 0, 1, 1, 1, 1, 1
11, 1, 146, 15299999, 1, 168, 170, 64, 32, 10000000, 1, 0.956955, 1, 0.15925, 0, 94, 0, 0, 0, 0, 1, 0
64, -1, 250, 15300200, 2, 32, 170, 168, 43, 50, 1, 1, 1, 0.647706, 0.322798, 94, 0, 0, 0, 0, 0, 0
168, -1, 292, 15300200, 2, 32, 43, 170, 182, 50, 1, 0.755657, 1, 0.438159, 0.430397, 94, 0, 0, 0, 0, 0, 1
170, 1, 322, 15300531, 3, 50, 32, 56, 10000000, 10000000, 1, 1, 0.216022, 0, 0, 94, 0, 0, 0, 1, 1, 0
32, 1, 360, 15300531, 3, 182, 50, 43, 10000000, 10000000, 1, 1, 0.75731, 0, 0, 94, 0, 0, 0, 1, 1, 1
50, -1, 465, 15300532, 3, 283, 2, 43, 244, 245, 1, 0.888336, 1, 0.860915, 1, 94, 0, 0, 0, 0, 0, 0
182, -1, 489, 15300532, 3, 236, 283, 157, 244, 43, 0.537834, 1, 0.862125, 0.860915, 1, 94, 1, 0, 0, 0, 0, 0
50, -1, 465, 15300863, 4, 283, 2, 43, 244, 245, 1, 0.888205, 1, 0.860884, 1, 94, 0, 0, 0, 0, 0, 0
182, -1, 489, 15300863, 4, 236, 283, 157, 244, 43, 0.537815, 1, 0.862094, 0.860884, 1, 94, 1, 0, 0, 0, 0, 1
43, 1, 548, 15300863, 4, 219, 244, 283, 157, 28, 1, 0.961391, 1, 0.862094, 0.612798, 94, 0, 0, 0, 0, 0, 0
43, 1, 548, 15301194, 5, 219, 244, 283, 157, 28, 1, 0.961347, 1, 0.862063, 0.612736, 94, 0, 0, 0, 0, 0, 0
283, 1, 633, 15317525, 6, 252, 236, 128, 157, 28, 0.120604, 0.858964, 0.753399, 1, 1, 94, 1, 0, 0, 0, 0, 0
244, 1, 666, 15317525, 6, 34, 236, 128, 157, 28, 0.32274, 0.644223, 0.538142, 1, 1, 94, 0, 1, 0, 0, 0, 1
157, 1, 712, 15321856, 7, 236, 128, 34, 10000000, 10000000, 0.536603, 0.322735, 0.21506, 0, 0, 94, 1, 1, 0, 1, 1, 1
28, 1, 759, 15321857, 7, 299, 128, 236, 10000000, 10000000, 1, 0.215156, 0.429282, 0, 0, 94, 1, 1, 1, 1, 1, 0
123, 82, 201, 16299999, 1, 267, 56, 153, 215, 226, 0.861758, 1, 0.754398, 1, 0.648351, 175, 1, 0, 0, 0, 0, 0
215, 118, 201, 16300200, 2, 27, 71, 267, 153, 226, 1, 1, 0.969457, 0.754382, 0.756393, 175, 0, 0, 0, 0, 0, 0
56, 170, 198, 16300200, 2, 153, 71, 267, 13, 178, 0.959986, 1, 0.969457, 1, 0.885675, 175, 0, 0, 0, 0, 0, 1
13, 198, 231, 16304531, 3, 23, 259, 254, 126, 206, 1, 1, 0.86199, 1, 1, 175, 0, 0, 0, 0, 0, 0
267, 201, 252, 16304531, 3, 23, 126, 206, 226, 259, 1, 1, 1, 1, 0.646858, 175, 0, 0, 0, 0, 0, 1
71, 253, 201, 16304531, 3, 292, 280, 237, 116, 27, 1, 0.323636, 0.323318, 0.884119, 1, 175, 1, 1, 1, 0, 0, 0
178, 277, 201, 16304531, 3, 292, 280, 221, 268, 27, 1, 0.647273, 1, 1, 1, 175, 1, 1, 0, 0, 0, 0
153, 321, 198, 16304531, 3, 112, 221, 116, 49, 292, 1, 1, 1, 1, 1, 175, 0, 0, 0, 0, 1, 1
292, 420, 198, 16304863, 4, 88, 112, 221, 116, 268, 0.860997, 1, 1, 0.965269, 1, 175, 0, 0, 0, 0, 0, 0
49, 442, 201, 16304863, 4, 88, 266, 112, 216, 221, 1, 1, 1, 1, 1, 175, 0, 0, 0, 0, 0, 0
116, 468, 201, 16304863, 4, 88, 131, 266, 112, 216, 1, 0.972192, 1, 1, 1, 175, 0, 0, 0, 0, 0, 0
221, 479, 198, 16304863, 4, 88, 266, 112, 86, 216, 1, 0.95379, 1, 0.785695, 0.724046, 175, 0, 0, 0, 0, 0, 1
216, 520, 201, 16309194, 5, 88, 131, 194, 86, 102, 0.968171, 1, 0.942515, 0.967537, 0.860381, 175, 0, 0, 0, 0, 0, 0
112, 532, 198, 16309194, 5, 194, 86, 88, 266, 131, 1, 1, 1, 1, 0.273694, 175, 0, 0, 0, 0, 0, 0
266, 551, 201, 16309194, 5, 88, 209, 227, 47, 194, 1, 0.107663, 0.120787, 0.84436, 1, 175, 0, 1, 1, 0, 0, 0
88, 580, 198, 16309194, 5, 47, 249, 194, 131, 86, 1, 1, 1, 0.965926, 0.929952, 175, 0, 0, 0, 0, 0, 1
47, 598, 237, 16309525, 6, 187, 85, 21, 10000000, 10000000, 1, 0.274771, 0.431047, 0, 0, 175, 0, 0, 0, 1, 1, 1
86, 631, 201, 16309525, 6, 274, 227, 249, 194, 131, 0.647224, 0.538948, 1, 1, 1, 175, 1, 1, 0, 0, 0, 0
194, 689, 201, 16309526, 6, 227, 274, 120, 58, 10000000, 0.646737, 0.862965, 0.53993, 0.323054, 0, 175, 0, 1, 0, 0, 1, 0
249, 714, 201, 16309526, 6, 227, 58, 274, 120, 40, 0.862316, 0.538423, 0.970835, 0.647916, 0.215205, 175, 0, 0, 0, 0, 0, 1
131, 719, 198, 16309526, 6, 249, 194, 274, 227, 10000000, 0.964501, 1, 0.548204, 0.241565, 0, 175, 0, 0, 1, 1, 1, 0
187, 598, 280, 16309856, 7, 85, 220, 21, 124, 114, 0.846801, 0.215989, 0.481706, 0.215634, 0.215512, 175, 0, 1, 0, 0, 1, 1
85, 598, 441, 16310188, 8, 21, 287, 220, 124, 19, 1, 1, 1, 1, 0.481671, 175, 0, 0, 0, 0, 0, 1
124, 598, 475, 16310519, 9, 21, 287, 220, 185, 19, 1, 1, 1, 0.566393, 0.602065, 175, 0, 0, 0, 0, 0, 0
220, 598, 520, 16310519, 9, 19, 21, 4, 287, 213, 1, 1, 0.64757, 1, 0.481406, 175, 0, 0, 0, 0, 0, 0
287, 598, 554, 16310519, 9, 185, 19, 4, 213, 263, 0.952396, 1, 0.755498, 0.759696, 0.703991, 175, 0, 0, 0, 0, 0, 0
21, 601, 569, 16310519, 9, 185, 19, 213, 4, 10000000, 1, 1, 0.772488, 0, 0, 175, 0, 0, 0, 0, 1, 1
19, 598, 622, 16310520, 9, 4, 263, 109, 213, 296, 1, 1, 1, 1, 0.859878, 175, 0, 0, 0, 0, 1, 0
19, 598, 622, 16310851, 10, 4, 263, 109, 213, 296, 1, 1, 1, 1, 0.859848, 175, 0, 0, 0, 0, 1, 1
226, 201, 278, 16312862, 4, 265, 23, 126, 259, 206, 1, 1, 1, 0.646278, 0.646328, 175, 0, 0, 0, 0, 0, 0
206, 198, 313, 16312862, 4, 254, 265, 65, 186, 23, 1, 1, 0.862129, 0.859855, 0.968569, 175, 0, 0, 0, 0, 0, 0
126, 201, 329, 16312862, 4, 186, 23, 265, 254, 259, 0.697821, 1, 0.722486, 0.604925, 0.753991, 175, 0, 0, 0, 0, 0, 0
259, 198, 359, 16312862, 4, 186, 254, 265, 65, 172, 1, 1, 1, 0.754362, 0.646626, 175, 0, 0, 0, 0, 0, 0
23, 201, 365, 16312862, 4, 186, 254, 265, 65, 10000000, 0.952672, 0.966746, 0.967308, 0.410275, 0, 175, 0, 0, 0, 0, 1, 1
265, 201, 441, 16313194, 5, 45, 65, 186, 254, 172, 0.322729, 1, 1, 1, 0.646602, 175, 0, 0, 0, 0, 0, 0
254, 201, 483, 16313194, 5, 10, 65, 186, 45, 251, 1, 1, 1, 0.322729, 0.538854, 175, 0, 0, 0, 0, 1, 1
213, 598, 707, 16315182, 11, 294, 4, 296, 263, 109, 0.861487, 1, 1, 1, 0.820849, 175, 1, 0, 1, 0, 0, 0
263, 598, 753, 16315182, 11, 217, 175, 4, 296, 6, 0.752229, 0.538995, 1, 1, 0.430624, 175, 0, 0, 0, 1, 0, 1
4, 601, 770, 16315182, 11, 10000000, 10000000, 10000000, 10000000, 10000000, 0, 0, 0, 0, 0, 175, 1, 1, 1, 1, 1, 0
186, 201, 527, 16317525, 6, 10, 65, 191, 172, 10000000, 1, 1, 0.569482, 0.215434, 0, 175, 0, 0, 0, 1, 1, 1
65, 201, 567, 16317525, 6, 10, 191, 10000000, 10000000, 10000000, 1, 0.644912, 0, 0, 0, 175, 0, 0, 1, 1, 1, 0
10, 198, 624, 16317525, 6, 67, 279, 191, 223, 173, 1, 1, 1, 0.862649, 0.645426, 175, 0, 0, 0, 0, 0, 1
191, 201, 728, 16317857, 7, 67, 279, 10000000, 10000000, 10000000, 1, 1, 0, 0, 0, 175, 0, 0, 1, 1, 1, 0
67, 201, 777, 16317857, 7, 10000000, 10000000, 10000000, 10000000, 10000000, 0, 0, 0, 0, 0, 175, 1, 1, 1, 1, 1, 0
4, 601, 770, 16319513, 12, 10000000, 10000000, 10000000, 10000000, 10000000, 0, 0, 0, 0, 0, 175, 1, 1, 1, 1, 1, 0
296, 598, 778, 16319513, 12, 217, 175, 6, 4, 10000000, 0.966702, 0.754241, 0.538029, 0.970413, 0, 175, 0, 0, 0, 0, 1, 1
65, 201, 567, 16325856, 7, 10, 191, 10000000, 10000000, 10000000, 1, 0.644335, 0, 0, 0, 175, 0, 0, 1, 1, 1, 0
10, 198, 624, 16325856, 7, 67, 279, 191, 223, 173, 1, 1, 1, 0.861874, 0.644848, 175, 0, 0, 0, 0, 0, 1
191, 201, 728, 16325857, 7, 67, 279, 10000000, 10000000, 10000000, 1, 1, 0, 0, 0, 175, 0, 0, 1, 1, 1, 1
4, 601, 771, 16331844, 13, 10000000, 10000000, 10000000, 10000000, 10000000, 0, 0, 0, 0, 0, 175, 1, 1, 1, 1, 1, 0
207, 98, 198, 17299999, 1, 56, 178, 197, 215, 71, 1, 0.77499, 1, 1, 0.442046, 213, 0, 0, 0, 0, 0, 0
215, 104, 201, 17300200, 2, 71, 56, 267, 226, 153, 1, 1, 0.863755, 0.726078, 0.648508, 213, 0, 0, 0, 0, 0, 0
197, 128, 198, 17300200, 2, 178, 71, 56, 153, 267, 1, 1, 1, 0.540423, 0.319012, 213, 0, 0, 0, 0, 1, 0
56, 182, 198, 17300200, 2, 264, 153, 267, 174, 218, 1, 0.964812, 1, 1, 0.871522, 213, 0, 0, 0, 0, 0, 1
71, 242, 201, 17300200, 2, 27, 292, 264, 153, 237, 1, 1, 1, 1, 0.216206, 213, 1, 1, 0, 0, 1, 0
178, 265, 201, 17300200, 2, 27, 280, 221, 268, 292, 1, 0.538227, 1, 0.972801, 0.969884, 213, 1, 1, 0, 0, 1, 0
174, 198, 254, 17300531, 3, 23, 254, 265, 259, 126, 1, 0.863665, 0.860925, 1, 1, 213, 0, 0, 0, 0, 0, 0
267, 201, 265, 17300531, 3, 23, 126, 206, 226, 259, 1, 1, 1, 1, 0.645902, 213, 0, 0, 0, 0, 0, 1
264, 344, 201, 17300531, 3, 27, 88, 112, 221, 116, 0.845943, 0.538772, 1, 0.971258, 1, 213, 1, 0, 0, 0, 0, 1
27, 382, 198, 17300862, 4, 111, 216, 221, 116, 268, 1, 1, 0.971223, 1, 1, 213, 0, 0, 0, 0, 0, 1
116, 455, 201, 17300863, 4, 86, 88, 266, 112, 216, 1, 1, 1, 1, 1, 213, 0, 1, 0, 0, 0, 0
221, 492, 198, 17300863, 4, 88, 86, 266, 112, 216, 1, 0.44077, 0.960655, 1, 0.754086, 213, 1, 0, 0, 0, 0, 0
112, 546, 198, 17300863, 4, 47, 86, 88, 266, 10000000, 1, 1, 1, 1, 0, 213, 0, 0, 1, 0, 1, 1
111, 398, 246, 17301194, 5, 255, 41, 256, 201, 198, 0.971857, 1, 1, 1, 0.754931, 213, 0, 0, 0, 0, 0, 1
116, 455, 201, 17301194, 5, 86, 88, 266, 112, 216, 1, 1, 1, 1, 1, 213, 0, 1, 0, 0, 0, 0
268, 462, 198, 17301194, 5, 88, 266, 112, 221, 41, 0.969721, 1, 1, 1, 0.43219, 213, 1, 0, 0, 0, 0, 0
221, 492, 198, 17301194, 5, 88, 86, 266, 112, 216, 1, 0.440705, 0.960612, 1, 0.754059, 213, 1, 0, 0, 0, 0, 0
201, 398, 294, 17301525, 6, 255, 41, 104, 198, 256, 1, 1, 0.754735, 0.754904, 1, 213, 0, 0, 0, 0, 0, 0
256, 398, 328, 17301525, 6, 104, 198, 255, 41, 160, 1, 1, 1, 1, 0.430053, 213, 0, 0, 0, 0, 0, 1
226, 201, 291, 17308862, 4, 265, 23, 126, 259, 206, 1, 1, 1, 0.645323, 1, 213, 0, 0, 0, 0, 0, 0
206, 198, 300, 17308862, 4, 254, 265, 23, 186, 259, 0.97075, 1, 1, 0.752657, 1, 213, 0, 0, 0, 0, 0, 0
126, 201, 344, 17308862, 4, 23, 265, 254, 186, 259, 1, 0.752635, 0.697319, 0.566562, 1, 213, 0, 0, 0, 0, 0, 0
259, 198, 349, 17308862, 4, 186, 254, 265, 65, 23, 1, 1, 1, 0.647617, 1, 213, 0, 0, 0, 0, 0, 0
23, 201, 377, 17308862, 4, 254, 265, 186, 65, 10000000, 0.97075, 1, 0.822585, 0.361091, 0, 213, 0, 0, 0, 0, 1, 1
265, 201, 452, 17309194, 5, 65, 186, 10, 254, 172, 1, 1, 0, 1, 0.538572, 213, 0, 0, 1, 0, 0, 0
254, 201, 496, 17309194, 5, 10, 65, 186, 45, 251, 1, 1, 1, 0.215314, 0.431005, 213, 1, 0, 0, 0, 1, 1
266, 539, 201, 17309194, 5, 86, 47, 187, 10000000, 10000000, 1, 0.861113, 0.429932, 0, 0, 213, 0, 0, 0, 1, 1, 0
88, 588, 198, 17309194, 5, 187, 47, 86, 10000000, 10000000, 1, 1, 0.943165, 0, 0, 213, 0, 0, 0, 1, 1, 0
47, 598, 223, 17309194, 5, 187, 21, 85, 10000000, 10000000, 1, 0.362815, 0.241591, 0, 0, 213, 0, 0, 0, 1, 1, 1
86, 619, 201, 17309194, 5, 227, 120, 10000000, 10000000, 10000000, 0.43108, 0.215924, 0, 0, 0, 213, 1, 0, 1, 1, 1, 1
186, 201, 541, 17309525, 6, 10, 65, 191, 10000000, 10000000, 1, 1, 0.638984, 0, 0, 213, 1, 0, 0, 1, 1, 0
65, 201, 581, 17309525, 6, 10, 191, 10000000, 10000000, 10000000, 1, 0.605065, 0, 0, 0, 213, 1, 0, 1, 1, 1, 0
10, 198, 610, 17309525, 6, 191, 67, 248, 20, 10000000, 1, 1, 0.215477, 0, 0, 213, 0, 1, 1, 0, 1, 1
187, 598, 267, 17309525, 6, 85, 21, 124, 10000000, 10000000, 0.863365, 0.429946, 0.241101, 0, 0, 213, 0, 0, 0, 1, 1, 1
41, 401, 377, 17309856, 7, 104, 255, 198, 10000000, 10000000, 1, 1, 0.68443, 0, 0, 213, 0, 0, 0, 1, 1, 0
20, 226, 601, 17309856, 7, 107, 16, 156, 96, 148, 1, 0.547409, 0.430541, 0.323853, 0.215975, 213, 0, 0, 0, 0, 0, 1
255, 401, 484, 17309856, 7, 108, 104, 198, 10000000, 10000000, 1, 1, 1, 0, 0, 213, 0, 0, 0, 1, 1, 0
198, 401, 516, 17309857, 7, 108, 104, 148, 10000000, 10000000, 1, 1, 0.610516, 0, 0, 213, 0, 0, 0, 1, 1, 1
191, 201, 742, 17309857, 7, 10000000, 10000000, 10000000, 10000000, 10000000, 0, 0, 0, 0, 0, 213, 1, 1, 1, 1, 1, 0
104, 401, 549, 17314188, 8, 148, 108, 10000000, 10000000, 10000000, 0.95275, 1, 0, 0, 0, 213, 0, 0, 1, 1, 1, 0
108, 398, 634, 17314188, 8, 148, 79, 10000000, 10000000, 10000000, 1, 1, 0, 0, 0, 213, 0, 0, 1, 1, 1, 1
148, 401, 724, 17314519, 9, 10000000, 10000000, 10000000, 10000000, 10000000, 0, 0, 0, 0, 0, 213, 1, 1, 1, 1, 1, 0
79, 401, 774, 17314519, 9, 148, 10000000, 10000000, 10000000, 10000000, 1, 0, 0, 0, 0, 213, 0, 1, 1, 1, 1, 1
148, 401, 724, 17318851, 10, 10000000, 10000000, 10000000, 10000000, 10000000, 0, 0, 0, 0, 0, 213, 1, 1, 1, 1, 1, 0
107, 367, 598, 17322188, 8, 167, 108, 156, 16, 96, 0.872362, 1, 0.700162, 0.925653, 0.215615, 213, 0, 0, 0, 1, 0, 1
108, 398, 634, 17322519, 9, 148, 79, 10000000, 10000000, 10000000, 1, 1, 0, 0, 0, 213, 0, 0, 1, 1, 1, 0
16, 416, 601, 17322519, 9, 156, 96, 167, 287, 250, 1, 0.970232, 1, 0.430524, 0.860817, 213, 0, 0, 0, 1, 0, 0
167, 471, 601, 17322519, 9, 96, 156, 137, 90, 250, 1, 1, 1, 0.754749, 0.968419, 213, 0, 0, 0, 0, 0, 1
156, 551, 598, 17322519, 9, 19, 90, 96, 10000000, 10000000, 1, 1, 1, 0, 0, 213, 1, 0, 0, 1, 1, 0
156, 551, 598, 17322850, 10, 19, 90, 96, 10000000, 10000000, 1, 1, 1, 0, 0, 213, 1, 0, 0, 1, 1, 0
96, 577, 598, 17322850, 10, 19, 90, 10000000, 10000000, 10000000, 1, 0.941178, 0, 0, 0, 213, 1, 0, 1, 1, 1, 1
19, 598, 611, 17323182, 11, 213, 263, 185, 4, 296, 1, 1, 1, 1, 0.753675, 213, 0, 0, 0, 0, 1, 1
90, 619, 601, 17323182, 11, 19, 10000000, 10000000, 10000000, 10000000, 1, 0, 0, 0, 0, 213, 1, 1, 1, 1, 1, 0
185, 598, 672, 17323513, 12, 213, 263, 10000000, 10000000, 10000000, 1, 1, 0, 0, 0, 213, 0, 0, 1, 1, 1, 0
263, 598, 741, 17323513, 12, 213, 10000000, 10000000, 10000000, 10000000, 1, 0, 0, 0, 0, 213, 0, 1, 1, 1, 1, 0
296, 598, 771, 17323513, 12, 213, 263, 185, 10000000, 10000000, 1, 1, 1, 0, 0, 213, 0, 0, 0, 1, 1, 0
148, 401, 724, 17326850, 10, 10000000, 10000000, 10000000, 10000000, 10000000, 0, 0, 0, 0, 0, 213, 1, 1, 1, 1, 1, 0
79, 401, 774, 17326850, 10, 148, 10000000, 10000000, 10000000, 10000000, 1, 0, 0, 0, 0, 213, 0, 1, 1, 1, 1, 0
148, 401, 724, 17331182, 11, 10000000, 10000000, 10000000, 10000000, 10000000, 0, 0, 0, 0, 0, 213, 1, 1, 1, 1, 1, 0
164, 350, -1, 18299999, 1, 253, 100, 7, 61, 181, 1, 1, 1, 0.758903, 0.438223, 272, 0, 1, 0, 1, 0, 0
7, 379, -1, 18300200, 2, 275, 253, 132, 181, 100, 1, 1, 1, 1, 1, 272, 0, 0, 0, 0, 1, 0
100, 398, 11, 18300200, 2, 48, 152, 280, 231, 237, 0.972432, 0.967788, 1, 0.970464, 1, 272, 0, 0, 0, 0, 0, 0
61, 413, 1, 18300200, 2, 5, 46, 150, 253, 181, 0.972581, 0.761429, 1, 1, 1, 272, 0, 0, 0, 0, 0, 0
253, 493, 1, 18300200, 2, 46, 5, 12, 150, 188, 1, 0.972581, 1, 1, 0.727256, 272, 1, 1, 1, 0, 0, 1
150, 558, -1, 18300531, 3, 46, 5, 12, 202, 188, 1, 1, 1, 0.921356, 0.882975, 272, 1, 1, 1, 0, 0, 0
5, 588, -1, 18300531, 3, 149, 293, 188, 12, 202, 1, 0.881164, 1, 1, 0.760974, 272, 0, 0, 0, 1, 0, 1
188, 653, 1, 18300532, 3, 298, 105, 293, 286, 269, 1, 1, 1, 0.970069, 1, 272, 1, 0, 0, 0, 0, 0
12, 598, 12, 18304862, 4, 91, 149, 47, 10000000, 10000000, 0.970176, 1, 0.241325, 0, 0, 272, 0, 0, 0, 1, 1, 0
188, 653, 1, 18304863, 4, 298, 105, 293, 286, 269, 1, 1, 1, 0.969616, 1, 272, 1, 0, 0, 0, 0, 1
202, 691, 1, 18304863, 4, 105, 298, 286, 293, 269, 1, 1, 0.969616, 1, 1, 272, 0, 1, 0, 0, 0, 0
149, 601, 156, 18304863, 4, 47, 88, 91, 187, 10000000, 1, 1, 1, 0.614067, 0, 272, 1, 1, 1, 0, 1, 1
91, 601, 188, 18305194, 5, 187, 47, 86, 88, 10000000, 1, 0.950508, 1, 1, 0, 272, 0, 1, 1, 1, 1, 0
88, 592, 198, 18305194, 5, 187, 131, 249, 194, 47, 1, 1, 1, 1, 1, 272, 0, 0, 0, 0, 1, 0
47, 598, 213, 18305194, 5, 187, 21, 85, 10000000, 10000000, 1, 0.32381, 0.215646, 0, 0, 272, 0, 0, 0, 1, 1, 1
187, 598, 253, 18305194, 5, 85, 21, 124, 10000000, 10000000, 0.966002, 0.32381, 0.215263, 0, 0, 272, 1, 0, 0, 1, 1, 0
187, 598, 253, 18305525, 6, 85, 21, 124, 10000000, 10000000, 0.965963, 0.323799, 0.215255, 0, 0, 272, 1, 0, 0, 1, 1, 1
85, 598, 417, 18305857, 7, 21, 287, 220, 124, 19, 1, 1, 1, 1, 0.56794, 272, 1, 0, 0, 0, 0, 1
124, 598, 449, 18306188, 8, 21, 287, 220, 185, 19, 1, 1, 1, 0.411391, 0.430662, 272, 0, 0, 0, 0, 0, 0
220, 598, 497, 18306188, 8, 213, 19, 21, 287, 250, 1, 1, 1, 1, 0.323534, 272, 0, 1, 1, 0, 1, 1
269, 734, 1, 18313194, 5, 105, 298, 75, 73, 286, 1, 1, 1, 1, 1, 272, 0, 1, 1, 0, 0, 0
293, 765, 1, 18313194, 5, 298, 75, 190, 73, 171, 1, 1, 0.944865, 1, 0.963596, 272, 1, 1, 0, 0, 0, 0
105, 780, -1, 18313194, 5, 190, 75, 73, 171, 286, 1, 1, 1, 0.937784, 1, 272, 0, 1, 0, 0, 0, 0
298, 784, 1, 18313194, 5, 190, 209, 75, 73, 171, 1, 0.844988, 1, 1, 1, 272, 0, 0, 1, 0, 0, 1
75, 798, 15, 18313525, 6, 274, 209, 190, 227, 120, 0.860164, 1, 1, 0.645016, 0.322951, 272, 0, 0, 0, 0, 0, 0
190, 798, 50, 18313525, 6, 274, 209, 227, 40, 270, 0.967684, 1, 0.537513, 0.547894, 0.430674, 272, 0, 0, 0, 0, 1, 1
73, 842, 1, 18313525, 6, 155, 10000000, 10000000, 10000000, 10000000, 0.21509, 0, 0, 0, 0, 272, 0, 1, 1, 1, 1, 1
171, 863, 1, 18313525, 6, 155, 14, 10000000, 10000000, 10000000, 0.322635, 0, 0, 0, 0, 272, 0, 0, 1, 1, 1, 0
209, 798, 90, 18313525, 6, 227, 274, 295, 40, 270, 0.967524, 1, 0.751754, 0.646644, 0.538343, 272, 0, 0, 1, 0, 1, 0
209, 798, 90, 18313856, 7, 227, 274, 295, 40, 270, 0.96749, 1, 0.751727, 0.646621, 0.538324, 272, 0, 0, 1, 0, 1, 0
287, 598, 529, 18314519, 9, 185, 19, 21, 213, 263, 0.963403, 1, 1, 0.825393, 0.638425, 272, 0, 1, 1, 0, 0, 0
19, 598, 605, 18314519, 9, 84, 122, 273, 250, 228, 1, 1, 1, 1, 1, 272, 1, 0, 0, 0, 0, 1
40, 798, 224, 18318188, 8, 87, 58, 120, 227, 274, 1, 1, 1, 1, 1, 272, 0, 1, 0, 0, 0, 1
228, 692, 601, 18318851, 10, 84, 183, 70, 238, 273, 1, 1, 0.841985, 0.7516, 1, 272, 1, 0, 0, 0, 0, 0
250, 706, 598, 18318851, 10, 183, 70, 84, 122, 273, 1, 1, 1, 1, 1, 272, 0, 1, 1, 0, 0, 0
122, 741, 598, 18318851, 10, 37, 183, 70, 233, 84, 1, 1, 1, 1, 1, 272, 0, 0, 1, 0, 1, 0
84, 784, 598, 18318851, 10, 165, 37, 183, 70, 233, 1, 1, 1, 0.955447, 1, 272, 0, 0, 0, 1, 0, 1
37, 798, 625, 18319182, 11, 94, 125, 238, 165, 225, 1, 1, 1, 1, 0.429866, 272, 1, 0, 0, 0, 0, 0
70, 817, 601, 18319182, 11, 183, 10000000, 10000000, 10000000, 10000000, 1, 0, 0, 0, 0, 272, 0, 1, 1, 1, 1, 0
183, 842, 601, 18319182, 11, 139, 10000000, 10000000, 10000000, 10000000, 0.322637, 0, 0, 0, 0, 272, 0, 1, 1, 1, 1, 1
165, 798, 664, 18319182, 11, 94, 125, 238, 74, 225, 1, 1, 1, 0.537166, 0.752265, 272, 1, 0, 0, 0, 0, 1
233, 893, 601, 18319182, 11, 139, 70, 183, 232, 54, 0.430183, 1, 1, 0.64583, 0.323574, 272, 0, 1, 0, 0, 0, 0
238, 801, 704, 18319513, 12, 94, 74, 125, 10000000, 10000000, 1, 1, 1, 0, 0, 272, 0, 1, 0, 1, 1, 0
125, 801, 746, 18319513, 12, 94, 74, 10000000, 10000000, 10000000, 1, 0.916536, 0, 0, 0, 272, 1, 1, 1, 1, 1, 1
94, 801, 786, 18319514, 12, 10000000, 10000000, 10000000, 10000000, 10000000, 0, 0, 0, 0, 0, 272, 1, 1, 1, 1, 1, 0
74, 798, 813, 18319514, 12, 94, 10000000, 10000000, 10000000, 10000000, 1, 0, 0, 0, 0, 272, 1, 1, 1, 1, 1, 0
94, 801, 786, 18323845, 13, 10000000, 10000000, 10000000, 10000000, 10000000, 0, 0, 0, 0, 0, 272, 1, 1, 1, 1, 1, 0
74, 798, 813, 18323845, 13, 94, 10000000, 10000000, 10000000, 10000000, 1, 0, 0, 0, 0, 272, 1, 1, 1, 1, 1, 1
94, 801, 786, 18328176, 14, 10000000, 10000000, 10000000, 10000000, 10000000, 0, 0, 0, 0, 0, 272, 1, 1, 1, 1, 1, 0
274, 801, 268, 18330519, 9, 87, 58, 120, 227, 10000000, 1, 1, 1, 1, 0, 272, 1, 1, 0, 0, 1, 1
227, 801, 314, 18330519, 9, 140, 87, 58, 120, 10000000, 1, 1, 1, 1, 0, 272, 0, 1, 1, 0, 1, 0
120, 801, 363, 18330519, 9, 58, 87, 140, 10000000, 10000000, 1, 0.940555, 0.752995, 0, 0, 272, 1, 1, 0, 1, 1, 0
87, 798, 416, 18330519, 9, 140, 37, 165, 273, 238, 1, 0.467174, 0.316514, 0.321672, 0.643422, 272, 0, 0, 0, 1, 0, 1
140, 798, 465, 18330850, 10, 165, 37, 238, 273, 125, 1, 0.751493, 0.643399, 0.42888, 0.644734, 272, 0, 0, 0, 1, 0, 1
37, 798, 624, 18331182, 11, 94, 125, 238, 165, 225, 1, 1, 1, 1, 0.429312, 272, 1, 0, 0, 0, 0, 1
165, 798, 664, 18335513, 12, 94, 125, 238, 74, 225, 1, 1, 1, 0.536226, 0.750947, 272, 1, 0, 0, 0, 0, 0
238, 801, 704, 18335513, 12, 94, 74, 125, 10000000, 10000000, 1, 1, 1, 0, 0, 272, 0, 1, 0, 1, 1, 0
125, 801, 747, 18335513, 12, 94, 74, 10000000, 10000000, 10000000, 1, 0.912078, 0, 0, 0, 272, 1, 1, 1, 1, 1, 1
94, 801, 786, 18339845, 13, 10000000, 10000000, 10000000, 10000000, 10000000, 0, 0, 0, 0, 0, 272, 1, 1, 1, 1, 1, 0
74, 798, 813, 18339845, 13, 94, 10000000, 10000000, 10000000, 10000000, 1, 0, 0, 0, 0, 272, 1, 1, 1, 1, 1, 1
94, 801, 786, 18344176, 14, 10000000, 10000000, 10000000, 10000000, 10000000, 0, 0, 0, 0, 0, 272, 1, 1, 1, 1, 1, 0
227, 801, 314, 18346850, 10, 140, 87, 58, 120, 10000000, 1, 1, 1, 1, 0, 272, 0, 1, 1, 0, 1, 0
120, 801, 363, 18346850, 10, 58, 87, 140, 10000000, 10000000, 1, 0.937674, 0.743848, 0, 0, 272, 1, 1, 0, 1, 1, 0
87, 798, 416, 18346850, 10, 140, 37, 165, 273, 238, 1, 0.465398, 0.315699, 0.321109, 0.642297, 272, 0, 0, 0, 1, 0, 1
140, 798, 464, 18347181, 11, 165, 37, 238, 273, 125, 1, 0.750177, 0.642275, 0.428131, 0.643604, 272, 0, 0, 0, 1, 0, 1
37, 798, 624, 18347513, 12, 94, 125, 238, 165, 225, 1, 1, 1, 1, 0.428561, 272, 1, 0, 0, 0, 0, 1
165, 798, 664, 18351844, 13, 94, 125, 238, 74, 225, 1, 1, 1, 0.535288, 0.749634, 272, 1, 0, 0, 0, 0, 0
238, 801, 705, 18351844, 13, 94, 74, 125, 10000000, 10000000, 1, 1, 1, 0, 0, 272, 0, 1, 0, 1, 1, 0
125, 801, 747, 18351844, 13, 94, 74, 10000000, 10000000, 10000000, 1, 0.907571, 0, 0, 0, 272, 1, 1, 1, 1, 1, 1
94, 801, 786, 18356176, 14, 10000000, 10000000, 10000000, 10000000, 10000000, 0, 0, 0, 0, 0, 272, 1, 1, 1, 1, 1, 0
74, 798, 813, 18356176, 14, 94, 10000000, 10000000, 10000000, 10000000, 1, 0, 0, 0, 0, 272, 1, 1, 1, 1, 1, 1
94, 801, 786, 18360507, 15, 10000000, 10000000, 10000000, 10000000, 10000000, 0, 0, 0, 0, 0, 272, 1, 1, 1, 1, 1, 0
241, 126, -1, 19299999, 1, 143, 60, 285, 62, 8, 1, 1, 0.825336, 0.935575, 1, 165, 0, 1, 0, 1, 0, 0
8, 180, -1, 19300200, 2, 243, 278, 285, 143, 180, 0.97244, 1, 1, 1, 1, 165, 0, 0, 0, 0, 0, 0
62, 196, 1, 19300200, 2, 7, 56, 117, 164, 212, 0.972663, 1, 1, 1, 1, 165, 0, 1, 0, 0, 0, 0
60, 198, 7, 19300200, 2, 56, 98, 117, 164, 212, 1, 1, 1, 1, 1, 165, 1, 0, 0, 0, 0, 0
143, 240, 1, 19300200, 2, 7, 100, 61, 164, 243, 1, 1, 0.861123, 1, 1, 165, 1, 1, 1, 0, 0, 1
285, 283, -1, 19300200, 2, 253, 100, 61, 7, 164, 1, 1, 1, 1, 1, 165, 0, 1, 1, 1, 0, 0
243, 319, -1, 19300531, 3, 253, 181, 100, 7, 61, 1, 1, 1, 1, 0.930967, 165, 0, 0, 1, 1, 1, 0
164, 362, -1, 19300531, 3, 253, 132, 100, 7, 61, 1, 1, 1, 1, 0.797283, 165, 0, 0, 1, 1, 1, 0
100, 398, 8, 19300531, 3, 231, 48, 280, 152, 275, 1, 0.862546, 1, 0.862769, 1, 165, 0, 0, 0, 0, 0, 1
61, 405, 2, 19300531, 3, 231, 5, 280, 150, 275, 1, 0.863812, 1, 1, 1, 165, 0, 0, 0, 0, 0, 0
275, 401, 80, 19304863, 4, 201, 27, 48, 152, 231, 1, 1, 0.969911, 1, 1, 165, 0, 1, 1, 0, 0, 0
280, 398, 104, 19304863, 4, 111, 48, 27, 152, 292, 1, 1, 1, 1, 0.756004, 165, 0, 1, 1, 0, 1, 0
231, 401, 130, 19304863, 4, 201, 48, 111, 27, 152, 1, 1, 0.912819, 1, 1, 165, 0, 1, 0, 1, 0, 1
152, 401, 170, 19304863, 4, 256, 201, 111, 49, 48, 1, 1, 1, 1, 1, 165, 0, 0, 0, 1, 1, 0
48, 401, 190, 19304863, 4, 91, 266, 221, 216, 268, 1, 1, 1, 1, 1, 165, 1, 0, 0, 0, 0, 0
152, 401, 170, 19305194, 5, 256, 201, 111, 49, 48, 1, 1, 1, 1, 1, 165, 0, 0, 0, 1, 1, 0
48, 401, 190, 19305194, 5, 91, 266, 221, 216, 268, 1, 1, 1, 1, 1, 165, 1, 0, 0, 0, 0, 0
27, 391, 198, 19305194, 5, 256, 221, 216, 268, 112, 1, 0.970987, 1, 1, 0.862417, 165, 0, 0, 0, 0, 0, 0
111, 398, 222, 19305194, 5, 45, 41, 256, 201, 255, 1, 1, 1, 1, 0.753192, 165, 1, 1, 0, 0, 0, 0
201, 398, 268, 19305194, 5, 45, 41, 255, 256, 198, 1, 1, 0.860791, 1, 0.537595, 165, 1, 1, 0, 0, 0, 1
256, 398, 301, 19305525, 6, 41, 255, 198, 104, 160, 1, 0.968356, 0.860121, 0.863583, 0.215863, 165, 1, 0, 0, 0, 0, 0
45, 391, 398, 19305526, 6, 198, 138, 16, 53, 41, 1, 0.944325, 0, 0.963794, 1, 165, 0, 0, 1, 1, 1, 1
41, 401, 403, 19305526, 6, 160, 104, 255, 198, 53, 1, 0.95784, 1, 0.645091, 1, 165, 0, 0, 0, 0, 1, 0
41, 401, 403, 19305857, 7, 160, 104, 255, 198, 53, 1, 0.95779, 1, 0.645068, 1, 165, 0, 0, 0, 0, 1, 0
53, 411, 401, 19305857, 7, 85, 24, 160, 81, 138, 1, 1, 1, 0.880267, 1, 165, 1, 1, 0, 0, 0, 0
138, 435, 401, 19305857, 7, 24, 160, 81, 114, 35, 1, 1, 0.64534, 0.431514, 0.322462, 165, 1, 0, 0, 0, 0, 1
198, 401, 542, 19305857, 7, 108, 16, 104, 148, 10000000, 1, 1, 1, 0.569053, 0, 165, 1, 1, 0, 0, 1, 1
104, 401, 573, 19306188, 8, 108, 16, 10000000, 10000000, 10000000, 1, 1, 0, 0, 0, 165, 1, 1, 1, 1, 1, 0
16, 406, 600, 19306188, 8, 156, 96, 167, 250, 122, 0.968604, 0.754154, 1, 0.646466, 0.430188, 165, 0, 0, 0, 0, 0, 0
108, 398, 608, 19306188, 8, 167, 16, 10000000, 10000000, 10000000, 1, 1, 0, 0, 0, 165, 0, 1, 1, 1, 1, 1
16, 406, 600, 19306519, 9, 156, 96, 167, 250, 122, 0.968569, 0.754128, 1, 0.646443, 0.430173, 165, 0, 0, 0, 0, 0, 0
167, 448, 601, 19306520, 9, 21, 137, 96, 156, 90, 1, 0.917761, 1, 1, 0.604038, 165, 1, 0, 1, 0, 0, 1
90, 608, 601, 19306851, 10, 84, 122, 250, 273, 228, 1, 1, 1, 0.969435, 1, 165, 1, 0, 0, 0, 0, 0
160, 548, 398, 19310188, 8, 211, 85, 118, 81, 24, 1, 1, 0.908568, 0.94629, 1, 165, 0, 1, 0, 1, 1, 0
24, 591, 398, 19310188, 8, 287, 220, 211, 124, 118, 1, 1, 1, 1, 1, 165, 0, 0, 0, 0, 0, 1
124, 598, 436, 19310519, 9, 90, 21, 287, 220, 19, 1, 0.970965, 1, 1, 0.54913, 165, 1, 0, 0, 0, 1, 0
118, 638, 401, 19310520, 9, 87, 35, 114, 260, 58, 1, 1, 1, 1, 0.7871, 165, 1, 1, 0, 0, 1, 0
211, 698, 401, 19310520, 9, 87, 76, 35, 114, 260, 1, 1, 1, 1, 1, 165, 1, 0, 1, 0, 0, 0
287, 598, 516, 19310520, 9, 96, 19, 21, 90, 185, 1, 1, 1, 1, 0.967752, 165, 1, 1, 1, 1, 0, 1
21, 601, 592, 19310851, 10, 122, 273, 250, 228, 137, 1, 1, 1, 1, 1, 165, 0, 0, 0, 0, 0, 0
96, 592, 598, 19310851, 10, 273, 250, 122, 228, 137, 1, 1, 0.752451, 0.784841, 0.754388, 165, 0, 0, 0, 0, 0, 1
19, 600, 601, 19310851, 10, 84, 273, 250, 228, 137, 1, 1, 1, 1, 1, 165, 1, 0, 0, 0, 0, 0
90, 608, 601, 19310851, 10, 84, 122, 250, 273, 228, 1, 1, 1, 0.969017, 1, 165, 1, 0, 0, 0, 0, 0
137, 655, 601, 19311182, 11, 84, 122, 273, 250, 183, 1, 1, 1, 1, 0.797061, 165, 1, 0, 0, 0, 0, 0
228, 679, 601, 19311182, 11, 84, 183, 122, 70, 273, 1, 0.966889, 1, 0.859659, 1, 165, 1, 0, 0, 1, 0, 0
273, 718, 601, 19311182, 11, 84, 70, 183, 122, 238, 1, 0.966158, 0.964795, 1, 0.647636, 165, 1, 1, 0, 0, 0, 1
250, 719, 598, 19311182, 11, 37, 70, 84, 183, 122, 1, 1, 1, 1, 1, 165, 1, 1, 1, 0, 0, 0
122, 753, 598, 19311183, 11, 37, 70, 84, 183, 10000000, 1, 1, 1, 1, 0, 165, 1, 1, 1, 0, 1, 0
122, 753, 598, 19311514, 12, 37, 70, 84, 183, 10000000, 1, 1, 1, 1, 0, 165, 1, 1, 1, 0, 1, 0
84, 791, 598, 19311514, 12, 165, 37, 70, 10000000, 10000000, 1, 1, 0.962538, 0, 0, 165, 0, 1, 1, 1, 1, 1
70, 810, 601, 19311514, 12, 165, 37, 10000000, 10000000, 10000000, 1, 1, 0, 0, 0, 165, 0, 1, 1, 1, 1, 0
183, 830, 601, 19311514, 12, 70, 84, 10000000, 10000000, 10000000, 1, 1, 0, 0, 0, 165, 1, 1, 1, 1, 1, 0
37, 798, 614, 19311845, 13, 165, 10000000, 10000000, 10000000, 10000000, 1, 0, 0, 0, 0, 165, 0, 1, 1, 1, 1, 0
70, 810, 601, 19311845, 13, 165, 37, 10000000, 10000000, 10000000, 1, 1, 0, 0, 0, 165, 0, 1, 1, 1, 1, 0
260, 723, 401, 19318851, 10, 35, 76, 87, 58, 114, 1, 1, 1, 0.873288, 0.969547, 165, 1, 0, 1, 1, 0, 0
114, 754, 398, 19318851, 10, 58, 87, 76, 35, 10000000, 1, 1, 1, 1, 0, 165, 0, 1, 0, 1, 1, 0
35, 788, 398, 19318851, 10, 140, 58, 87, 76, 10000000, 1, 1, 1, 0.82345, 0, 165, 0, 0, 1, 0, 1, 0
87, 798, 407, 19318851, 10, 140, 58, 37, 165, 238, 1, 1, 0.37955, 0.273704, 0.53925, 165, 0, 0, 0, 0, 0, 0
76, 819, 401, 19318851, 10, 58, 87, 222, 10000000, 10000000, 0.873288, 1, 0.215114, 0, 0, 165, 1, 1, 1, 1, 1, 0
58, 801, 427, 19319182, 11, 140, 10000000, 10000000, 10000000, 10000000, 0.951961, 0, 0, 0, 0, 165, 0, 1, 1, 1, 1, 0
140, 798, 454, 19319182, 11, 84, 165, 37, 238, 273, 1, 0.868934, 0.842707, 0.539231, 0.322716, 165, 1, 0, 0, 0, 1, 0
