source_id,source_x,source_y,time,hop,pri_1_id,pri_2_id,pri_3_id,pri_4_id,pri_5_id,pri_1_r,pri_2_r,pri_3_r,pri_4_r,pri_5_r,des_id,inter_1id ,inter_2id ,inter_3id ,inter_4id ,inter_5id ,send_log
29, -1, 115, 10299999, 1, 32, 170, 207, 159, 64, 0.971035, 1, 0.863692, 1, 0.613881, 167, 0, 0, 1, 0, 0, 1
159, -1, 151, 10300200, 2, 32, 170, 207, 197, 168, 1, 1, 0.971632, 0.754233, 0.614015, 167, 0, 0, 1, 1, 0, 0
170, 1, 248, 10300200, 2, 168, 32, 64, 56, 10000000, 0.864035, 1, 0.724412, 0.645686, 0, 167, 0, 0, 0, 0, 1, 1
32, 1, 281, 10304869, 3, 168, 64, 43, 10000000, 10000000, 0.686255, 0.756017, 0.274096, 0, 0, 167, 0, 0, 0, 1, 1, 0
64, -1, 317, 10304869, 3, 43, 168, 110, 245, 182, 1, 1, 0.539206, 0.137377, 0.137475, 167, 0, 0, 1, 1, 1, 0
168, -1, 358, 10304869, 3, 245, 43, 110, 50, 10000000, 0.137377, 1, 0.647047, 0.465287, 0, 167, 1, 0, 0, 0, 1, 1
43, 1, 476, 10305539, 4, 283, 244, 50, 157, 245, 0.794815, 0.568568, 0.966167, 0.755247, 0.646531, 167, 1, 1, 0, 0, 1, 1
50, -1, 520, 10310208, 5, 236, 283, 128, 244, 245, 0.861552, 1, 0.644814, 1, 1, 167, 1, 1, 1, 1, 1, 0
245, -1, 579, 10310208, 5, 244, 283, 34, 128, 236, 1, 1, 0.861437, 0.967221, 1, 167, 1, 1, 0, 0, 1, 0
283, 1, 612, 10310208, 5, 128, 34, 236, 10000000, 10000000, 1, 0.753758, 1, 0, 0, 167, 0, 0, 1, 1, 1, 1
244, 1, 618, 10310208, 5, 236, 128, 34, 10000000, 10000000, 1, 0.967221, 0.753758, 0, 0, 167, 1, 0, 0, 1, 1, 0
157, 1, 649, 10310208, 5, 244, 283, 236, 34, 128, 1, 1, 0.969246, 0.646078, 0.752283, 167, 1, 1, 1, 0, 1, 0
236, 19, 598, 10310877, 6, 34, 103, 128, 107, 191, 0.969047, 0.722361, 1, 0.189617, 0.137235, 167, 0, 0, 0, 1, 1, 0
128, 44, 598, 10310877, 6, 34, 103, 67, 107, 10000000, 1, 0.722361, 0.2414, 0.137222, 0, 167, 0, 0, 1, 1, 1, 1
34, 79, 598, 10311546, 7, 103, 107, 67, 10000000, 10000000, 0.963071, 0.234175, 0.136925, 0, 0, 167, 0, 0, 1, 1, 1, 1
103, 112, 601, 10311547, 7, 107, 191, 55, 10, 67, 0.97021, 0.862286, 0.215549, 0, 0.755084, 167, 0, 0, 1, 1, 0, 0
103, 112, 601, 10312216, 8, 107, 191, 55, 10, 67, 0.97014, 0.862224, 0.215533, 0, 0.75503, 167, 0, 0, 1, 1, 0, 1
107, 271, 598, 10312885, 9, 20, 96, 148, 156, 79, 0.86153, 0.441209, 0.323548, 0.231963, 0.120325, 167, 0, 0, 1, 1, 1, 1
20, 315, 601, 10313554, 10, 96, 156, 148, 79, 167, 0.969496, 0.967662, 0.862734, 0.751612, 0.467077, 167, 0, 0, 0, 0, 1, 1
156, 447, 598, 10313555, 10, 167, 96, 16, 250, 122, 0.956001, 1, 0.859242, 0.72255, 0.240774, 167, 0, 0, 0, 1, 0, 0
156, 447, 598, 10314224, 11, 167, 96, 16, 250, 122, 0.955899, 1, 0.85918, 0.722492, 0.240755, 167, 0, 0, 0, 1, 0, 0
96, 484, 598, 10314224, 11, 167, 250, 16, 122, 10000000, 0.823074, 1, 1, 0.635621, 0, 167, 0, 1, 0, 0, 1, 1
16, 509, 601, 10314893, 12, 167, 287, 220, 250, 124, 1, 1, 0.860241, 1, 0.645806, 167, 0, 1, 1, 1, 1, 0
250, 620, 598, 10314893, 12, 167, 287, 220, 10000000, 10000000, 1, 1, 0.967771, 0, 0, 167, 0, 1, 1, 1, 1, 0
122, 642, 598, 10314893, 12, 167, 287, 220, 250, 16, 1, 1, 0.967771, 1, 0.966509, 167, 0, 1, 1, 1, 0, 0
287, 598, 587, 10319562, 13, 167, 10000000, 10000000, 10000000, 10000000, 1, 0, 0, 0, 0, 167, 0, 1, 1, 1, 1, 0
170, 1, 261, 11299999, 1, 168, 32, 64, 56, 10000000, 0.97105, 1, 0.754117, 0.645361, 0, 217, 0, 0, 0, 0, 1, 0
32, 1, 297, 11300200, 2, 168, 64, 43, 10000000, 10000000, 0.724528, 0.964436, 0.241195, 0, 0, 217, 0, 0, 0, 1, 1, 0
64, -1, 303, 11300200, 2, 43, 168, 50, 110, 245, 1, 1, 0.566706, 0.538285, 0.120852, 217, 0, 0, 0, 1, 1, 0
168, -1, 348, 11300200, 2, 43, 245, 110, 50, 10000000, 1, 0.120852, 0.645941, 0.566706, 0, 217, 0, 1, 0, 0, 1, 1
43, 1, 491, 11300869, 3, 283, 245, 182, 157, 244, 0.823486, 0.845895, 0.822438, 0.635767, 0.637781, 217, 1, 0, 0, 0, 0, 1
182, -1, 543, 11301538, 4, 283, 195, 219, 236, 299, 1, 0.275014, 0.274969, 0.972422, 0.216183, 217, 1, 1, 1, 1, 1, 0
245, -1, 573, 11301539, 4, 262, 34, 283, 136, 128, 0.787539, 0.864006, 1, 0.215197, 0.968663, 217, 1, 0, 1, 1, 0, 0
283, 1, 612, 11301539, 4, 128, 34, 195, 28, 236, 1, 0.756006, 1, 1, 1, 217, 0, 0, 0, 0, 0, 1
236, 25, 598, 11302208, 5, 34, 128, 103, 107, 67, 1, 1, 0.752897, 0.159614, 0.12057, 217, 0, 0, 0, 1, 1, 1
28, 1, 697, 11302208, 5, 195, 128, 136, 252, 219, 1, 0.645729, 1, 0.760755, 0.723782, 217, 0, 1, 0, 0, 0, 0
195, -1, 745, 11302208, 5, 299, 289, 262, 210, 189, 1, 1, 1, 0.970503, 0.753701, 217, 1, 1, 1, 1, 1, 1
262, 13, 798, 11310877, 6, 77, 189, 68, 210, 223, 1, 1, 0.796581, 1, 0.378246, 217, 0, 0, 0, 0, 1, 0
289, 12, 798, 11310877, 6, 279, 77, 68, 189, 210, 1, 1, 1, 1, 1, 217, 1, 0, 0, 0, 0, 0
299, 12, 798, 11310877, 6, 77, 223, 189, 68, 210, 1, 0.703051, 1, 0.796581, 1, 217, 0, 1, 0, 0, 0, 1
210, 25, 798, 11311546, 7, 77, 68, 189, 279, 130, 1, 0.860892, 1, 0.538697, 0.362379, 217, 0, 0, 0, 1, 1, 0
189, 51, 798, 11311546, 7, 130, 279, 3, 77, 248, 1, 0.946642, 0.772177, 1, 0.548462, 217, 0, 1, 0, 0, 0, 0
68, 94, 801, 11311547, 7, 3, 130, 248, 279, 223, 0.966627, 1, 1, 1, 1, 217, 0, 0, 0, 1, 1, 0
77, 102, 798, 11311547, 7, 279, 223, 248, 130, 173, 0.951832, 0.937254, 0.548462, 0.317753, 0.322795, 217, 1, 1, 0, 0, 1, 1
279, 201, 812, 11312216, 8, 3, 130, 248, 10000000, 10000000, 0.966558, 1, 1, 0, 0, 217, 0, 0, 0, 1, 1, 1
248, 227, 798, 11312216, 8, 258, 3, 196, 95, 130, 1, 0.966558, 0.82253, 0.845952, 1, 217, 1, 0, 0, 0, 0, 0
248, 227, 798, 11312885, 9, 258, 3, 196, 95, 130, 1, 0.966488, 0.822454, 0.845884, 1, 217, 1, 0, 0, 0, 0, 0
130, 260, 798, 11312885, 9, 196, 288, 258, 3, 95, 0.944751, 0.823668, 0.686433, 1, 0.725043, 217, 0, 1, 1, 0, 0, 1
3, 289, 798, 11317554, 10, 33, 288, 204, 258, 95, 1, 0.962755, 0.962685, 0.753512, 1, 217, 0, 1, 0, 1, 0, 0
95, 304, 801, 11317554, 10, 82, 288, 258, 204, 196, 1, 1, 1, 1, 1, 217, 0, 1, 1, 0, 0, 0
196, 342, 801, 11317554, 10, 82, 288, 258, 204, 135, 1, 1, 1, 1, 0.602216, 217, 0, 1, 1, 0, 0, 1
258, 386, 801, 11317555, 10, 33, 82, 135, 263, 271, 1, 1, 0.481773, 0.43898, 0.32273, 217, 0, 0, 0, 1, 1, 0
204, 375, 801, 11318224, 11, 82, 294, 288, 258, 135, 1, 0.797447, 1, 1, 0.481734, 217, 0, 1, 1, 1, 0, 0
258, 386, 801, 11318224, 11, 33, 82, 135, 263, 271, 1, 1, 0.481734, 0.438851, 0.322707, 217, 0, 0, 0, 1, 1, 0
288, 387, 801, 11318224, 11, 271, 82, 294, 33, 296, 0.866498, 1, 0.759515, 0.723467, 0.36255, 217, 1, 0, 1, 0, 1, 1
128, 55, 598, 11318877, 6, 34, 103, 67, 107, 10000000, 1, 0.751549, 0.215216, 0.120548, 0, 217, 0, 0, 1, 1, 1, 0
34, 91, 598, 11318877, 6, 103, 107, 67, 10000000, 10000000, 0.966278, 0.378957, 0.120328, 0, 0, 217, 0, 0, 1, 1, 1, 1
103, 97, 601, 11318877, 6, 107, 191, 67, 20, 55, 0.968879, 0.862819, 0.753256, 0.411362, 0.215185, 217, 0, 0, 0, 0, 1, 0
103, 97, 601, 11319546, 7, 107, 191, 67, 20, 55, 0.96881, 0.862757, 0.753202, 0.411324, 0.215169, 217, 0, 0, 0, 0, 1, 1
33, 508, 801, 11322893, 12, 217, 294, 271, 296, 263, 1, 1, 1, 0.96611, 0.966022, 217, 0, 1, 1, 1, 1, 1
271, 587, 801, 11335562, 13, 217, 296, 263, 10000000, 10000000, 1, 1, 1, 0, 0, 217, 0, 1, 1, 1, 1, 0
294, 587, 801, 11335562, 13, 217, 296, 263, 10000000, 10000000, 1, 1, 1, 0, 0, 217, 0, 1, 1, 1, 1, 0
296, 598, 787, 11340231, 14, 217, 10000000, 10000000, 10000000, 10000000, 1, 0, 0, 0, 0, 217, 0, 1, 1, 1, 1, 0
263, 598, 787, 11340231, 14, 217, 10000000, 10000000, 10000000, 10000000, 1, 0, 0, 0, 0, 217, 0, 1, 1, 1, 1, 0
267, 201, 215, 12299999, 1, 259, 254, 23, 174, 153, 0.537878, 0.215753, 1, 0.970862, 1, 94, 1, 1, 0, 0, 0, 0
23, 201, 312, 12300200, 2, 186, 259, 65, 265, 254, 1, 1, 0.606152, 0.685405, 0.603492, 94, 0, 1, 0, 1, 0, 0
174, 198, 324, 12300200, 2, 265, 259, 65, 186, 251, 1, 1, 1, 1, 0.862928, 94, 1, 1, 0, 0, 1, 0
259, 198, 385, 12300200, 2, 172, 45, 65, 186, 251, 1, 0.860864, 1, 1, 1, 94, 0, 0, 0, 0, 0, 1
186, 201, 472, 12300869, 3, 65, 45, 172, 10000000, 10000000, 1, 0.538001, 0.645994, 0, 0, 94, 0, 0, 1, 1, 1, 0
65, 201, 512, 12300869, 3, 191, 172, 45, 10000000, 10000000, 0.646777, 0.538329, 0.322801, 0, 0, 94, 0, 1, 1, 1, 1, 1
191, 201, 673, 12309539, 4, 107, 10000000, 10000000, 10000000, 10000000, 0.538438, 0, 0, 0, 0, 94, 0, 1, 1, 1, 1, 1
60, 198, 58, 13299999, 1, 126, 267, 226, 240, 180, 0.969753, 1, 0.967871, 1, 1, 124, 0, 1, 0, 0, 0, 0
180, 198, 113, 13300200, 2, 126, 13, 226, 267, 23, 1, 1, 1, 1, 0.861117, 124, 0, 0, 0, 1, 0, 0
240, 198, 155, 13300200, 2, 23, 126, 226, 267, 13, 1, 1, 1, 1, 0.822501, 124, 0, 0, 0, 1, 0, 1
267, 201, 221, 13312869, 3, 259, 254, 23, 153, 126, 0.636543, 0.318006, 1, 0.968507, 1, 124, 1, 1, 0, 0, 0, 0
226, 201, 242, 13312869, 3, 23, 259, 265, 174, 126, 1, 0.646181, 0.610193, 1, 1, 124, 0, 1, 1, 0, 0, 0
13, 198, 273, 13312869, 3, 186, 254, 265, 259, 206, 1, 1, 1, 1, 1, 124, 0, 0, 1, 1, 0, 0
126, 201, 287, 13312869, 3, 259, 265, 186, 206, 23, 0.549903, 0.56554, 0.322961, 0.948745, 1, 124, 1, 1, 1, 0, 0, 1
23, 201, 326, 13317538, 4, 259, 265, 186, 206, 254, 1, 0.721822, 0.908333, 1, 0.644991, 124, 1, 1, 0, 0, 0, 0
206, 198, 350, 13317538, 4, 265, 259, 65, 186, 254, 1, 1, 1, 1, 1, 124, 1, 1, 0, 0, 0, 0
259, 198, 381, 13317539, 4, 172, 251, 45, 65, 186, 0.970208, 1, 0.754923, 1, 1, 124, 0, 0, 0, 0, 0, 1
265, 201, 419, 13317539, 4, 172, 251, 45, 65, 186, 0.970208, 1, 0.647077, 1, 1, 124, 0, 0, 0, 0, 0, 0
186, 201, 486, 13318208, 5, 172, 45, 65, 10000000, 10000000, 0.538966, 0.431353, 1, 0, 0, 124, 1, 0, 0, 1, 1, 1
65, 201, 526, 13334877, 6, 172, 45, 10000000, 10000000, 10000000, 0.430399, 0.21529, 0, 0, 0, 124, 1, 1, 1, 1, 1, 1
215, 145, 201, 14299999, 1, 27, 153, 226, 267, 23, 0.969672, 1, 0.971504, 1, 0.752877, 142, 0, 0, 0, 0, 0, 0
267, 201, 229, 14300200, 2, 254, 23, 206, 153, 126, 0.274857, 1, 1, 0.861345, 1, 142, 1, 0, 0, 0, 0, 1
153, 293, 198, 14300200, 2, 112, 221, 292, 264, 27, 1, 1, 1, 0.960804, 1, 142, 0, 0, 1, 0, 0, 1
27, 341, 198, 14304869, 3, 221, 268, 292, 264, 112, 1, 1, 0.969353, 1, 0.538905, 142, 0, 0, 1, 0, 0, 0
264, 374, 201, 14304869, 3, 266, 112, 116, 49, 88, 1, 1, 1, 1, 0.86109, 142, 0, 0, 0, 0, 0, 0
292, 413, 198, 14304869, 3, 88, 112, 116, 111, 49, 1, 1, 0.954221, 1, 0.971575, 142, 0, 0, 0, 0, 0, 0
221, 454, 198, 14304870, 3, 88, 112, 216, 266, 116, 0.968726, 1, 0.847801, 0.75319, 0.75578, 142, 0, 0, 0, 0, 0, 1
116, 497, 201, 14309539, 4, 131, 102, 266, 88, 216, 0.969535, 0.862022, 1, 1, 1, 142, 0, 0, 0, 0, 0, 0
112, 505, 198, 14309539, 4, 266, 86, 88, 216, 131, 1, 0.791421, 1, 0.646753, 0.241742, 142, 0, 0, 0, 0, 0, 0
216, 547, 201, 14309539, 4, 131, 194, 86, 102, 266, 1, 0.907633, 0.964308, 0.862022, 1, 142, 0, 0, 0, 0, 0, 0
88, 554, 198, 14309539, 4, 102, 86, 194, 266, 131, 1, 0.868944, 0.781754, 1, 0.604354, 142, 0, 0, 0, 0, 0, 1
266, 571, 201, 14309539, 4, 102, 194, 131, 86, 209, 1, 1, 1, 1, 0.1372, 142, 0, 0, 0, 0, 1, 0
266, 571, 201, 14310208, 5, 102, 194, 131, 86, 209, 1, 1, 1, 1, 0.137188, 142, 0, 0, 0, 0, 1, 0
86, 660, 201, 14310208, 5, 295, 274, 209, 270, 249, 0.970816, 0.861166, 0.537997, 0.969669, 1, 142, 1, 1, 1, 0, 0, 1
131, 696, 198, 14310208, 5, 274, 295, 227, 270, 44, 0.943888, 0.862948, 0.323317, 0.824192, 0.766511, 142, 1, 1, 1, 0, 0, 0
126, 201, 301, 14312869, 3, 65, 23, 206, 259, 265, 1, 1, 0.95692, 0.604301, 0.475838, 142, 0, 0, 0, 0, 1, 0
206, 198, 338, 14312869, 3, 65, 186, 254, 265, 251, 1, 1, 1, 1, 0.755123, 142, 0, 0, 0, 0, 1, 0
23, 201, 339, 14312869, 3, 254, 186, 259, 265, 65, 1, 0.697985, 1, 0.752071, 0.564741, 142, 0, 0, 0, 0, 0, 1
249, 739, 201, 14314877, 6, 227, 120, 58, 274, 44, 1, 0.862378, 0.752474, 1, 1, 142, 0, 0, 0, 0, 0, 0
295, 812, 198, 14314878, 6, 120, 40, 227, 58, 274, 0.970175, 1, 1, 0.644977, 1, 142, 0, 0, 0, 0, 0, 1
274, 801, 224, 14315547, 7, 58, 120, 227, 40, 10000000, 0.967396, 1, 1, 0.755002, 0, 142, 0, 0, 0, 0, 1, 0
227, 801, 257, 14315547, 7, 58, 120, 40, 10000000, 10000000, 1, 1, 0.958971, 0, 0, 142, 0, 0, 0, 1, 1, 1
259, 198, 375, 14317538, 4, 172, 251, 65, 186, 45, 0.862364, 0.970383, 0.966243, 1, 0.646714, 142, 0, 0, 0, 0, 0, 0
265, 201, 425, 14317538, 4, 172, 251, 65, 186, 45, 0.862364, 0.970383, 1, 1, 0.538928, 142, 0, 0, 0, 0, 0, 0
254, 201, 456, 14317538, 4, 45, 251, 65, 172, 186, 0.538928, 0.754742, 1, 0.646773, 1, 142, 0, 1, 0, 0, 0, 1
186, 201, 500, 14318208, 5, 65, 172, 45, 10000000, 10000000, 1, 0.431151, 0.323333, 0, 0, 142, 0, 1, 0, 1, 1, 0
65, 201, 539, 14318208, 5, 172, 10000000, 10000000, 10000000, 10000000, 0.323363, 0, 0, 0, 0, 142, 1, 1, 1, 1, 1, 1
40, 798, 274, 14324216, 8, 58, 87, 120, 260, 211, 1, 0.637085, 1, 0.64647, 0.536304, 142, 0, 0, 0, 1, 1, 0
120, 801, 303, 14324216, 8, 58, 10000000, 10000000, 10000000, 10000000, 1, 0, 0, 0, 0, 142, 0, 1, 1, 1, 1, 0
58, 801, 350, 14324216, 8, 87, 10000000, 10000000, 10000000, 10000000, 1, 0, 0, 0, 0, 142, 0, 1, 1, 1, 1, 1
87, 798, 465, 14324886, 9, 238, 140, 273, 125, 228, 1, 1, 0.751455, 0.858956, 0.538386, 142, 0, 0, 1, 0, 1, 1
140, 798, 507, 14325555, 10, 238, 273, 142, 228, 37, 0.965585, 0.858744, 0.431035, 0.646017, 0.565025, 142, 0, 1, 1, 1, 0, 1
212, 201, 65, 15299999, 1, 240, 98, 117, 180, 226, 1, 1, 1, 1, 0.484599, 250, 0, 0, 0, 0, 1, 0
180, 198, 86, 15300200, 2, 126, 226, 267, 13, 240, 0.970566, 1, 1, 0.958747, 1, 250, 0, 0, 0, 0, 0, 0
117, 201, 111, 15300200, 2, 267, 13, 226, 126, 240, 1, 0.787394, 0.685782, 0.638967, 1, 250, 0, 0, 0, 0, 0, 0
98, 201, 132, 15300200, 2, 174, 13, 267, 226, 23, 1, 1, 1, 0.605734, 0.317715, 250, 0, 0, 0, 0, 0, 0
240, 198, 136, 15300200, 2, 23, 126, 226, 267, 13, 0.967877, 0.970566, 1, 1, 0.860694, 250, 0, 0, 0, 0, 0, 1
267, 201, 239, 15300869, 3, 254, 23, 206, 126, 174, 0.241628, 1, 1, 1, 0.971493, 250, 1, 0, 0, 0, 0, 0
13, 198, 245, 15300869, 3, 265, 254, 259, 23, 206, 1, 0.970826, 1, 1, 1, 250, 0, 0, 0, 0, 0, 0
226, 201, 266, 15300869, 3, 254, 23, 265, 126, 259, 1, 1, 0.75964, 1, 0.725344, 250, 0, 0, 0, 0, 0, 0
126, 201, 315, 15300869, 3, 65, 186, 23, 265, 259, 1, 1, 1, 0.548496, 0.647807, 250, 0, 0, 0, 0, 0, 0
23, 201, 352, 15300869, 3, 254, 265, 186, 259, 65, 0.963764, 0.964764, 0.567528, 1, 0.476178, 250, 0, 0, 0, 0, 0, 1
259, 198, 368, 15301539, 4, 186, 65, 251, 254, 172, 1, 0.970329, 0.861314, 1, 0.754452, 250, 0, 0, 0, 0, 0, 0
265, 201, 432, 15301539, 4, 45, 65, 251, 172, 186, 0.431419, 1, 0.861314, 0.754452, 1, 250, 0, 0, 0, 0, 0, 1
186, 201, 513, 15301539, 4, 45, 65, 172, 10000000, 10000000, 0.215709, 1, 0.323336, 0, 0, 250, 0, 0, 1, 1, 1, 0
186, 201, 513, 15306208, 5, 45, 65, 172, 10000000, 10000000, 0.215601, 1, 0.323174, 0, 0, 250, 0, 0, 1, 1, 1, 0
65, 201, 553, 15322877, 6, 172, 10000000, 10000000, 10000000, 10000000, 0.215063, 0, 0, 0, 0, 250, 1, 1, 1, 1, 1, 1
278, 201, 41, 16299999, 1, 98, 240, 117, 212, 180, 1, 1, 1, 1, 0.754096, 294, 0, 0, 0, 0, 0, 0
180, 198, 72, 16300200, 2, 226, 267, 126, 13, 98, 0.972506, 1, 0.860942, 0.964431, 0.969821, 294, 0, 0, 0, 0, 0, 0
212, 201, 76, 16300200, 2, 13, 98, 240, 117, 267, 1, 1, 1, 1, 0.538587, 294, 0, 0, 0, 0, 0, 0
117, 201, 122, 16300200, 2, 174, 267, 13, 126, 226, 1, 0.959097, 0.881053, 0.688696, 0.603067, 294, 0, 0, 0, 0, 0, 0
240, 198, 127, 16300200, 2, 226, 23, 267, 206, 126, 1, 0.862125, 1, 0.885664, 0.860942, 294, 0, 0, 0, 0, 0, 0
98, 201, 143, 16300200, 2, 206, 174, 267, 13, 226, 1, 1, 1, 1, 0.540281, 294, 0, 0, 0, 0, 0, 1
13, 198, 231, 16300869, 3, 265, 23, 254, 259, 126, 0.968556, 1, 0.86233, 0.97067, 1, 294, 0, 0, 0, 0, 0, 0
267, 201, 252, 16300869, 3, 23, 126, 206, 226, 259, 1, 1, 1, 1, 0.647114, 294, 0, 0, 0, 0, 0, 0
174, 198, 268, 16300869, 3, 254, 265, 23, 259, 186, 0.970121, 1, 1, 1, 0.753344, 294, 0, 0, 0, 0, 0, 1
226, 201, 278, 16300869, 3, 254, 23, 126, 265, 259, 0.885247, 1, 1, 0.638401, 0.647114, 294, 0, 0, 0, 0, 0, 0
259, 198, 359, 16305539, 4, 186, 254, 65, 265, 251, 1, 1, 0.862809, 1, 0.755019, 294, 0, 0, 0, 0, 0, 0
23, 201, 365, 16305539, 4, 254, 265, 186, 65, 10000000, 0.967602, 0.96807, 0.47689, 0.410687, 0, 294, 0, 0, 0, 0, 1, 0
265, 201, 441, 16305539, 4, 65, 186, 254, 172, 251, 1, 1, 1, 0.647136, 0.755019, 294, 0, 0, 0, 0, 0, 0
254, 201, 483, 16305539, 4, 65, 186, 45, 172, 10000000, 1, 1, 0.322995, 0.431424, 0, 294, 0, 0, 0, 0, 1, 1
186, 201, 527, 16306208, 5, 191, 65, 172, 10, 10000000, 1, 1, 0.215697, 0, 0, 294, 0, 0, 1, 0, 1, 0
65, 201, 567, 16306208, 5, 10, 191, 10000000, 10000000, 10000000, 0.916522, 0.645698, 0, 0, 0, 294, 0, 0, 1, 1, 1, 1
10, 198, 625, 16306877, 6, 67, 248, 191, 223, 279, 1, 0.322389, 1, 0.86364, 0.755878, 294, 0, 1, 0, 0, 1, 1
191, 201, 728, 16306878, 6, 67, 279, 59, 10000000, 10000000, 1, 1, 0.610491, 0, 0, 294, 0, 0, 0, 1, 1, 0
191, 201, 728, 16307547, 7, 67, 279, 59, 10000000, 10000000, 1, 1, 0.610366, 0, 0, 294, 0, 0, 0, 1, 1, 0
67, 201, 777, 16316216, 8, 10000000, 10000000, 10000000, 10000000, 10000000, 0, 0, 0, 0, 0, 294, 1, 1, 1, 1, 1, 0
59, 198, 840, 16316216, 8, 67, 279, 10000000, 10000000, 10000000, 1, 1, 0, 0, 0, 294, 0, 0, 1, 1, 1, 0
279, 201, 843, 16316216, 8, 130, 248, 3, 67, 10000000, 0.64596, 0.644131, 0.429797, 1, 0, 294, 0, 0, 0, 0, 1, 1
67, 201, 777, 16320885, 9, 10000000, 10000000, 10000000, 10000000, 10000000, 0, 0, 0, 0, 0, 294, 1, 1, 1, 1, 1, 0
243, 292, -1, 17299999, 1, 181, 61, 7, 164, 275, 1, 1, 1, 1, 0.378397, 234, 0, 0, 0, 0, 1, 0
164, 337, -1, 17300200, 2, 100, 61, 181, 7, 150, 1, 0.918168, 0.779944, 1, 0.5498, 234, 0, 0, 0, 0, 0, 0
7, 367, -1, 17300200, 2, 275, 100, 253, 181, 61, 1, 1, 1, 1, 0.918168, 234, 0, 0, 0, 0, 0, 0
61, 423, 1, 17300200, 2, 253, 181, 149, 150, 10000000, 1, 1, 0.215166, 1, 0, 234, 0, 0, 0, 0, 1, 1
181, 476, 1, 17304869, 3, 149, 91, 10000000, 10000000, 10000000, 0.430116, 0.216081, 0, 0, 0, 234, 0, 0, 1, 1, 1, 0
253, 505, 1, 17304869, 3, 149, 91, 10000000, 10000000, 10000000, 0.537645, 0.432161, 0, 0, 0, 234, 0, 0, 1, 1, 1, 1
98, 201, 167, 18299999, 1, 267, 206, 174, 13, 56, 1, 0.879911, 0.911047, 1, 1, 296, 0, 0, 0, 1, 1, 0
56, 189, 198, 18300200, 2, 126, 206, 264, 267, 153, 1, 1, 1, 1, 0.968599, 296, 0, 0, 0, 0, 0, 0
13, 198, 209, 18300200, 2, 23, 126, 226, 153, 206, 0.968267, 1, 1, 1, 1, 296, 0, 0, 0, 0, 0, 0
174, 198, 241, 18300200, 2, 23, 126, 265, 259, 226, 1, 1, 0.860875, 1, 1, 296, 1, 0, 0, 0, 0, 0
267, 201, 279, 18300200, 2, 23, 126, 226, 259, 206, 1, 1, 1, 0.724785, 1, 296, 1, 0, 0, 0, 0, 1
206, 198, 288, 18300200, 2, 254, 265, 18, 23, 126, 0.97137, 1, 1, 1, 1, 296, 0, 0, 1, 1, 0, 0
206, 198, 288, 18300869, 3, 254, 265, 18, 23, 126, 0.9713, 1, 1, 1, 1, 296, 0, 0, 1, 1, 0, 0
226, 201, 304, 18300869, 3, 18, 23, 126, 259, 265, 1, 1, 1, 1, 0.604913, 296, 1, 1, 0, 0, 0, 1
259, 198, 336, 18300869, 3, 254, 265, 186, 18, 23, 0.9713, 1, 0.86215, 1, 1, 296, 0, 0, 0, 1, 1, 0
126, 201, 358, 18300869, 3, 254, 186, 265, 18, 23, 1, 0.919008, 0.846878, 1, 1, 296, 0, 0, 0, 1, 1, 0
23, 201, 387, 18300869, 3, 265, 254, 18, 186, 65, 1, 0.863378, 1, 0.482737, 0.322575, 296, 0, 0, 1, 0, 0, 1
18, 208, 401, 18301538, 4, 45, 172, 256, 186, 251, 1, 1, 0.215644, 1, 1, 296, 1, 0, 1, 0, 0, 0
265, 201, 465, 18301538, 4, 65, 10, 186, 254, 251, 1, 1, 1, 1, 0.539846, 296, 1, 1, 0, 0, 0, 1
254, 201, 510, 18301539, 4, 65, 10, 186, 251, 172, 1, 0, 1, 0.323907, 0.216155, 296, 1, 1, 0, 1, 0, 0
254, 201, 510, 18302208, 5, 65, 10, 186, 251, 172, 1, 0, 1, 0.323884, 0.216139, 296, 1, 1, 0, 1, 0, 0
186, 201, 554, 18302208, 5, 10, 65, 191, 10000000, 10000000, 1, 1, 0.434561, 0, 0, 296, 1, 1, 0, 1, 1, 0
65, 201, 595, 18302208, 5, 20, 191, 10000000, 10000000, 10000000, 1, 0.64821, 0, 0, 0, 296, 1, 0, 1, 1, 1, 1
10, 198, 596, 18302208, 5, 191, 67, 77, 20, 65, 1, 0.968128, 1, 1, 1, 296, 0, 1, 1, 1, 1, 0
20, 216, 601, 18302877, 6, 107, 156, 96, 16, 10000000, 1, 0.324051, 0.241587, 0.240959, 0, 296, 0, 0, 0, 0, 1, 1
191, 201, 755, 18302877, 6, 10000000, 10000000, 10000000, 10000000, 10000000, 0, 0, 0, 0, 0, 296, 1, 1, 1, 1, 1, 0
107, 379, 598, 18303547, 7, 167, 108, 156, 16, 10000000, 0.916314, 1, 0.569683, 0.824639, 0, 296, 0, 0, 0, 1, 1, 1
108, 398, 621, 18304216, 8, 79, 148, 52, 288, 258, 1, 1, 0.570811, 0.323192, 0.32262, 296, 1, 0, 0, 1, 1, 1
16, 410, 601, 18304216, 8, 96, 156, 167, 90, 108, 1, 1, 1, 0.467309, 1, 296, 1, 0, 0, 0, 0, 0
167, 460, 601, 18304216, 8, 19, 96, 156, 250, 90, 1, 1, 1, 0.862942, 0.537793, 296, 1, 1, 0, 0, 0, 1
156, 564, 598, 18304885, 9, 19, 90, 96, 10000000, 10000000, 1, 1, 1, 0, 0, 296, 1, 1, 1, 1, 1, 0
96, 585, 598, 18304885, 9, 213, 185, 19, 90, 10000000, 1, 1, 1, 1, 0, 296, 0, 0, 1, 1, 1, 0
19, 598, 605, 18304885, 9, 296, 263, 4, 213, 185, 0.970978, 1, 0.86134, 1, 1, 296, 1, 0, 0, 0, 0, 1
185, 598, 661, 18305554, 10, 296, 4, 263, 213, 109, 1, 1, 1, 1, 0.549851, 296, 0, 1, 0, 0, 0, 0
213, 598, 683, 18305555, 10, 296, 4, 263, 109, 294, 1, 1, 1, 0.967754, 0.646033, 296, 0, 1, 0, 0, 1, 0
263, 598, 728, 18305555, 10, 296, 4, 294, 271, 10000000, 1, 0.968938, 0.861378, 0.645475, 0, 296, 0, 1, 1, 1, 1, 1
4, 601, 788, 18305555, 10, 296, 10000000, 10000000, 10000000, 10000000, 1, 0, 0, 0, 0, 296, 0, 1, 1, 1, 1, 0
148, 401, 736, 18308885, 9, 79, 10000000, 10000000, 10000000, 10000000, 1, 0, 0, 0, 0, 296, 1, 1, 1, 1, 1, 0
79, 401, 787, 18308885, 9, 10000000, 10000000, 10000000, 10000000, 10000000, 0, 0, 0, 0, 0, 296, 1, 1, 1, 1, 1, 0
259, 198, 336, 18309538, 4, 254, 265, 186, 18, 23, 0.970392, 1, 0.861346, 1, 1, 296, 0, 0, 0, 1, 1, 0
126, 201, 358, 18309538, 4, 254, 186, 265, 18, 23, 1, 0.916574, 0.845991, 1, 1, 296, 0, 0, 0, 1, 1, 0
18, 208, 401, 18309538, 4, 45, 172, 256, 186, 251, 1, 1, 0.215458, 1, 1, 296, 1, 0, 1, 0, 0, 1
251, 319, 398, 18310208, 5, 186, 45, 53, 138, 172, 0.215321, 1, 0.911004, 0.879406, 1, 296, 0, 1, 0, 0, 0, 0
172, 361, 398, 18310208, 5, 24, 53, 45, 41, 138, 1, 1, 1, 1, 0.697761, 296, 0, 0, 1, 1, 0, 0
186, 201, 555, 18310208, 5, 10, 65, 191, 10000000, 10000000, 1, 1, 0.433055, 0, 0, 296, 1, 1, 0, 1, 1, 0
4, 601, 788, 18310224, 11, 296, 10000000, 10000000, 10000000, 10000000, 1, 0, 0, 0, 0, 296, 0, 1, 1, 1, 1, 0
65, 201, 595, 18310877, 6, 20, 191, 10000000, 10000000, 10000000, 1, 0.647604, 0, 0, 0, 296, 1, 0, 1, 1, 1, 0
10, 198, 596, 18310877, 6, 191, 67, 77, 20, 65, 1, 0.967226, 1, 1, 1, 296, 0, 1, 1, 1, 1, 0
65, 201, 595, 18311546, 7, 20, 191, 10000000, 10000000, 10000000, 1, 0.647557, 0, 0, 0, 296, 1, 0, 1, 1, 1, 0
20, 216, 601, 18311546, 7, 107, 156, 96, 16, 10000000, 1, 0.323748, 0.241334, 0.240707, 0, 296, 0, 0, 0, 0, 1, 0
191, 201, 756, 18311546, 7, 10000000, 10000000, 10000000, 10000000, 10000000, 0, 0, 0, 0, 0, 296, 1, 1, 1, 1, 1, 0
79, 401, 787, 18313554, 10, 10000000, 10000000, 10000000, 10000000, 10000000, 0, 0, 0, 0, 0, 296, 1, 1, 1, 1, 1, 0
45, 384, 398, 18314877, 6, 53, 160, 255, 138, 10000000, 1, 0.752971, 0.430921, 0.566175, 0, 296, 0, 0, 0, 0, 1, 0
41, 401, 390, 18314877, 6, 104, 255, 198, 53, 10000000, 0.907509, 0.969572, 0.842322, 1, 0, 296, 0, 0, 0, 0, 1, 0
53, 418, 401, 18314877, 6, 24, 160, 138, 81, 114, 0.967525, 1, 1, 0.431698, 0.43144, 296, 0, 0, 0, 0, 0, 0
138, 448, 401, 18314877, 6, 24, 160, 81, 118, 10000000, 1, 1, 0.84272, 0.241934, 0, 296, 1, 0, 0, 0, 1, 0
138, 448, 401, 18319546, 7, 24, 160, 81, 118, 10000000, 1, 1, 0.842246, 0.241797, 0, 296, 1, 0, 0, 0, 1, 0
24, 586, 398, 18319547, 7, 287, 220, 124, 85, 81, 1, 1, 1, 1, 0.755162, 296, 0, 0, 0, 1, 0, 0
85, 598, 417, 18320216, 8, 21, 287, 220, 124, 19, 0.969859, 1, 1, 1, 0.602918, 296, 0, 0, 0, 0, 0, 0
81, 622, 401, 18320216, 8, 10000000, 10000000, 10000000, 10000000, 10000000, 0, 0, 0, 0, 0, 296, 1, 1, 1, 1, 1, 0
124, 598, 448, 18320216, 8, 21, 287, 19, 220, 296, 1, 1, 0.752522, 1, 0.107708, 296, 1, 0, 1, 0, 1, 0
220, 598, 496, 18320216, 8, 213, 19, 21, 185, 287, 0.948512, 1, 1, 0.752152, 1, 296, 0, 1, 1, 0, 0, 0
287, 598, 529, 18320216, 8, 213, 185, 19, 21, 250, 1, 0.962742, 1, 1, 0.538409, 296, 0, 0, 1, 1, 0, 0
21, 601, 589, 18320885, 9, 296, 263, 213, 185, 19, 1, 1, 1, 0.944948, 1, 296, 0, 0, 0, 0, 1, 0
19, 598, 605, 18320885, 9, 296, 263, 4, 213, 185, 0.969305, 1, 0.859859, 1, 1, 296, 1, 0, 0, 0, 0, 0
185, 598, 661, 18320885, 9, 296, 4, 263, 213, 109, 1, 1, 1, 1, 0.548695, 296, 0, 1, 0, 0, 0, 0
213, 598, 682, 18320885, 9, 296, 4, 263, 109, 294, 1, 1, 1, 0.966162, 0.644969, 296, 0, 1, 0, 0, 1, 0
263, 598, 728, 18321555, 10, 296, 4, 294, 271, 10000000, 1, 0.967271, 0.859896, 0.644366, 0, 296, 0, 1, 1, 1, 1, 0
4, 601, 788, 18321555, 10, 296, 10000000, 10000000, 10000000, 10000000, 1, 0, 0, 0, 0, 296, 0, 1, 1, 1, 1, 0
109, 598, 821, 18321555, 10, 296, 82, 4, 294, 263, 1, 1, 0.797259, 1, 0.969618, 296, 0, 1, 1, 0, 0, 0
153, 362, 198, 19299999, 1, 266, 221, 268, 292, 216, 1, 0.960594, 1, 1, 0.872835, 238, 0, 0, 0, 0, 0, 0
292, 446, 198, 19300200, 2, 88, 41, 112, 266, 221, 0.860841, 0.215917, 0.970742, 1, 1, 238, 1, 0, 0, 0, 0, 0
268, 485, 198, 19300200, 2, 41, 91, 86, 47, 88, 0.215917, 1, 1, 1, 0.860841, 238, 0, 1, 1, 1, 1, 1
88, 593, 200, 19308869, 3, 187, 249, 131, 47, 86, 1, 1, 0.862553, 1, 0.958776, 238, 0, 0, 0, 1, 1, 0
47, 598, 206, 19308869, 3, 85, 131, 187, 249, 194, 0.698894, 1, 1, 1, 1, 238, 1, 0, 0, 0, 0, 0
91, 601, 200, 19308869, 3, 44, 131, 187, 249, 194, 1, 1, 1, 1, 1, 238, 1, 0, 0, 0, 0, 1
86, 608, 201, 19308869, 3, 24, 131, 187, 102, 249, 1, 1, 1, 0.970411, 1, 238, 1, 0, 0, 0, 0, 0
187, 598, 239, 19313538, 4, 124, 85, 21, 10000000, 10000000, 0.946976, 0.86115, 0.32355, 0, 0, 238, 0, 1, 0, 1, 1, 1
194, 657, 201, 19313538, 4, 102, 44, 131, 295, 274, 1, 0.686817, 1, 0.971407, 0.539568, 238, 1, 1, 0, 0, 1, 0
249, 678, 201, 19313539, 4, 102, 44, 274, 227, 131, 1, 0.860071, 0.647481, 0.538359, 1, 238, 1, 1, 0, 0, 0, 0
131, 754, 198, 19313539, 4, 40, 44, 102, 274, 10000000, 1, 0.792651, 1, 0.431654, 0, 238, 1, 1, 1, 1, 1, 1
102, 791, 198, 19318208, 5, 227, 274, 40, 44, 10000000, 1, 1, 1, 1, 0, 238, 0, 0, 1, 1, 1, 0
40, 798, 211, 19318208, 5, 120, 58, 227, 274, 87, 1, 0.863152, 1, 1, 0.548115, 238, 0, 0, 0, 0, 0, 1
44, 807, 201, 19318208, 5, 227, 274, 40, 10000000, 10000000, 1, 1, 1, 0, 0, 238, 0, 0, 1, 1, 1, 0
274, 801, 281, 19318877, 6, 87, 120, 58, 227, 10000000, 1, 1, 0.863089, 1, 0, 238, 1, 0, 0, 0, 1, 0
227, 801, 328, 19318877, 6, 58, 87, 120, 10000000, 10000000, 1, 1, 1, 0, 0, 238, 0, 1, 0, 1, 1, 0
120, 801, 376, 19318878, 6, 140, 58, 87, 35, 10000000, 1, 1, 1, 0, 0, 238, 0, 0, 1, 1, 1, 1
35, 788, 398, 19319547, 7, 140, 58, 87, 76, 10000000, 1, 1, 1, 0.823371, 0, 238, 0, 0, 1, 0, 1, 0
87, 798, 407, 19319547, 7, 37, 140, 58, 238, 125, 0.935039, 1, 0.966621, 0.53921, 0.322956, 238, 1, 0, 0, 0, 0, 0
58, 801, 427, 19319547, 7, 84, 140, 10000000, 10000000, 10000000, 1, 1, 0, 0, 0, 238, 1, 0, 1, 1, 1, 0
140, 798, 454, 19319547, 7, 165, 37, 273, 238, 125, 1, 0.96088, 0.322704, 0.53921, 0.430607, 238, 0, 1, 1, 0, 0, 1
37, 798, 614, 19320216, 8, 238, 165, 125, 10000000, 10000000, 1, 1, 1, 0, 0, 238, 0, 0, 0, 1, 1, 1
85, 598, 410, 19322208, 5, 90, 287, 21, 220, 114, 1, 1, 0.861993, 1, 1, 238, 1, 0, 0, 0, 0, 0
165, 798, 653, 19324885, 9, 238, 10000000, 10000000, 10000000, 10000000, 1, 0, 0, 0, 0, 238, 0, 1, 1, 1, 1, 0
125, 801, 759, 19324886, 9, 238, 165, 10000000, 10000000, 10000000, 1, 1, 0, 0, 0, 238, 0, 0, 1, 1, 1, 0
220, 598, 484, 19326877, 6, 96, 90, 185, 19, 21, 1, 1, 0.961217, 1, 1, 238, 1, 1, 0, 1, 1, 0
287, 598, 516, 19326877, 6, 96, 19, 21, 213, 185, 1, 1, 1, 0.955707, 0.966053, 238, 1, 1, 1, 0, 0, 0
114, 754, 398, 19326878, 6, 58, 87, 76, 35, 10000000, 1, 1, 0.909546, 1, 0, 238, 0, 1, 0, 1, 1, 0
21, 601, 592, 19331547, 7, 84, 273, 228, 137, 263, 1, 1, 1, 1, 1, 238, 1, 0, 0, 0, 0, 0
96, 592, 597, 19331547, 7, 250, 84, 228, 273, 137, 1, 0.871167, 1, 0.871024, 0.939318, 238, 0, 0, 0, 0, 0, 0
19, 600, 601, 19331547, 7, 122, 273, 228, 137, 84, 1, 1, 1, 1, 0.762733, 238, 0, 0, 0, 0, 1, 0
185, 598, 649, 19331547, 7, 263, 213, 10000000, 10000000, 10000000, 1, 1, 0, 0, 0, 238, 0, 0, 1, 1, 1, 0
213, 598, 671, 19331547, 7, 263, 217, 10000000, 10000000, 10000000, 1, 0.215305, 0, 0, 0, 238, 0, 1, 1, 1, 1, 0
137, 655, 601, 19332216, 8, 84, 122, 183, 273, 250, 1, 1, 0.911196, 1, 1, 238, 1, 0, 0, 0, 0, 0
228, 678, 601, 19332216, 8, 84, 70, 122, 273, 250, 1, 0.964935, 1, 1, 1, 238, 1, 1, 0, 0, 0, 0
273, 718, 601, 19332216, 8, 70, 84, 183, 238, 122, 1, 1, 0.962354, 0.646169, 0.965221, 238, 1, 1, 0, 0, 0, 0
250, 719, 598, 19332216, 8, 37, 84, 183, 70, 122, 1, 1, 1, 0.943699, 1, 238, 1, 1, 0, 1, 0, 0
122, 753, 598, 19332885, 9, 37, 70, 84, 183, 10000000, 1, 0.953539, 1, 1, 0, 238, 1, 1, 1, 0, 1, 0
84, 791, 598, 19332885, 9, 238, 165, 37, 70, 10000000, 1, 1, 1, 0.953539, 0, 238, 0, 0, 1, 1, 1, 0
37, 798, 613, 19332885, 9, 238, 165, 125, 10000000, 10000000, 1, 1, 1, 0, 0, 238, 0, 0, 0, 1, 1, 0
70, 810, 601, 19332885, 9, 165, 37, 10000000, 10000000, 10000000, 1, 1, 0, 0, 0, 238, 0, 1, 1, 1, 1, 0
183, 829, 601, 19332885, 9, 70, 84, 10000000, 10000000, 10000000, 1, 1, 0, 0, 0, 238, 1, 1, 1, 1, 1, 0
165, 798, 652, 19333554, 10, 238, 10000000, 10000000, 10000000, 10000000, 1, 0, 0, 0, 0, 238, 0, 1, 1, 1, 1, 0
125, 801, 759, 19333555, 10, 238, 165, 10000000, 10000000, 10000000, 1, 1, 0, 0, 0, 238, 0, 0, 1, 1, 1, 0
35, 788, 398, 19343547, 7, 140, 58, 87, 76, 10000000, 1, 1, 1, 0.820668, 0, 238, 0, 0, 1, 0, 1, 0
87, 797, 407, 19343547, 7, 37, 140, 58, 238, 125, 0.929823, 1, 0.963826, 0.537818, 0.322123, 238, 1, 0, 0, 0, 0, 0
58, 801, 427, 19343547, 7, 84, 140, 10000000, 10000000, 10000000, 1, 1, 0, 0, 0, 238, 1, 0, 1, 1, 1, 0
76, 818, 401, 19343547, 7, 58, 87, 222, 10000000, 10000000, 0.863972, 1, 0.214544, 0, 0, 238, 1, 1, 1, 1, 1, 0
140, 798, 454, 19344216, 8, 165, 37, 273, 238, 125, 1, 0.957637, 0.32185, 0.537779, 0.429467, 238, 0, 1, 1, 0, 0, 0
87, 797, 407, 19352216, 8, 37, 140, 58, 238, 125, 0.927953, 1, 0.96282, 0.537317, 0.321824, 238, 1, 0, 0, 0, 0, 0
58, 801, 427, 19356885, 9, 84, 140, 10000000, 10000000, 10000000, 1, 1, 0, 0, 0, 238, 1, 0, 1, 1, 1, 0
140, 798, 454, 19356885, 9, 165, 37, 273, 238, 125, 1, 0.95598, 0.321413, 0.537048, 0.428884, 238, 0, 1, 1, 0, 0, 0
165, 798, 652, 19361555, 10, 238, 10000000, 10000000, 10000000, 10000000, 1, 0, 0, 0, 0, 238, 0, 1, 1, 1, 1, 0
