source_x,source_y,recv_x,recv_y,time,recv_priority,hopcount,recv_id,source_id,destination_id,destination_x,destination_y,pri_1,pri_2,pri_3,pri_4,pri_5
187, 1, 201, 49, 10300200, 3, 1, 123, 343, 36, 723, 1001, 344, 98, 123, 7, 170
187, 1, 248, -1, 10300200, 5, 1, 170, 343, 36, 723, 1001, 344, 98, 123, 7, 170
187, 1, 201, 76, 10300200, 2, 1, 98, 343, 36, 723, 1001, 344, 98, 123, 7, 170
187, 1, 280, -1, 10300200, 4, 1, 7, 343, 36, 723, 1001, 344, 98, 123, 7, 170
201, 76, 198, 153, 10304602, 3, 2, 199, 98, 36, 723, 1001, 344, 368, 199, 263, 249
201, 76, 198, 179, 10304602, 4, 2, 263, 98, 36, 723, 1001, 344, 368, 199, 263, 249
201, 76, 198, 187, 10304602, 1, 2, 344, 98, 36, 723, 1001, 344, 368, 199, 263, 249
201, 76, 201, 212, 10304602, 2, 2, 368, 98, 36, 723, 1001, 344, 368, 199, 263, 249
201, 76, 201, 218, 10304602, 5, 2, 249, 98, 36, 723, 1001, 344, 368, 199, 263, 249
198, 187, 201, 245, 10305004, 4, 3, 132, 344, 36, 723, 1001, 363, 366, 13, 132, 27
198, 187, 278, 198, 10305004, 5, 3, 27, 344, 36, 723, 1001, 363, 366, 13, 132, 27
198, 187, 198, 315, 10305005, 3, 3, 13, 344, 36, 723, 1001, 363, 366, 13, 132, 27
280, -1, 354, 1, 10312602, 1, 2, 149, 7, 36, 723, 1001, 149, 320, 156, 373, 254
280, -1, 401, 12, 10312602, 2, 2, 320, 7, 36, 723, 1001, 149, 320, 156, 373, 254
280, -1, 401, 12, 10312602, 4, 2, 373, 7, 36, 723, 1001, 149, 320, 156, 373, 254
354, 1, 401, 12, 10313004, 5, 3, 373, 149, 36, 723, 1001, 105, 338, 291, 155, 373
198, 315, 201, 412, 10313407, 4, 4, 311, 13, 36, 723, 1001, 205, 299, 363, 311, 65
198, 315, 201, 412, 10313407, 3, 4, 363, 13, 36, 723, 1001, 205, 299, 363, 311, 65
198, 315, 201, 419, 10313407, 2, 4, 299, 13, 36, 723, 1001, 205, 299, 363, 311, 65
198, 315, 201, 446, 10313407, 1, 4, 205, 13, 36, 723, 1001, 205, 299, 363, 311, 65
201, 446, 201, 486, 10313809, 2, 5, 65, 205, 36, 723, 1001, 210, 65, 222, 113, 67
201, 446, 198, 532, 10313809, 4, 5, 113, 205, 36, 723, 1001, 210, 65, 222, 113, 67
201, 446, 198, 564, 10313809, 3, 5, 222, 205, 36, 723, 1001, 210, 65, 222, 113, 67
201, 446, 201, 645, 10313810, 1, 5, 210, 205, 36, 723, 1001, 210, 65, 222, 113, 67
201, 645, 201, 691, 10314212, 1, 6, 67, 210, 36, 723, 1001, 67, 55, 10, 190, 295
201, 645, 198, 712, 10314212, 3, 6, 10, 210, 36, 723, 1001, 67, 55, 10, 190, 295
201, 645, 198, 780, 10314212, 5, 6, 295, 210, 36, 723, 1001, 67, 55, 10, 190, 295
201, 691, 198, 712, 10314614, 4, 7, 10, 67, 36, 723, 1001, 324, 246, 295, 10, 178
201, 691, 198, 757, 10314614, 5, 7, 178, 67, 36, 723, 1001, 324, 246, 295, 10, 178
201, 691, 198, 780, 10314614, 3, 7, 295, 67, 36, 723, 1001, 324, 246, 295, 10, 178
201, 691, 201, 812, 10314614, 1, 7, 324, 67, 36, 723, 1001, 324, 246, 295, 10, 178
201, 691, 201, 820, 10314614, 2, 7, 246, 67, 36, 723, 1001, 324, 246, 295, 10, 178
201, 812, 220, 798, 10315016, 5, 8, 271, 324, 36, 723, 1001, 3, 136, 55, 296, 271
201, 812, 247, 798, 10315016, 2, 8, 136, 324, 36, 723, 1001, 3, 136, 55, 296, 271
201, 812, 201, 880, 10315016, 3, 8, 55, 324, 36, 723, 1001, 3, 136, 55, 296, 271
201, 812, 275, 798, 10315016, 1, 8, 3, 324, 36, 723, 1001, 3, 136, 55, 296, 271
275, 798, 354, 801, 10315419, 5, 9, 215, 3, 36, 723, 1001, 352, 292, 181, 227, 215
275, 798, 381, 801, 10315419, 4, 9, 227, 3, 36, 723, 1001, 352, 292, 181, 227, 215
275, 798, 387, 801, 10315419, 1, 9, 352, 3, 36, 723, 1001, 352, 292, 181, 227, 215
387, 801, 444, 798, 10315821, 5, 10, 181, 352, 36, 723, 1001, 317, 33, 82, 31, 181
387, 801, 401, 882, 10315821, 4, 10, 31, 352, 36, 723, 1001, 317, 33, 82, 31, 181
387, 801, 484, 798, 10315821, 3, 10, 82, 352, 36, 723, 1001, 317, 33, 82, 31, 181
387, 801, 520, 801, 10315821, 2, 10, 33, 352, 36, 723, 1001, 317, 33, 82, 31, 181
201, 486, 198, 532, 10318211, 4, 6, 113, 65, 36, 723, 1001, 210, 276, 222, 113, 67
201, 486, 198, 564, 10318211, 3, 6, 222, 65, 36, 723, 1001, 210, 276, 222, 113, 67
201, 486, 201, 618, 10318212, 2, 6, 276, 65, 36, 723, 1001, 210, 276, 222, 113, 67
201, 486, 201, 645, 10318212, 1, 6, 210, 65, 36, 723, 1001, 210, 276, 222, 113, 67
201, 645, 201, 691, 10318614, 1, 7, 67, 210, 36, 723, 1001, 67, 55, 10, 190, 295
201, 645, 198, 712, 10318614, 3, 7, 10, 210, 36, 723, 1001, 67, 55, 10, 190, 295
201, 645, 198, 780, 10318614, 5, 7, 295, 210, 36, 723, 1001, 67, 55, 10, 190, 295
201, 691, 198, 712, 10319016, 4, 8, 10, 67, 36, 723, 1001, 324, 246, 295, 10, 178
201, 691, 198, 757, 10319016, 5, 8, 178, 67, 36, 723, 1001, 324, 246, 295, 10, 178
201, 691, 198, 780, 10319016, 3, 8, 295, 67, 36, 723, 1001, 324, 246, 295, 10, 178
201, 691, 201, 812, 10319016, 1, 8, 324, 67, 36, 723, 1001, 324, 246, 295, 10, 178
201, 691, 201, 820, 10319016, 2, 8, 246, 67, 36, 723, 1001, 324, 246, 295, 10, 178
201, 812, 220, 798, 10319418, 5, 9, 271, 324, 36, 723, 1001, 3, 136, 55, 296, 271
201, 812, 247, 798, 10319418, 2, 9, 136, 324, 36, 723, 1001, 3, 136, 55, 296, 271
201, 812, 201, 880, 10319418, 3, 9, 55, 324, 36, 723, 1001, 3, 136, 55, 296, 271
201, 812, 275, 798, 10319418, 1, 9, 3, 324, 36, 723, 1001, 3, 136, 55, 296, 271
201, 812, 198, 979, 10319419, 4, 9, 296, 324, 36, 723, 1001, 3, 136, 55, 296, 271
275, 798, 354, 801, 10319821, 5, 10, 215, 3, 36, 723, 1001, 352, 292, 181, 227, 215
275, 798, 381, 801, 10319821, 4, 10, 227, 3, 36, 723, 1001, 352, 292, 181, 227, 215
275, 798, 387, 801, 10319821, 1, 10, 352, 3, 36, 723, 1001, 352, 292, 181, 227, 215
387, 801, 401, 882, 10320223, 4, 11, 31, 352, 36, 723, 1001, 317, 33, 82, 31, 181
278, 198, 323, 201, 10321407, 5, 4, 71, 27, 36, 723, 1001, 244, 356, 314, 310, 71
278, 198, 387, 201, 10321407, 4, 4, 310, 27, 36, 723, 1001, 244, 356, 314, 310, 71
278, 198, 412, 198, 10321407, 2, 4, 356, 27, 36, 723, 1001, 244, 356, 314, 310, 71
412, 198, 449, 198, 10325809, 4, 5, 117, 356, 36, 723, 1001, 41, 118, 88, 117, 49
412, 198, 401, 245, 10325809, 2, 5, 118, 356, 36, 723, 1001, 41, 118, 88, 117, 49
412, 198, 495, 198, 10325809, 3, 5, 88, 356, 36, 723, 1001, 41, 118, 88, 117, 49
412, 198, 401, 288, 10325809, 1, 5, 41, 356, 36, 723, 1001, 41, 118, 88, 117, 49
412, 198, 513, 201, 10325809, 5, 5, 49, 356, 36, 723, 1001, 41, 118, 88, 117, 49
401, 288, 398, 347, 10326211, 4, 6, 116, 41, 36, 723, 1001, 104, 395, 388, 116, 302
401, 288, 398, 387, 10326211, 5, 6, 302, 41, 36, 723, 1001, 104, 395, 388, 116, 302
401, 288, 401, 412, 10326212, 2, 6, 395, 41, 36, 723, 1001, 104, 395, 388, 116, 302
201, 880, 198, 919, 10327821, 3, 10, 59, 55, 36, 723, 1001, 172, 3, 59, 136, 296
201, 880, 198, 956, 10327821, 1, 10, 172, 55, 36, 723, 1001, 172, 3, 59, 136, 296
201, 880, 198, 979, 10327821, 5, 10, 296, 55, 36, 723, 1001, 172, 3, 59, 136, 296
198, 956, 198, 979, 10328223, 3, 11, 296, 172, 36, 723, 1001, 106, 218, 296, 10000000, 10000000
401, 12, 401, 41, 10329406, 3, 4, 158, 373, 36, 723, 1001, 48, 100, 158, 378, 260
401, 12, 401, 79, 10329406, 1, 4, 48, 373, 36, 723, 1001, 48, 100, 158, 378, 260
401, 12, 398, 115, 10329407, 2, 4, 100, 373, 36, 723, 1001, 48, 100, 158, 378, 260
401, 12, 398, 178, 10329407, 5, 4, 260, 373, 36, 723, 1001, 48, 100, 158, 378, 260
401, 79, 398, 115, 10329809, 4, 5, 100, 48, 36, 723, 1001, 325, 260, 138, 100, 378
401, 79, 398, 156, 10329809, 3, 5, 138, 48, 36, 723, 1001, 325, 260, 138, 100, 378
401, 79, 398, 178, 10329809, 2, 5, 260, 48, 36, 723, 1001, 325, 260, 138, 100, 378
401, 79, 398, 187, 10329809, 1, 5, 325, 48, 36, 723, 1001, 325, 260, 138, 100, 378
401, 79, 398, 187, 10329809, 5, 5, 378, 48, 36, 723, 1001, 325, 260, 138, 100, 378
398, 187, 449, 198, 10330211, 4, 6, 117, 325, 36, 723, 1001, 41, 351, 118, 117, 88
398, 187, 401, 245, 10330211, 3, 6, 118, 325, 36, 723, 1001, 41, 351, 118, 117, 88
398, 187, 401, 288, 10330211, 1, 6, 41, 325, 36, 723, 1001, 41, 351, 118, 117, 88
401, 288, 398, 347, 10330613, 4, 7, 116, 41, 36, 723, 1001, 104, 395, 388, 116, 302
444, 798, 484, 798, 10332223, 3, 11, 82, 181, 36, 723, 1001, 358, 317, 82, 384, 257
444, 798, 578, 801, 10332223, 5, 11, 257, 181, 36, 723, 1001, 358, 317, 82, 384, 257
444, 798, 587, 801, 10332223, 4, 11, 384, 181, 36, 723, 1001, 358, 317, 82, 384, 257
401, 882, 398, 920, 10332625, 1, 12, 52, 31, 36, 723, 1001, 52, 289, 169, 82, 10000000
401, 882, 398, 957, 10332625, 3, 12, 169, 31, 36, 723, 1001, 52, 289, 169, 82, 10000000
401, 882, 398, 979, 10332625, 2, 12, 289, 31, 36, 723, 1001, 52, 289, 169, 82, 10000000
398, 920, 398, 979, 10333027, 5, 13, 289, 52, 36, 723, 1001, 327, 364, 231, 195, 289
495, 198, 581, 201, 10334211, 5, 6, 239, 88, 36, 723, 1001, 380, 312, 287, 137, 239
495, 198, 587, 201, 10334211, 2, 6, 312, 88, 36, 723, 1001, 380, 312, 287, 137, 239
495, 198, 587, 201, 10334211, 1, 6, 380, 88, 36, 723, 1001, 380, 312, 287, 137, 239
495, 198, 620, 198, 10334212, 3, 6, 287, 88, 36, 723, 1001, 380, 312, 287, 137, 239
495, 198, 648, 198, 10334212, 4, 6, 137, 88, 36, 723, 1001, 380, 312, 287, 137, 239
587, 201, 601, 262, 10334614, 3, 7, 114, 380, 36, 723, 1001, 47, 385, 114, 389, 350
587, 201, 598, 315, 10334614, 1, 7, 47, 380, 36, 723, 1001, 47, 385, 114, 389, 350
598, 315, 598, 378, 10335016, 5, 8, 290, 47, 36, 723, 1001, 21, 179, 286, 347, 290
598, 315, 601, 412, 10335016, 4, 8, 347, 47, 36, 723, 1001, 21, 179, 286, 347, 290
598, 315, 601, 419, 10335016, 3, 8, 286, 47, 36, 723, 1001, 21, 179, 286, 347, 290
598, 315, 601, 445, 10335016, 2, 8, 179, 47, 36, 723, 1001, 21, 179, 286, 347, 290
598, 315, 601, 488, 10335016, 1, 8, 21, 47, 36, 723, 1001, 21, 179, 286, 347, 290
601, 488, 598, 515, 10335418, 5, 9, 85, 21, 36, 723, 1001, 332, 130, 186, 243, 85
601, 488, 598, 552, 10335419, 2, 9, 130, 21, 36, 723, 1001, 332, 130, 186, 243, 85
601, 488, 598, 580, 10335419, 4, 9, 243, 21, 36, 723, 1001, 332, 130, 186, 243, 85
601, 488, 601, 647, 10335419, 3, 9, 186, 21, 36, 723, 1001, 332, 130, 186, 243, 85
598, 552, 598, 587, 10339821, 5, 10, 332, 130, 36, 723, 1001, 4, 19, 186, 273, 332
598, 552, 601, 647, 10339821, 3, 10, 186, 130, 36, 723, 1001, 4, 19, 186, 273, 332
598, 552, 601, 690, 10339821, 1, 10, 4, 130, 36, 723, 1001, 4, 19, 186, 273, 332
598, 552, 598, 710, 10339821, 2, 10, 19, 130, 36, 723, 1001, 4, 19, 186, 273, 332
601, 690, 598, 751, 10340223, 3, 11, 204, 4, 36, 723, 1001, 309, 112, 204, 236, 393
601, 690, 598, 778, 10340223, 4, 11, 236, 4, 36, 723, 1001, 309, 112, 204, 236, 393
601, 690, 598, 787, 10340223, 5, 11, 393, 4, 36, 723, 1001, 309, 112, 204, 236, 393
601, 690, 601, 858, 10340224, 2, 11, 112, 4, 36, 723, 1001, 309, 112, 204, 236, 393
484, 798, 578, 801, 10340625, 3, 12, 257, 82, 36, 723, 1001, 337, 194, 257, 358, 387
484, 798, 587, 801, 10340625, 4, 12, 358, 82, 36, 723, 1001, 337, 194, 257, 358, 387
484, 798, 587, 801, 10340625, 5, 12, 387, 82, 36, 723, 1001, 337, 194, 257, 358, 387
484, 798, 612, 798, 10340626, 1, 12, 337, 82, 36, 723, 1001, 337, 194, 257, 358, 387
484, 798, 646, 798, 10340626, 2, 12, 194, 82, 36, 723, 1001, 337, 194, 257, 358, 387
612, 798, 618, 798, 10341028, 5, 13, 240, 337, 36, 723, 1001, 112, 6, 194, 301, 240
612, 798, 646, 798, 10341028, 3, 13, 194, 337, 36, 723, 1001, 112, 6, 194, 301, 240
612, 798, 601, 858, 10341028, 1, 13, 112, 337, 36, 723, 1001, 112, 6, 194, 301, 240
612, 798, 686, 798, 10341028, 2, 13, 6, 337, 36, 723, 1001, 112, 6, 194, 301, 240
601, 858, 598, 924, 10341430, 1, 14, 109, 112, 36, 723, 1001, 109, 219, 10000000, 10000000, 10000000
601, 858, 598, 965, 10341430, 2, 14, 219, 112, 36, 723, 1001, 109, 219, 10000000, 10000000, 10000000
598, 924, 598, 965, 10341832, 5, 15, 219, 109, 36, 723, 1001, 322, 361, 253, 140, 219
398, 347, 401, 412, 10343016, 5, 8, 388, 116, 36, 723, 1001, 104, 217, 300, 395, 388
398, 347, 401, 412, 10343016, 4, 8, 395, 116, 36, 723, 1001, 104, 217, 300, 395, 388
398, 347, 401, 416, 10343016, 3, 8, 300, 116, 36, 723, 1001, 104, 217, 300, 395, 388
398, 347, 401, 431, 10343016, 2, 8, 217, 116, 36, 723, 1001, 104, 217, 300, 395, 388
398, 347, 401, 467, 10343016, 1, 8, 104, 116, 36, 723, 1001, 104, 217, 300, 395, 388
401, 467, 398, 532, 10343418, 1, 9, 115, 104, 36, 723, 1001, 115, 154, 10000000, 10000000, 10000000
401, 467, 401, 638, 10343418, 2, 9, 154, 104, 36, 723, 1001, 115, 154, 10000000, 10000000, 10000000
398, 532, 401, 638, 10343820, 2, 10, 154, 115, 36, 723, 1001, 79, 154, 162, 182, 96
398, 532, 401, 680, 10343820, 1, 10, 79, 115, 36, 723, 1001, 79, 154, 162, 182, 96
401, 680, 398, 728, 10344223, 2, 11, 108, 79, 36, 723, 1001, 177, 108, 292, 31, 10000000
401, 680, 401, 843, 10344223, 1, 11, 177, 79, 36, 723, 1001, 177, 108, 292, 31, 10000000
401, 843, 401, 882, 10344625, 1, 12, 31, 177, 36, 723, 1001, 31, 82, 52, 289, 169
401, 843, 398, 920, 10344625, 3, 12, 52, 177, 36, 723, 1001, 31, 82, 52, 289, 169
401, 843, 398, 957, 10344625, 5, 12, 169, 177, 36, 723, 1001, 31, 82, 52, 289, 169
401, 882, 398, 920, 10345027, 1, 13, 52, 31, 36, 723, 1001, 52, 289, 169, 82, 10000000
401, 882, 398, 957, 10345027, 3, 13, 169, 31, 36, 723, 1001, 52, 289, 169, 82, 10000000
401, 882, 398, 979, 10345027, 2, 13, 289, 31, 36, 723, 1001, 52, 289, 169, 82, 10000000
398, 920, 398, 979, 10345429, 5, 14, 289, 52, 36, 723, 1001, 327, 364, 231, 195, 289
598, 751, 612, 798, 10348625, 4, 12, 337, 204, 36, 723, 1001, 109, 112, 240, 337, 358
598, 751, 587, 801, 10348625, 5, 12, 358, 204, 36, 723, 1001, 109, 112, 240, 337, 358
598, 751, 601, 858, 10348626, 2, 12, 112, 204, 36, 723, 1001, 109, 112, 240, 337, 358
598, 378, 601, 412, 10351418, 5, 9, 347, 290, 36, 723, 1001, 85, 179, 21, 286, 347
598, 378, 601, 419, 10351418, 4, 9, 286, 290, 36, 723, 1001, 85, 179, 21, 286, 347
598, 378, 601, 445, 10351418, 2, 9, 179, 290, 36, 723, 1001, 85, 179, 21, 286, 347
598, 378, 601, 488, 10351418, 3, 9, 21, 290, 36, 723, 1001, 85, 179, 21, 286, 347
598, 378, 598, 515, 10351418, 1, 9, 85, 290, 36, 723, 1001, 85, 179, 21, 286, 347
598, 515, 598, 580, 10351821, 4, 10, 243, 85, 36, 723, 1001, 4, 186, 332, 243, 273
598, 515, 598, 587, 10351821, 3, 10, 332, 85, 36, 723, 1001, 4, 186, 332, 243, 273
598, 515, 601, 647, 10351821, 2, 10, 186, 85, 36, 723, 1001, 4, 186, 332, 243, 273
587, 801, 612, 798, 10353028, 3, 13, 337, 358, 36, 723, 1001, 112, 6, 337, 194, 109
587, 801, 646, 798, 10353028, 4, 13, 194, 358, 36, 723, 1001, 112, 6, 337, 194, 109
587, 801, 686, 798, 10353028, 2, 13, 6, 358, 36, 723, 1001, 112, 6, 337, 194, 109
601, 858, 598, 965, 10353028, 2, 13, 219, 112, 36, 723, 1001, 109, 219, 10000000, 10000000, 10000000
601, 647, 601, 690, 10356223, 3, 11, 4, 186, 36, 723, 1001, 19, 309, 4, 236, 112
598, 965, 612, 998, 10357430, 5, 14, 322, 219, 36, 723, 1001, 140, 80, 253, 361, 322
598, 965, 612, 998, 10357430, 4, 14, 361, 219, 36, 723, 1001, 140, 80, 253, 361, 322
398, 979, 412, 998, 10361832, 4, 15, 327, 289, 36, 723, 1001, 195, 42, 364, 327, 231
398, 979, 412, 998, 10361832, 3, 15, 364, 289, 36, 723, 1001, 195, 42, 364, 327, 231
398, 979, 421, 998, 10361832, 5, 15, 231, 289, 36, 723, 1001, 195, 42, 364, 327, 231
601, 419, 601, 446, 10363820, 3, 10, 179, 286, 36, 723, 1001, 21, 332, 179, 130, 85
601, 419, 601, 488, 10363820, 1, 10, 21, 286, 36, 723, 1001, 21, 332, 179, 130, 85
601, 419, 598, 514, 10363820, 5, 10, 85, 286, 36, 723, 1001, 21, 332, 179, 130, 85
601, 419, 598, 552, 10363821, 4, 10, 130, 286, 36, 723, 1001, 21, 332, 179, 130, 85
601, 419, 598, 587, 10363821, 2, 10, 332, 286, 36, 723, 1001, 21, 332, 179, 130, 85
601, 488, 598, 514, 10364222, 5, 11, 85, 21, 36, 723, 1001, 332, 130, 186, 243, 85
601, 488, 598, 552, 10364223, 2, 11, 130, 21, 36, 723, 1001, 332, 130, 186, 243, 85
601, 488, 598, 580, 10364223, 4, 11, 243, 21, 36, 723, 1001, 332, 130, 186, 243, 85
601, 488, 598, 587, 10364223, 1, 11, 332, 21, 36, 723, 1001, 332, 130, 186, 243, 85
612, 998, 642, 998, 10369832, 3, 15, 140, 361, 36, 723, 1001, 36, 80, 140, 147, 281
612, 998, 685, 998, 10369832, 2, 15, 80, 361, 36, 723, 1001, 36, 80, 140, 147, 281
612, 998, 717, 1001, 10369832, 36, 15, 36, 361, 36, 723, 1001, 36, 80, 140, 147, 281
198, 140, 201, 212, 11300200, 5, 1, 368, 199, 57, 900, 798, 23, 132, 249, 193, 368
198, 140, 201, 224, 11300200, 3, 1, 249, 199, 57, 900, 798, 23, 132, 249, 193, 368
198, 140, 198, 338, 11300200, 4, 1, 193, 199, 57, 900, 798, 23, 132, 249, 193, 368
201, 224, 201, 298, 11308602, 3, 2, 23, 249, 57, 900, 798, 305, 193, 23, 386, 399
201, 224, 198, 337, 11308602, 2, 2, 193, 249, 57, 900, 798, 305, 193, 23, 386, 399
201, 224, 198, 387, 11308602, 5, 2, 399, 249, 57, 900, 798, 305, 193, 23, 386, 399
198, 337, 201, 412, 11313004, 3, 3, 363, 193, 57, 900, 798, 65, 205, 363, 311, 299
198, 337, 201, 412, 11313004, 4, 3, 311, 193, 57, 900, 798, 65, 205, 363, 311, 299
198, 337, 201, 425, 11313004, 5, 3, 299, 193, 57, 900, 798, 65, 205, 363, 311, 299
198, 337, 201, 459, 11313005, 2, 3, 205, 193, 57, 900, 798, 65, 205, 363, 311, 299
201, 459, 201, 499, 11317407, 3, 4, 65, 205, 57, 900, 798, 276, 222, 65, 188, 45
201, 459, 198, 554, 11317407, 2, 4, 222, 205, 57, 900, 798, 276, 222, 65, 188, 45
201, 459, 201, 623, 11317407, 1, 4, 276, 205, 57, 900, 798, 276, 222, 65, 188, 45
201, 623, 201, 657, 11317809, 4, 5, 210, 276, 57, 900, 798, 107, 324, 67, 210, 10
201, 623, 198, 697, 11317809, 5, 5, 10, 276, 57, 900, 798, 107, 324, 67, 210, 10
201, 623, 201, 706, 11317809, 3, 5, 67, 276, 57, 900, 798, 107, 324, 67, 210, 10
201, 499, 198, 520, 11325809, 4, 5, 113, 65, 57, 900, 798, 210, 276, 222, 113, 45
201, 499, 198, 554, 11325809, 3, 5, 222, 65, 57, 900, 798, 210, 276, 222, 113, 45
201, 499, 201, 624, 11325809, 2, 5, 276, 65, 57, 900, 798, 210, 276, 222, 113, 45
201, 499, 201, 658, 11325809, 1, 5, 210, 65, 57, 900, 798, 210, 276, 222, 113, 45
198, 697, 201, 812, 11334212, 1, 6, 324, 10, 57, 900, 798, 324, 271, 136, 246, 190
198, 697, 201, 826, 11334212, 4, 6, 246, 10, 57, 900, 798, 324, 271, 136, 246, 190
198, 697, 201, 859, 11334212, 5, 6, 190, 10, 57, 900, 798, 324, 271, 136, 246, 190
201, 812, 226, 798, 11334614, 3, 7, 271, 324, 57, 900, 798, 3, 136, 271, 10000000, 10000000
201, 812, 259, 798, 11334614, 2, 7, 136, 324, 57, 900, 798, 3, 136, 271, 10000000, 10000000
259, 798, 290, 798, 11339016, 5, 8, 3, 136, 57, 900, 798, 352, 215, 95, 227, 3
259, 798, 304, 801, 11339016, 3, 8, 95, 136, 57, 900, 798, 352, 215, 95, 227, 3
259, 798, 341, 801, 11339016, 2, 8, 215, 136, 57, 900, 798, 352, 215, 95, 227, 3
259, 798, 375, 801, 11339016, 4, 8, 227, 136, 57, 900, 798, 352, 215, 95, 227, 3
259, 798, 387, 801, 11339016, 1, 8, 352, 136, 57, 900, 798, 352, 215, 95, 227, 3
387, 801, 457, 798, 11339419, 4, 9, 181, 352, 57, 900, 798, 33, 82, 317, 181, 141
387, 801, 498, 798, 11339419, 2, 9, 82, 352, 57, 900, 798, 33, 82, 317, 181, 141
387, 801, 507, 801, 11339419, 1, 9, 33, 352, 57, 900, 798, 33, 82, 317, 181, 141
387, 801, 538, 801, 11339419, 5, 9, 141, 352, 57, 900, 798, 33, 82, 317, 181, 141
507, 801, 587, 801, 11339821, 5, 10, 384, 33, 57, 900, 798, 194, 240, 337, 387, 384
507, 801, 587, 801, 11339821, 4, 10, 387, 33, 57, 900, 798, 194, 240, 337, 387, 384
507, 801, 612, 798, 11339821, 3, 10, 337, 33, 57, 900, 798, 194, 240, 337, 387, 384
507, 801, 624, 798, 11339821, 2, 10, 240, 33, 57, 900, 798, 194, 240, 337, 387, 384
624, 798, 658, 798, 11344223, 2, 11, 194, 240, 57, 900, 798, 6, 194, 211, 223, 301
624, 798, 699, 798, 11344223, 1, 11, 6, 240, 57, 900, 798, 6, 194, 211, 223, 301
699, 798, 813, 798, 11344626, 1, 12, 301, 6, 57, 900, 798, 301, 248, 223, 57, 211
699, 798, 830, 798, 11344626, 3, 12, 223, 6, 57, 900, 798, 301, 248, 223, 57, 211
699, 798, 862, 798, 11344626, 5, 12, 211, 6, 57, 900, 798, 301, 248, 223, 57, 211
813, 798, 830, 798, 11345028, 4, 13, 223, 301, 57, 900, 798, 57, 51, 211, 223, 196
813, 798, 862, 798, 11345028, 3, 13, 211, 301, 57, 900, 798, 57, 51, 211, 223, 196
813, 798, 905, 798, 11345028, 57, 13, 57, 301, 57, 900, 798, 57, 51, 211, 223, 196
201, 32, 201, 75, 12300200, 4, 1, 123, 235, 307, 1001, 812, 249, 368, 98, 123, 170
201, 32, 201, 98, 12300200, 3, 1, 98, 235, 307, 1001, 812, 249, 368, 98, 123, 170
201, 98, 198, 164, 12308602, 4, 2, 263, 98, 307, 1001, 812, 132, 313, 344, 263, 368
201, 98, 198, 185, 12308602, 3, 2, 344, 98, 307, 1001, 812, 132, 313, 344, 263, 368
201, 98, 201, 212, 12308602, 5, 2, 368, 98, 307, 1001, 812, 132, 313, 344, 263, 368
198, 185, 201, 271, 12317004, 5, 3, 132, 344, 307, 1001, 812, 386, 229, 27, 159, 132
198, 185, 198, 361, 12317005, 2, 3, 229, 344, 307, 1001, 812, 386, 229, 27, 159, 132
198, 361, 198, 384, 12321407, 4, 4, 305, 229, 307, 1001, 812, 399, 386, 366, 305, 311
198, 361, 198, 387, 12321407, 3, 4, 366, 229, 307, 1001, 812, 399, 386, 366, 305, 311
198, 361, 198, 387, 12321407, 2, 4, 386, 229, 307, 1001, 812, 399, 386, 366, 305, 311
198, 361, 198, 387, 12321407, 1, 4, 399, 229, 307, 1001, 812, 399, 386, 366, 305, 311
198, 361, 201, 415, 12321407, 5, 4, 311, 229, 307, 1001, 812, 399, 386, 366, 305, 311
198, 387, 233, 398, 12321809, 4, 5, 274, 399, 307, 1001, 812, 188, 65, 205, 274, 45
198, 387, 201, 472, 12321809, 3, 5, 205, 399, 307, 1001, 812, 188, 65, 205, 274, 45
198, 387, 201, 512, 12321809, 2, 5, 65, 399, 307, 1001, 812, 188, 65, 205, 274, 45
201, 512, 198, 541, 12326211, 3, 6, 222, 65, 307, 1001, 812, 210, 276, 222, 188, 45
201, 512, 201, 630, 12326211, 2, 6, 276, 65, 307, 1001, 812, 210, 276, 222, 188, 45
201, 512, 201, 671, 12326212, 1, 6, 210, 65, 307, 1001, 812, 210, 276, 222, 188, 45
201, 671, 201, 720, 12326614, 4, 7, 67, 210, 307, 1001, 812, 324, 107, 246, 67, 178
201, 671, 198, 733, 12326614, 5, 7, 178, 210, 307, 1001, 812, 324, 107, 246, 67, 178
201, 671, 201, 815, 12326614, 1, 7, 324, 210, 307, 1001, 812, 324, 107, 246, 67, 178
201, 671, 201, 835, 12326614, 3, 7, 246, 210, 307, 1001, 812, 324, 107, 246, 67, 178
201, 815, 235, 798, 12327016, 3, 8, 271, 324, 307, 1001, 812, 136, 3, 271, 10000000, 10000000
233, 398, 275, 398, 12334211, 4, 6, 188, 274, 307, 1001, 812, 278, 45, 372, 188, 18
233, 398, 285, 401, 12334211, 5, 6, 18, 274, 307, 1001, 812, 278, 45, 372, 188, 18
233, 398, 309, 398, 12334211, 2, 6, 45, 274, 307, 1001, 812, 278, 45, 372, 188, 18
233, 398, 364, 401, 12334211, 1, 6, 278, 274, 307, 1001, 812, 278, 45, 372, 188, 18
364, 401, 398, 387, 12334613, 3, 7, 351, 278, 307, 1001, 812, 24, 166, 351, 104, 217
364, 401, 401, 451, 12334613, 5, 7, 217, 278, 307, 1001, 812, 24, 166, 351, 104, 217
364, 401, 469, 398, 12334614, 2, 7, 166, 278, 307, 1001, 812, 24, 166, 351, 104, 217
364, 401, 513, 398, 12334614, 1, 7, 24, 278, 307, 1001, 812, 24, 166, 351, 104, 217
513, 398, 529, 401, 12335016, 5, 8, 144, 24, 307, 1001, 812, 347, 81, 120, 286, 144
513, 398, 601, 414, 12335016, 1, 8, 347, 24, 307, 1001, 812, 347, 81, 120, 286, 144
513, 398, 666, 398, 12335016, 3, 8, 120, 24, 307, 1001, 812, 347, 81, 120, 286, 144
601, 414, 601, 470, 12335418, 3, 9, 179, 347, 307, 1001, 812, 21, 85, 179, 130, 35
601, 414, 598, 490, 12335418, 2, 9, 85, 347, 307, 1001, 812, 21, 85, 179, 130, 35
235, 798, 271, 798, 12335418, 4, 9, 136, 271, 307, 1001, 812, 352, 3, 215, 136, 95
601, 414, 601, 515, 12335418, 1, 9, 21, 347, 307, 1001, 812, 21, 85, 179, 130, 35
601, 414, 598, 526, 12335418, 4, 9, 130, 347, 307, 1001, 812, 21, 85, 179, 130, 35
235, 798, 290, 801, 12335418, 5, 9, 95, 271, 307, 1001, 812, 352, 3, 215, 136, 95
235, 798, 304, 798, 12335418, 2, 9, 3, 271, 307, 1001, 812, 352, 3, 215, 136, 95
235, 798, 327, 801, 12335419, 3, 9, 215, 271, 307, 1001, 812, 352, 3, 215, 136, 95
235, 798, 387, 801, 12335419, 1, 9, 352, 271, 307, 1001, 812, 352, 3, 215, 136, 95
601, 515, 598, 526, 12335820, 5, 10, 130, 21, 307, 1001, 812, 332, 243, 186, 4, 130
601, 515, 598, 566, 12335821, 2, 10, 243, 21, 307, 1001, 812, 332, 243, 186, 4, 130
601, 515, 598, 584, 12335821, 1, 10, 332, 21, 307, 1001, 812, 332, 243, 186, 4, 130
387, 801, 472, 798, 12335821, 3, 10, 181, 352, 307, 1001, 812, 384, 82, 181, 33, 141
601, 515, 601, 717, 12335821, 4, 10, 4, 21, 307, 1001, 812, 332, 243, 186, 4, 130
387, 801, 496, 801, 12335821, 4, 10, 33, 352, 307, 1001, 812, 384, 82, 181, 33, 141
387, 801, 512, 798, 12335821, 2, 10, 82, 352, 307, 1001, 812, 384, 82, 181, 33, 141
598, 584, 635, 598, 12336223, 4, 11, 273, 332, 307, 1001, 812, 128, 4, 186, 273, 84
598, 584, 601, 673, 12336223, 3, 11, 186, 332, 307, 1001, 812, 128, 4, 186, 273, 84
598, 584, 601, 717, 12336223, 2, 11, 4, 332, 307, 1001, 812, 128, 4, 186, 273, 84
512, 798, 564, 801, 12340223, 5, 11, 257, 82, 307, 1001, 812, 194, 358, 387, 337, 257
512, 798, 587, 801, 12340223, 2, 11, 358, 82, 307, 1001, 812, 194, 358, 387, 337, 257
512, 798, 587, 801, 12340223, 3, 11, 387, 82, 307, 1001, 812, 194, 358, 387, 337, 257
512, 798, 614, 798, 12340223, 4, 11, 337, 82, 307, 1001, 812, 194, 358, 387, 337, 257
512, 798, 671, 798, 12340224, 1, 11, 194, 82, 307, 1001, 812, 194, 358, 387, 337, 257
601, 717, 598, 760, 12340625, 4, 12, 236, 4, 307, 1001, 812, 393, 360, 309, 236, 84
601, 717, 598, 784, 12340625, 3, 12, 309, 4, 307, 1001, 812, 393, 360, 309, 236, 84
671, 798, 713, 798, 12340626, 4, 12, 6, 194, 307, 1001, 812, 211, 223, 301, 6, 248
671, 798, 839, 798, 12340626, 2, 12, 223, 194, 307, 1001, 812, 211, 223, 301, 6, 248
398, 387, 401, 451, 12343016, 5, 8, 217, 351, 307, 1001, 812, 53, 166, 104, 24, 217
398, 387, 469, 398, 12343016, 2, 8, 166, 351, 307, 1001, 812, 53, 166, 104, 24, 217
398, 387, 490, 401, 12343016, 1, 8, 53, 351, 307, 1001, 812, 53, 166, 104, 24, 217
398, 387, 401, 491, 12343016, 3, 8, 104, 351, 307, 1001, 812, 53, 166, 104, 24, 217
490, 401, 601, 415, 12343418, 2, 9, 347, 53, 307, 1001, 812, 120, 347, 286, 35, 179
666, 398, 708, 398, 12343418, 5, 9, 35, 120, 307, 1001, 812, 283, 367, 234, 398, 35
666, 398, 764, 401, 12343419, 3, 9, 234, 120, 307, 1001, 812, 283, 367, 234, 398, 35
666, 398, 787, 401, 12343419, 2, 9, 367, 120, 307, 1001, 812, 283, 367, 234, 398, 35
666, 398, 787, 401, 12343419, 4, 9, 398, 120, 307, 1001, 812, 283, 367, 234, 398, 35
666, 398, 835, 398, 12343419, 1, 9, 283, 120, 307, 1001, 812, 283, 367, 234, 398, 35
835, 398, 898, 401, 12343821, 5, 10, 76, 283, 307, 1001, 812, 111, 93, 245, 127, 76
835, 398, 908, 398, 12343821, 2, 10, 93, 283, 307, 1001, 812, 111, 93, 245, 127, 76
587, 801, 614, 798, 12344625, 5, 12, 337, 358, 307, 1001, 812, 301, 6, 194, 240, 337
587, 801, 631, 798, 12344626, 4, 12, 240, 358, 307, 1001, 812, 301, 6, 194, 240, 337
587, 801, 671, 798, 12344626, 3, 12, 194, 358, 307, 1001, 812, 301, 6, 194, 240, 337
587, 801, 713, 798, 12344626, 2, 12, 6, 358, 307, 1001, 812, 301, 6, 194, 240, 337
839, 798, 876, 798, 12345028, 4, 13, 211, 223, 307, 1001, 812, 329, 57, 196, 211, 51
839, 798, 897, 801, 12345028, 5, 13, 51, 223, 307, 1001, 812, 329, 57, 196, 211, 51
839, 798, 921, 798, 12345029, 2, 13, 57, 223, 307, 1001, 812, 329, 57, 196, 211, 51
839, 798, 984, 801, 12345029, 1, 13, 329, 223, 307, 1001, 812, 329, 57, 196, 211, 51
984, 801, 1001, 812, 12345431, 1, 14, 355, 329, 307, 1001, 812, 355, 307, 10000000, 10000000, 10000000
984, 801, 1001, 816, 12345431, 307, 14, 307, 329, 307, 1001, 812, 355, 307, 10000000, 10000000, 10000000
15, -1, 65, 1, 13300200, 5, 1, 38, 326, 391, 998, 991, 8, 11, 153, 160, 38
15, -1, 82, -1, 13300200, 3, 1, 153, 326, 391, 998, 991, 8, 11, 153, 160, 38
15, -1, 114, -1, 13300200, 1, 1, 8, 326, 391, 998, 991, 8, 11, 153, 160, 38
114, -1, 162, 1, 13300602, 5, 2, 270, 8, 391, 998, 991, 62, 323, 343, 170, 270
114, -1, 181, 1, 13300602, 3, 2, 343, 8, 391, 998, 991, 62, 323, 343, 170, 270
114, -1, 201, 18, 13300602, 2, 2, 323, 8, 391, 998, 991, 62, 323, 343, 170, 270
201, 18, 198, 58, 13305004, 4, 3, 60, 323, 391, 998, 991, 199, 98, 123, 60, 7
201, 18, 201, 87, 13305004, 3, 3, 123, 323, 391, 998, 991, 199, 98, 123, 60, 7
201, 18, 201, 110, 13305004, 2, 3, 98, 323, 391, 998, 991, 199, 98, 123, 60, 7
201, 18, 198, 113, 13305004, 1, 3, 199, 323, 391, 998, 991, 199, 98, 123, 60, 7
198, 113, 201, 212, 13305407, 5, 4, 368, 199, 391, 998, 991, 132, 249, 23, 313, 368
198, 113, 201, 221, 13305407, 4, 4, 313, 199, 391, 998, 991, 132, 249, 23, 313, 368
198, 113, 201, 285, 13305407, 1, 4, 132, 199, 391, 998, 991, 132, 249, 23, 313, 368
201, 285, 198, 350, 13305809, 1, 5, 229, 132, 391, 998, 991, 229, 363, 366, 305, 399
201, 285, 198, 381, 13305809, 4, 5, 305, 132, 391, 998, 991, 229, 363, 366, 305, 399
201, 285, 198, 387, 13305809, 3, 5, 366, 132, 391, 998, 991, 229, 363, 366, 305, 399
201, 285, 198, 387, 13305809, 5, 5, 399, 132, 391, 998, 991, 229, 363, 366, 305, 399
201, 285, 201, 412, 13305809, 2, 5, 363, 132, 391, 998, 991, 229, 363, 366, 305, 399
198, 350, 198, 387, 13306211, 5, 6, 399, 229, 391, 998, 991, 65, 222, 205, 363, 399
198, 350, 201, 412, 13306211, 4, 6, 363, 229, 391, 998, 991, 65, 222, 205, 363, 399
198, 350, 201, 486, 13306212, 3, 6, 205, 229, 391, 998, 991, 65, 222, 205, 363, 399
198, 350, 198, 528, 13306212, 2, 6, 222, 229, 391, 998, 991, 65, 222, 205, 363, 399
198, 528, 198, 669, 13310614, 4, 7, 10, 222, 391, 998, 991, 210, 276, 67, 10, 107
198, 528, 201, 685, 13310614, 1, 7, 210, 222, 391, 998, 991, 210, 276, 67, 10, 107
201, 685, 201, 734, 13311017, 4, 8, 67, 210, 391, 998, 991, 59, 246, 324, 67, 107
201, 685, 201, 819, 13311017, 3, 8, 324, 210, 391, 998, 991, 59, 246, 324, 67, 107
201, 685, 198, 880, 13311017, 1, 8, 59, 210, 391, 998, 991, 59, 246, 324, 67, 107
198, 880, 201, 887, 13311419, 5, 9, 190, 59, 391, 998, 991, 55, 218, 296, 172, 190
198, 880, 201, 917, 13311419, 1, 9, 55, 59, 391, 998, 991, 55, 218, 296, 172, 190
198, 880, 198, 919, 13311419, 4, 9, 172, 59, 391, 998, 991, 55, 218, 296, 172, 190
198, 880, 198, 953, 13311419, 3, 9, 296, 59, 391, 998, 991, 55, 218, 296, 172, 190
8, -1, 9, -1, 14300200, 1, 1, 369, 394, 97, 929, 998, 369, 11, 346, 8, 160
8, -1, 1, 95, 14300200, 5, 1, 160, 394, 97, 929, 998, 369, 11, 346, 8, 160
8, -1, 126, -1, 14300200, 4, 1, 8, 394, 97, 929, 998, 369, 11, 346, 8, 160
8, -1, 1, 134, 14300200, 2, 1, 11, 394, 97, 929, 998, 369, 11, 346, 8, 160
9, -1, 97, -1, 14300602, 5, 2, 153, 369, 97, 929, 998, 11, 8, 270, 160, 153
9, -1, 1, 95, 14300602, 4, 2, 160, 369, 97, 929, 998, 11, 8, 270, 160, 153
9, -1, 126, -1, 14300602, 2, 2, 8, 369, 97, 929, 998, 11, 8, 270, 160, 153
9, -1, 1, 134, 14300602, 1, 2, 11, 369, 97, 929, 998, 11, 8, 270, 160, 153
9, -1, 151, 1, 14300602, 3, 2, 270, 369, 97, 929, 998, 11, 8, 270, 160, 153
1, 134, 1, 212, 14301004, 1, 3, 379, 11, 97, 929, 998, 379, 346, 176, 32, 284
1, 134, 1, 225, 14301004, 2, 3, 346, 11, 97, 929, 998, 379, 346, 176, 32, 284
1, 134, 1, 256, 14301004, 5, 3, 284, 11, 97, 929, 998, 379, 346, 176, 32, 284
1, 212, 58, 201, 14301406, 4, 4, 17, 379, 97, 929, 998, 32, 176, 216, 17, 348
1, 212, 1, 305, 14301407, 2, 4, 176, 379, 97, 929, 998, 32, 176, 216, 17, 348
1, 212, 1, 344, 14301407, 1, 4, 32, 379, 97, 929, 998, 32, 176, 216, 17, 348
1, 344, -1, 371, 14301809, 3, 5, 348, 32, 97, 929, 998, 201, 50, 348, 191, 43
1, 344, -1, 476, 14301809, 2, 5, 50, 32, 97, 929, 998, 201, 50, 348, 191, 43
1, 344, -1, 502, 14301809, 1, 5, 201, 32, 97, 929, 998, 201, 50, 348, 191, 43
-1, 502, 1, 612, 14302212, 3, 6, 374, 201, 97, 929, 998, 163, 267, 374, 214, 328
-1, 502, 1, 628, 14302212, 5, 6, 328, 201, 97, 929, 998, 163, 267, 374, 214, 328
-1, 502, 1, 654, 14302212, 2, 6, 267, 201, 97, 929, 998, 163, 267, 374, 214, 328
126, -1, 201, 24, 14305004, 3, 3, 323, 8, 97, 929, 998, 149, 62, 323, 365, 170
126, -1, 213, -1, 14305004, 4, 3, 365, 8, 97, 929, 998, 149, 62, 323, 365, 170
126, -1, 264, 1, 14305004, 2, 3, 62, 8, 97, 929, 998, 149, 62, 323, 365, 170
1, 654, -1, 741, 14306614, 4, 7, 242, 267, 97, 929, 998, 89, 28, 275, 242, 134
1, 654, 1, 742, 14306614, 2, 7, 28, 267, 97, 929, 998, 89, 28, 275, 242, 134
1, 654, -1, 866, 14306614, 1, 7, 89, 267, 97, 929, 998, 89, 28, 275, 242, 134
-1, 866, 1, 899, 14307017, 5, 8, 142, 89, 97, 929, 998, 396, 392, 353, 22, 142
-1, 866, 12, 798, 14307017, 3, 8, 353, 89, 97, 929, 998, 396, 392, 353, 22, 142
-1, 866, 12, 798, 14307017, 2, 8, 392, 89, 97, 929, 998, 396, 392, 353, 22, 142
-1, 866, 12, 798, 14307017, 1, 8, 396, 89, 97, 929, 998, 396, 392, 353, 22, 142
-1, 866, 1, 962, 14307017, 4, 8, 22, 89, 97, 929, 998, 396, 392, 353, 22, 142
12, 798, 50, 801, 14307419, 5, 9, 68, 396, 97, 929, 998, 22, 77, 208, 233, 68
12, 798, 54, 798, 14307419, 4, 9, 233, 396, 97, 929, 998, 22, 77, 208, 233, 68
12, 798, 97, 798, 14307419, 3, 9, 208, 396, 97, 929, 998, 22, 77, 208, 233, 68
12, 798, 149, 798, 14307419, 2, 9, 77, 396, 97, 929, 998, 22, 77, 208, 233, 68
264, 1, 330, -1, 14309407, 5, 4, 7, 62, 97, 929, 998, 288, 373, 320, 156, 7
264, 1, 401, 12, 14309407, 2, 4, 373, 62, 97, 929, 998, 288, 373, 320, 156, 7
149, 798, 201, 825, 14311821, 3, 10, 324, 77, 97, 929, 998, 227, 95, 324, 136, 271
149, 798, 261, 801, 14311821, 2, 10, 95, 77, 97, 929, 998, 227, 95, 324, 136, 271
149, 798, 296, 798, 14311822, 4, 10, 136, 77, 97, 929, 998, 227, 95, 324, 136, 271
58, 201, 139, 198, 14313809, 5, 5, 56, 17, 97, 929, 998, 368, 313, 159, 238, 56
58, 201, 145, 201, 14313809, 4, 5, 238, 17, 97, 929, 998, 368, 313, 159, 238, 56
58, 201, 201, 212, 14313809, 1, 5, 368, 17, 97, 929, 998, 368, 313, 159, 238, 56
401, 12, 401, 58, 14313809, 4, 5, 254, 373, 97, 929, 998, 48, 158, 100, 254, 260
401, 12, 398, 58, 14313809, 3, 5, 100, 373, 97, 929, 998, 48, 158, 100, 254, 260
401, 12, 401, 98, 14313809, 2, 5, 158, 373, 97, 929, 998, 48, 158, 100, 254, 260
401, 12, 401, 132, 14313809, 1, 5, 48, 373, 97, 929, 998, 48, 158, 100, 254, 260
401, 12, 398, 134, 14313809, 5, 5, 260, 373, 97, 929, 998, 48, 158, 100, 254, 260
201, 212, 198, 295, 14314211, 5, 6, 193, 368, 97, 929, 998, 305, 23, 229, 132, 193
201, 212, 201, 300, 14314211, 4, 6, 132, 368, 97, 929, 998, 305, 23, 229, 132, 193
201, 212, 198, 338, 14314211, 3, 6, 229, 368, 97, 929, 998, 305, 23, 229, 132, 193
201, 212, 201, 338, 14314211, 2, 6, 23, 368, 97, 929, 998, 305, 23, 229, 132, 193
401, 132, 398, 172, 14314211, 4, 6, 325, 48, 97, 929, 998, 224, 118, 378, 325, 10000000
401, 132, 398, 186, 14314211, 3, 6, 378, 48, 97, 929, 998, 224, 118, 378, 325, 10000000
261, 801, 331, 798, 14316224, 5, 11, 3, 95, 97, 929, 998, 352, 181, 304, 227, 3
261, 801, 347, 801, 14316224, 4, 11, 227, 95, 97, 929, 998, 352, 181, 304, 227, 3
261, 801, 372, 801, 14316224, 3, 11, 304, 95, 97, 929, 998, 352, 181, 304, 227, 3
201, 338, 198, 387, 14318613, 5, 7, 386, 23, 97, 929, 998, 222, 113, 205, 299, 386
201, 338, 201, 456, 14318614, 4, 7, 299, 23, 97, 929, 998, 222, 113, 205, 299, 386
201, 338, 198, 484, 14318614, 2, 7, 113, 23, 97, 929, 998, 222, 113, 205, 299, 386
201, 825, 201, 902, 14320224, 5, 11, 190, 324, 97, 929, 998, 136, 271, 3, 55, 190
201, 825, 201, 929, 14320224, 4, 11, 55, 324, 97, 929, 998, 136, 271, 3, 55, 190
398, 186, 466, 201, 14322614, 3, 7, 49, 378, 97, 929, 998, 41, 118, 49, 244, 117
398, 186, 401, 297, 14322614, 2, 7, 118, 378, 97, 929, 998, 41, 118, 49, 244, 117
198, 484, 198, 513, 14323016, 5, 8, 222, 113, 97, 929, 998, 276, 10, 210, 65, 222
198, 484, 201, 539, 14323016, 4, 8, 65, 113, 97, 929, 998, 276, 10, 210, 65, 222
198, 484, 201, 650, 14323016, 1, 8, 276, 113, 97, 929, 998, 276, 10, 210, 65, 222
201, 650, 201, 698, 14323419, 3, 9, 210, 276, 97, 929, 998, 67, 178, 210, 107, 295
201, 650, 198, 708, 14323419, 2, 9, 178, 276, 97, 929, 998, 67, 178, 210, 107, 295
201, 650, 198, 740, 14323419, 5, 9, 295, 276, 97, 929, 998, 67, 178, 210, 107, 295
201, 650, 201, 749, 14323419, 1, 9, 67, 276, 97, 929, 998, 67, 178, 210, 107, 295
201, 749, 201, 825, 14323821, 3, 10, 324, 67, 97, 929, 998, 59, 246, 324, 55, 190
201, 749, 201, 858, 14323821, 2, 10, 246, 67, 97, 929, 998, 59, 246, 324, 55, 190
201, 749, 198, 867, 14323821, 1, 10, 59, 67, 97, 929, 998, 59, 246, 324, 55, 190
198, 867, 201, 902, 14324223, 3, 11, 190, 59, 97, 929, 998, 55, 296, 190, 172, 218
198, 867, 198, 905, 14324223, 4, 11, 172, 59, 97, 929, 998, 55, 296, 190, 172, 218
198, 867, 201, 929, 14324223, 1, 11, 55, 59, 97, 929, 998, 55, 296, 190, 172, 218
198, 867, 198, 939, 14324223, 2, 11, 296, 59, 97, 929, 998, 55, 296, 190, 172, 218
372, 801, 473, 801, 14324626, 5, 12, 33, 304, 97, 929, 998, 82, 181, 141, 31, 33
372, 801, 497, 801, 14324626, 3, 12, 141, 304, 97, 929, 998, 82, 181, 141, 31, 33
372, 801, 503, 798, 14324626, 2, 12, 181, 304, 97, 929, 998, 82, 181, 141, 31, 33
401, 297, 398, 365, 14327016, 5, 8, 302, 118, 97, 929, 998, 349, 395, 388, 381, 302
401, 297, 401, 412, 14327016, 4, 8, 381, 118, 97, 929, 998, 349, 395, 388, 381, 302
401, 297, 401, 412, 14327016, 2, 8, 395, 118, 97, 929, 998, 349, 395, 388, 381, 302
401, 297, 401, 418, 14327016, 1, 8, 349, 118, 97, 929, 998, 349, 395, 388, 381, 302
401, 418, 401, 477, 14327418, 2, 9, 217, 349, 97, 929, 998, 104, 217, 166, 24, 279
401, 418, 401, 514, 14327418, 1, 9, 104, 349, 97, 929, 998, 104, 217, 166, 24, 279
401, 514, 401, 686, 14327821, 3, 10, 154, 104, 97, 929, 998, 79, 108, 154, 10000000, 10000000
503, 798, 574, 801, 14329028, 5, 13, 317, 181, 97, 929, 998, 240, 337, 358, 384, 317
503, 798, 587, 801, 14329029, 3, 13, 358, 181, 97, 929, 998, 240, 337, 358, 384, 317
503, 798, 587, 801, 14329029, 4, 13, 384, 181, 97, 929, 998, 240, 337, 358, 384, 317
503, 798, 625, 798, 14329029, 2, 13, 337, 181, 97, 929, 998, 240, 337, 358, 384, 317
503, 798, 652, 798, 14329029, 1, 13, 240, 181, 97, 929, 998, 240, 337, 358, 384, 317
652, 798, 698, 798, 14329431, 2, 14, 194, 240, 97, 929, 998, 6, 194, 112, 301, 223
652, 798, 740, 798, 14329431, 1, 14, 6, 240, 97, 929, 998, 6, 194, 112, 301, 223
652, 798, 828, 798, 14329431, 4, 14, 301, 240, 97, 929, 998, 6, 194, 112, 301, 223
740, 798, 828, 798, 14329833, 3, 15, 301, 6, 97, 929, 998, 196, 223, 301, 248, 211
740, 798, 863, 798, 14329833, 2, 15, 223, 6, 97, 929, 998, 196, 223, 301, 248, 211
740, 798, 903, 798, 14329834, 5, 15, 211, 6, 97, 929, 998, 196, 223, 301, 248, 211
466, 201, 547, 201, 14331016, 4, 8, 239, 49, 97, 929, 998, 380, 285, 312, 239, 88
466, 201, 554, 198, 14331016, 5, 8, 88, 49, 97, 929, 998, 380, 285, 312, 239, 88
466, 201, 571, 201, 14331016, 3, 8, 312, 49, 97, 929, 998, 380, 285, 312, 239, 88
466, 201, 586, 201, 14331016, 1, 8, 380, 49, 97, 929, 998, 380, 285, 312, 239, 88
586, 201, 598, 306, 14331418, 2, 9, 206, 380, 97, 929, 998, 114, 206, 102, 213, 137
586, 201, 696, 198, 14331418, 5, 9, 137, 380, 97, 929, 998, 114, 206, 102, 213, 137
586, 201, 738, 198, 14331419, 3, 9, 102, 380, 97, 929, 998, 114, 206, 102, 213, 137
863, 798, 946, 801, 14334236, 5, 16, 252, 223, 97, 929, 998, 307, 355, 226, 248, 252
863, 798, 1001, 812, 14334236, 2, 16, 355, 223, 97, 929, 998, 307, 355, 226, 248, 252
598, 306, 598, 338, 14335820, 5, 10, 290, 206, 97, 929, 998, 286, 347, 179, 85, 290
598, 306, 598, 465, 14335821, 4, 10, 85, 206, 97, 929, 998, 286, 347, 179, 85, 290
598, 306, 601, 497, 14335821, 3, 10, 179, 206, 97, 929, 998, 286, 347, 179, 85, 290
401, 686, 401, 734, 14336223, 1, 11, 79, 154, 97, 929, 998, 79, 292, 162, 96, 177
401, 686, 401, 855, 14336224, 2, 11, 292, 154, 97, 929, 998, 79, 292, 162, 96, 177
401, 734, 401, 855, 14336626, 3, 12, 292, 79, 97, 929, 998, 169, 52, 292, 352, 177
401, 734, 401, 896, 14336626, 5, 12, 177, 79, 97, 929, 998, 169, 52, 292, 352, 177
1001, 812, 1001, 854, 14338638, 5, 17, 226, 355, 97, 929, 998, 63, 203, 383, 391, 226
1001, 812, 1001, 894, 14338638, 2, 17, 203, 355, 97, 929, 998, 63, 203, 383, 391, 226
1001, 812, 1001, 927, 14338638, 1, 17, 63, 355, 97, 929, 998, 63, 203, 383, 391, 226
1001, 812, 998, 991, 14338639, 3, 17, 383, 355, 97, 929, 998, 63, 203, 383, 391, 226
1001, 927, 998, 943, 14339040, 5, 18, 258, 63, 97, 929, 998, 391, 375, 321, 333, 258
1001, 927, 998, 975, 14339040, 3, 18, 321, 63, 97, 929, 998, 391, 375, 321, 333, 258
1001, 927, 998, 990, 14339041, 2, 18, 375, 63, 97, 929, 998, 391, 375, 321, 333, 258
1001, 927, 998, 991, 14339041, 1, 18, 391, 63, 97, 929, 998, 391, 375, 321, 333, 258
998, 991, 978, 1001, 14339443, 4, 19, 333, 391, 97, 929, 998, 97, 265, 198, 333, 1
998, 991, 943, 1001, 14339443, 2, 19, 265, 391, 97, 929, 998, 97, 265, 198, 333, 1
998, 991, 934, 998, 14339443, 97, 19, 97, 391, 97, 929, 998, 97, 265, 198, 333, 1
91, 1, 234, -1, 15300200, 3, 1, 330, 150, 51, 866, 801, 170, 266, 330, 62, 323
91, 1, 250, 1, 15300200, 4, 1, 62, 150, 51, 866, 801, 170, 266, 330, 62, 323
234, -1, 291, 1, 15308602, 4, 2, 149, 330, 51, 866, 801, 288, 7, 170, 149, 98
234, -1, 313, -1, 15308602, 3, 2, 170, 330, 51, 866, 801, 288, 7, 170, 149, 98
234, -1, 342, -1, 15308602, 2, 2, 7, 330, 51, 866, 801, 288, 7, 170, 149, 98
342, -1, 401, 14, 15313005, 5, 3, 373, 7, 51, 866, 801, 200, 320, 156, 61, 373
342, -1, 401, 33, 15313005, 2, 3, 320, 7, 51, 866, 801, 200, 320, 156, 61, 373
342, -1, 449, 1, 15313005, 4, 3, 61, 7, 51, 866, 801, 200, 320, 156, 61, 373
401, 33, 401, 114, 15317407, 4, 4, 158, 320, 51, 866, 801, 48, 378, 260, 158, 325
401, 33, 398, 121, 15317407, 3, 4, 260, 320, 51, 866, 801, 48, 378, 260, 158, 325
401, 33, 401, 144, 15317407, 1, 4, 48, 320, 51, 866, 801, 48, 378, 260, 158, 325
401, 33, 398, 162, 15317407, 5, 4, 325, 320, 51, 866, 801, 48, 378, 260, 158, 325
401, 144, 398, 162, 15317809, 5, 5, 325, 48, 51, 866, 801, 302, 224, 118, 378, 325
401, 144, 398, 184, 15317809, 4, 5, 378, 48, 51, 866, 801, 302, 224, 118, 378, 325
401, 144, 401, 310, 15317809, 3, 5, 118, 48, 51, 866, 801, 302, 224, 118, 378, 325
449, 1, 501, 1, 15325407, 5, 4, 200, 61, 51, 866, 801, 338, 5, 298, 156, 200
449, 1, 517, -1, 15325407, 4, 4, 156, 61, 51, 866, 801, 338, 5, 298, 156, 200
449, 1, 531, 1, 15325407, 3, 4, 298, 61, 51, 866, 801, 338, 5, 298, 156, 200
449, 1, 556, -1, 15325407, 2, 4, 5, 61, 51, 866, 801, 338, 5, 298, 156, 200
449, 1, 566, 1, 15325407, 1, 4, 338, 61, 51, 866, 801, 338, 5, 298, 156, 200
566, 1, 729, 1, 15325810, 4, 5, 225, 338, 51, 866, 801, 291, 155, 91, 225, 105
401, 310, 401, 412, 15326212, 4, 6, 388, 118, 51, 866, 801, 115, 349, 395, 388, 381
401, 310, 401, 412, 15326212, 3, 6, 395, 118, 51, 866, 801, 115, 349, 395, 388, 381
401, 310, 401, 412, 15326212, 5, 6, 381, 118, 51, 866, 801, 115, 349, 395, 388, 381
401, 310, 401, 424, 15326212, 2, 6, 349, 118, 51, 866, 801, 115, 349, 395, 388, 381
401, 424, 398, 477, 15330614, 4, 7, 115, 349, 51, 866, 801, 104, 217, 166, 115, 279
401, 424, 401, 490, 15330614, 2, 7, 217, 349, 51, 866, 801, 104, 217, 166, 115, 279
401, 424, 401, 526, 15330614, 1, 7, 104, 349, 51, 866, 801, 104, 217, 166, 115, 279
401, 526, 401, 699, 15331017, 3, 8, 154, 104, 51, 866, 801, 79, 108, 154, 166, 10000000
729, 1, 787, 1, 15338212, 2, 6, 382, 225, 51, 866, 801, 362, 382, 247, 185, 331
729, 1, 814, -1, 15338212, 1, 6, 362, 225, 51, 866, 801, 362, 382, 247, 185, 331
729, 1, 833, -1, 15338212, 5, 6, 331, 225, 51, 866, 801, 362, 382, 247, 185, 331
729, 1, 897, 1, 15338212, 4, 6, 185, 225, 51, 866, 801, 362, 382, 247, 185, 331
814, -1, 833, -1, 15338614, 5, 7, 331, 362, 51, 866, 801, 75, 73, 247, 185, 331
814, -1, 868, -1, 15338614, 3, 7, 247, 362, 51, 866, 801, 75, 73, 247, 185, 331
814, -1, 798, 50, 15338614, 1, 7, 75, 362, 51, 866, 801, 75, 73, 247, 185, 331
814, -1, 876, 1, 15338614, 2, 7, 73, 362, 51, 866, 801, 75, 73, 247, 185, 331
814, -1, 897, 1, 15338614, 4, 7, 185, 362, 51, 866, 801, 75, 73, 247, 185, 331
798, 50, 798, 89, 15339016, 4, 8, 209, 75, 51, 866, 801, 319, 250, 232, 209, 350
798, 50, 798, 130, 15339016, 3, 8, 232, 75, 51, 866, 801, 319, 250, 232, 209, 350
401, 699, 401, 747, 15339419, 1, 9, 79, 154, 51, 866, 801, 79, 162, 292, 96, 177
798, 130, 801, 236, 15347419, 5, 9, 319, 232, 51, 866, 801, 380, 239, 126, 250, 319
798, 130, 801, 271, 15347419, 4, 9, 250, 232, 51, 866, 801, 380, 239, 126, 250, 319
801, 271, 798, 290, 15359821, 3, 10, 187, 250, 51, 866, 801, 58, 126, 187, 10000000, 10000000
801, 271, 801, 318, 15359821, 2, 10, 126, 250, 51, 866, 801, 58, 126, 187, 10000000, 10000000
801, 271, 801, 366, 15359821, 1, 10, 58, 250, 51, 866, 801, 58, 126, 187, 10000000, 10000000
801, 366, 787, 401, 15360223, 5, 11, 398, 58, 51, 866, 801, 280, 146, 111, 87, 398
801, 366, 798, 453, 15360223, 4, 11, 87, 58, 51, 866, 801, 280, 146, 111, 87, 398
801, 366, 798, 497, 15360224, 2, 11, 146, 58, 51, 866, 801, 280, 146, 111, 87, 398
801, 366, 798, 525, 15360224, 1, 11, 280, 58, 51, 866, 801, 280, 146, 111, 87, 398
798, 525, 801, 616, 15360626, 4, 12, 371, 280, 51, 866, 801, 261, 131, 334, 371, 377
798, 525, 801, 637, 15360626, 3, 12, 334, 280, 51, 866, 801, 261, 131, 334, 371, 377
798, 525, 801, 701, 15360626, 2, 12, 131, 280, 51, 866, 801, 261, 131, 334, 371, 377
801, 701, 798, 725, 15365028, 4, 13, 297, 131, 51, 866, 801, 94, 248, 74, 297, 10000000
801, 701, 801, 750, 15365028, 1, 13, 94, 131, 51, 866, 801, 94, 248, 74, 297, 10000000
801, 701, 798, 853, 15365029, 3, 13, 74, 131, 51, 866, 801, 94, 248, 74, 297, 10000000
798, 853, 801, 750, 15373431, 1, 14, 94, 74, 51, 866, 801, 94, 10000000, 10000000, 10000000, 10000000
1, 374, -1, 454, 16300200, 3, 1, 50, 32, 333, 973, 1001, 370, 201, 50, 191, 268
1, 374, -1, 477, 16300200, 2, 1, 201, 32, 333, 973, 1001, 370, 201, 50, 191, 268
-1, 477, -1, 587, 16304602, 4, 2, 390, 201, 333, 973, 1001, 163, 267, 328, 390, 374
-1, 477, 1, 621, 16304602, 5, 2, 374, 201, 333, 973, 1001, 163, 267, 328, 390, 374
-1, 587, 91, 601, 16317005, 1, 3, 189, 390, 333, 973, 1001, 189, 259, 392, 28, 163
91, 601, 124, 598, 16317407, 3, 4, 134, 189, 333, 973, 1001, 34, 276, 134, 210, 20
91, 601, 149, 598, 16317407, 1, 4, 34, 189, 333, 973, 1001, 34, 276, 134, 210, 20
91, 601, 236, 601, 16317407, 5, 4, 20, 189, 333, 973, 1001, 34, 276, 134, 210, 20
149, 598, 236, 601, 16317809, 2, 5, 20, 34, 333, 973, 1001, 182, 20, 107, 276, 10000000
149, 598, 280, 601, 16317809, 1, 5, 182, 34, 333, 973, 1001, 182, 20, 107, 276, 10000000
280, 601, 353, 598, 16318211, 2, 6, 107, 182, 333, 973, 1001, 162, 107, 16, 154, 79
280, 601, 427, 601, 16318212, 3, 6, 16, 182, 333, 973, 1001, 162, 107, 16, 154, 79
353, 598, 427, 601, 16322614, 2, 7, 16, 107, 333, 973, 1001, 96, 16, 162, 173, 10000000
353, 598, 536, 598, 16322614, 3, 7, 162, 107, 333, 973, 1001, 96, 16, 162, 173, 10000000
353, 598, 565, 598, 16322614, 1, 7, 96, 107, 333, 973, 1001, 96, 16, 162, 173, 10000000
565, 598, 598, 622, 16323016, 4, 8, 19, 96, 333, 973, 1001, 143, 273, 128, 19, 90
565, 598, 630, 601, 16323016, 5, 8, 90, 96, 333, 973, 1001, 143, 273, 128, 19, 90
565, 598, 681, 598, 16323016, 2, 8, 273, 96, 333, 973, 1001, 143, 273, 128, 19, 90
565, 598, 688, 601, 16323017, 1, 8, 143, 96, 333, 973, 1001, 143, 273, 128, 19, 90
688, 601, 756, 601, 16323419, 5, 9, 318, 143, 333, 973, 1001, 371, 334, 148, 377, 318
688, 601, 779, 601, 16323419, 4, 9, 377, 143, 333, 973, 1001, 371, 334, 148, 377, 318
598, 622, 601, 732, 16335419, 5, 9, 186, 19, 333, 973, 1001, 393, 360, 309, 4, 186
598, 622, 601, 770, 16335419, 4, 9, 4, 19, 333, 973, 1001, 393, 360, 309, 4, 186
598, 622, 598, 778, 16335419, 2, 9, 360, 19, 333, 973, 1001, 393, 360, 309, 4, 186
598, 778, 587, 801, 16339821, 2, 10, 384, 360, 333, 973, 1001, 387, 384, 240, 194, 112
598, 778, 587, 801, 16339821, 1, 10, 387, 360, 333, 973, 1001, 387, 384, 240, 194, 112
598, 778, 601, 943, 16339821, 5, 10, 112, 360, 333, 973, 1001, 387, 384, 240, 194, 112
587, 801, 645, 798, 16340223, 5, 11, 337, 387, 333, 973, 1001, 6, 194, 240, 112, 337
587, 801, 679, 798, 16340223, 3, 11, 240, 387, 333, 973, 1001, 6, 194, 240, 112, 337
587, 801, 726, 798, 16340223, 2, 11, 194, 387, 333, 973, 1001, 6, 194, 240, 112, 337
726, 798, 847, 798, 16344626, 3, 12, 301, 194, 333, 973, 1001, 196, 211, 301, 223, 51
726, 798, 851, 801, 16344626, 5, 12, 51, 194, 333, 973, 1001, 196, 211, 301, 223, 51
726, 798, 877, 801, 16344626, 1, 12, 196, 194, 333, 973, 1001, 196, 211, 301, 223, 51
726, 798, 891, 798, 16344626, 4, 12, 223, 194, 333, 973, 1001, 196, 211, 301, 223, 51
877, 801, 918, 801, 16345028, 5, 13, 252, 196, 333, 973, 1001, 355, 329, 307, 57, 252
877, 801, 955, 801, 16345028, 2, 13, 329, 196, 333, 973, 1001, 355, 329, 307, 57, 252
877, 801, 980, 798, 16345028, 4, 13, 57, 196, 333, 973, 1001, 355, 329, 307, 57, 252
955, 801, 1001, 819, 16349430, 5, 14, 355, 329, 333, 973, 1001, 226, 203, 63, 307, 355
955, 801, 1001, 848, 16349430, 4, 14, 307, 329, 333, 973, 1001, 226, 203, 63, 307, 355
1001, 848, 1001, 921, 16361833, 3, 15, 203, 307, 333, 973, 1001, 321, 63, 203, 383, 391
1001, 848, 1001, 951, 16361833, 2, 15, 63, 307, 333, 973, 1001, 321, 63, 203, 383, 391
1001, 848, 998, 954, 16361833, 1, 15, 321, 307, 333, 973, 1001, 321, 63, 203, 383, 391
1001, 848, 998, 991, 16361833, 4, 15, 383, 307, 333, 973, 1001, 321, 63, 203, 383, 391
1001, 848, 998, 991, 16361833, 5, 15, 391, 307, 333, 973, 1001, 321, 63, 203, 383, 391
998, 954, 998, 983, 16362235, 4, 16, 375, 321, 333, 973, 1001, 333, 391, 383, 375, 97
998, 954, 998, 991, 16362235, 3, 16, 383, 321, 333, 973, 1001, 333, 391, 383, 375, 97
998, 954, 998, 991, 16362235, 2, 16, 391, 321, 333, 973, 1001, 333, 391, 383, 375, 97
998, 991, 998, 991, 16366637, 3, 17, 383, 391, 333, 973, 1001, 333, 97, 383, 10000000, 10000000
998, 991, 960, 998, 16366637, 2, 17, 97, 391, 333, 973, 1001, 333, 97, 383, 10000000, 10000000
998, 991, 960, 1001, 16366637, 333, 17, 333, 391, 333, 973, 1001, 333, 97, 383, 10000000, 10000000
90, -1, 137, -1, 17300200, 4, 1, 153, 264, 133, 801, 927, 60, 8, 343, 153, 365
90, -1, 148, 1, 17300200, 3, 1, 343, 264, 133, 801, 927, 60, 8, 343, 153, 365
90, -1, 160, -1, 17300200, 2, 1, 8, 264, 133, 801, 927, 60, 8, 343, 153, 365
90, -1, 228, -1, 17300200, 5, 1, 365, 264, 133, 801, 927, 60, 8, 343, 153, 365
160, -1, 201, 52, 17304602, 3, 2, 323, 8, 133, 801, 927, 266, 149, 323, 330, 365
160, -1, 228, -1, 17304602, 5, 2, 365, 8, 133, 801, 927, 266, 149, 323, 330, 365
160, -1, 256, -1, 17304602, 4, 2, 330, 8, 133, 801, 927, 266, 149, 323, 330, 365
160, -1, 265, 1, 17304602, 2, 2, 149, 8, 133, 801, 927, 266, 149, 323, 330, 365
160, -1, 291, -1, 17304602, 1, 2, 266, 8, 133, 801, 927, 266, 149, 323, 330, 365
291, -1, 338, -1, 17305004, 3, 3, 170, 266, 133, 801, 927, 61, 7, 170, 288, 320
291, -1, 367, -1, 17305004, 2, 3, 7, 266, 133, 801, 927, 61, 7, 170, 288, 320
291, -1, 423, 1, 17305005, 1, 3, 61, 266, 133, 801, 927, 61, 7, 170, 288, 320
291, -1, 501, -1, 17305005, 4, 3, 288, 266, 133, 801, 927, 61, 7, 170, 288, 320
423, 1, 501, -1, 17305407, 5, 4, 288, 61, 133, 801, 927, 5, 338, 156, 298, 288
423, 1, 506, 1, 17305407, 4, 4, 298, 61, 133, 801, 927, 5, 338, 156, 298, 288
423, 1, 545, -1, 17305407, 3, 4, 156, 61, 133, 801, 927, 5, 338, 156, 298, 288
201, 52, 201, 88, 17313004, 5, 3, 235, 323, 133, 801, 927, 13, 98, 123, 368, 235
201, 52, 201, 134, 17313004, 3, 3, 123, 323, 133, 801, 927, 13, 98, 123, 368, 235
201, 52, 201, 155, 17313004, 2, 3, 98, 323, 133, 801, 927, 13, 98, 123, 368, 235
545, -1, 580, -1, 17313809, 5, 5, 5, 156, 133, 801, 927, 220, 12, 207, 46, 5
545, -1, 598, 19, 17313809, 2, 5, 12, 156, 133, 801, 927, 220, 12, 207, 46, 5
545, -1, 623, 1, 17313809, 4, 5, 46, 156, 133, 801, 927, 220, 12, 207, 46, 5
545, -1, 665, 1, 17313809, 3, 5, 207, 156, 133, 801, 927, 220, 12, 207, 46, 5
201, 155, 201, 227, 17317407, 5, 4, 368, 98, 133, 801, 927, 249, 313, 132, 193, 368
201, 155, 198, 254, 17317407, 4, 4, 193, 98, 133, 801, 927, 249, 313, 132, 193, 368
201, 155, 201, 260, 17317407, 2, 4, 313, 98, 133, 801, 927, 249, 313, 132, 193, 368
201, 155, 201, 294, 17317407, 1, 4, 249, 98, 133, 801, 927, 249, 313, 132, 193, 368
201, 294, 198, 349, 17317809, 3, 5, 305, 249, 133, 801, 927, 113, 23, 305, 399, 386
201, 294, 201, 378, 17317809, 2, 5, 23, 249, 133, 801, 927, 113, 23, 305, 399, 386
201, 294, 198, 387, 17317809, 5, 5, 386, 249, 133, 801, 927, 113, 23, 305, 399, 386
201, 294, 198, 387, 17317809, 4, 5, 399, 249, 133, 801, 927, 113, 23, 305, 399, 386
201, 294, 198, 447, 17317809, 1, 5, 113, 249, 133, 801, 927, 113, 23, 305, 399, 386
198, 447, 201, 497, 17318211, 5, 6, 299, 113, 133, 801, 927, 65, 276, 205, 10, 299
598, 19, 598, 97, 17318211, 5, 6, 285, 12, 133, 801, 927, 47, 91, 155, 291, 285
598, 19, 601, 101, 17318211, 4, 6, 291, 12, 133, 801, 927, 47, 91, 155, 291, 285
198, 447, 201, 541, 17318212, 3, 6, 205, 113, 133, 801, 927, 65, 276, 205, 10, 299
598, 19, 601, 143, 17318212, 3, 6, 155, 12, 133, 801, 927, 47, 91, 155, 291, 285
598, 19, 601, 174, 17318212, 2, 6, 91, 12, 133, 801, 927, 47, 91, 155, 291, 285
198, 447, 201, 581, 17318212, 1, 6, 65, 113, 133, 801, 927, 65, 276, 205, 10, 299
201, 581, 198, 668, 17318614, 4, 7, 178, 65, 133, 801, 927, 210, 67, 276, 178, 295
201, 581, 201, 686, 17318614, 3, 7, 276, 65, 133, 801, 927, 210, 67, 276, 178, 295
201, 581, 198, 706, 17318614, 5, 7, 295, 65, 133, 801, 927, 210, 67, 276, 178, 295
201, 581, 201, 738, 17318614, 1, 7, 210, 65, 133, 801, 927, 210, 67, 276, 178, 295
201, 738, 201, 786, 17319016, 1, 8, 67, 210, 133, 801, 927, 67, 324, 59, 246, 172
201, 738, 198, 827, 17319017, 3, 8, 59, 210, 133, 801, 927, 67, 324, 59, 246, 172
201, 738, 201, 855, 17319017, 2, 8, 324, 210, 133, 801, 927, 67, 324, 59, 246, 172
201, 738, 198, 863, 17319017, 5, 8, 172, 210, 133, 801, 927, 67, 324, 59, 246, 172
201, 786, 221, 801, 17319418, 1, 9, 95, 67, 133, 801, 927, 95, 246, 296, 324, 172
201, 786, 201, 855, 17319419, 4, 9, 324, 67, 133, 801, 927, 95, 246, 296, 324, 172
201, 786, 198, 863, 17319419, 5, 9, 172, 67, 133, 801, 927, 95, 246, 296, 324, 172
201, 786, 201, 894, 17319419, 2, 9, 246, 67, 133, 801, 927, 95, 246, 296, 324, 172
201, 786, 198, 897, 17319419, 3, 9, 296, 67, 133, 801, 927, 95, 246, 296, 324, 172
221, 801, 306, 801, 17319821, 5, 10, 227, 95, 133, 801, 927, 352, 3, 304, 136, 227
221, 801, 332, 798, 17319821, 4, 10, 136, 95, 133, 801, 927, 352, 3, 304, 136, 227
221, 801, 341, 801, 17319821, 3, 10, 304, 95, 133, 801, 927, 352, 3, 304, 136, 227
221, 801, 373, 798, 17319821, 2, 10, 3, 95, 133, 801, 927, 352, 3, 304, 136, 227
665, 1, 745, 1, 17322212, 3, 6, 315, 207, 133, 801, 927, 357, 382, 315, 362, 105
665, 1, 769, -1, 17322212, 5, 6, 105, 207, 133, 801, 927, 357, 382, 315, 362, 105
665, 1, 774, 1, 17322212, 1, 6, 357, 207, 133, 801, 927, 357, 382, 315, 362, 105
665, 1, 787, 1, 17322212, 2, 6, 382, 207, 133, 801, 927, 357, 382, 315, 362, 105
601, 174, 619, 201, 17322614, 5, 7, 86, 91, 133, 801, 927, 114, 290, 206, 47, 86
601, 174, 598, 222, 17322614, 4, 7, 47, 91, 133, 801, 927, 114, 290, 206, 47, 86
774, 1, 798, 26, 17322614, 2, 7, 75, 357, 133, 801, 927, 209, 75, 232, 250, 319
601, 174, 598, 265, 17322614, 3, 7, 206, 91, 133, 801, 927, 114, 290, 206, 47, 86
601, 174, 598, 300, 17322614, 2, 7, 290, 91, 133, 801, 927, 114, 290, 206, 47, 86
601, 174, 601, 334, 17322614, 1, 7, 114, 91, 133, 801, 927, 114, 290, 206, 47, 86
601, 334, 598, 428, 17323017, 2, 8, 85, 114, 133, 801, 927, 130, 85, 286, 179, 347
601, 334, 601, 458, 17323017, 5, 8, 347, 114, 133, 801, 927, 130, 85, 286, 179, 347
601, 334, 598, 463, 17323017, 1, 8, 130, 114, 133, 801, 927, 130, 85, 286, 179, 347
601, 334, 601, 503, 17323017, 3, 8, 286, 114, 133, 801, 927, 130, 85, 286, 179, 347
598, 463, 598, 512, 17323419, 5, 9, 243, 130, 133, 801, 927, 19, 21, 332, 179, 243
598, 463, 601, 537, 17323419, 4, 9, 179, 130, 133, 801, 927, 19, 21, 332, 179, 243
598, 463, 598, 539, 17323419, 3, 9, 332, 130, 133, 801, 927, 19, 21, 332, 179, 243
598, 463, 601, 581, 17323419, 2, 9, 21, 130, 133, 801, 927, 19, 21, 332, 179, 243
598, 463, 598, 611, 17323419, 1, 9, 19, 130, 133, 801, 927, 19, 21, 332, 179, 243
201, 894, 201, 943, 17323821, 4, 10, 190, 246, 133, 801, 927, 271, 136, 3, 190, 10000000
598, 611, 598, 741, 17323822, 4, 10, 309, 19, 133, 801, 927, 4, 186, 360, 309, 393
598, 611, 601, 747, 17323822, 2, 10, 186, 19, 133, 801, 927, 4, 186, 360, 309, 393
598, 611, 598, 787, 17323822, 5, 10, 393, 19, 133, 801, 927, 4, 186, 360, 309, 393
373, 798, 398, 836, 17324223, 5, 11, 52, 3, 133, 801, 927, 257, 393, 33, 141, 52
373, 798, 440, 801, 17324223, 3, 11, 33, 3, 133, 801, 927, 257, 393, 33, 141, 52
373, 798, 461, 801, 17324223, 4, 11, 141, 3, 133, 801, 927, 257, 393, 33, 141, 52
198, 349, 201, 426, 17326211, 5, 6, 363, 305, 133, 801, 927, 205, 299, 311, 113, 363
198, 349, 201, 452, 17326211, 3, 6, 311, 305, 133, 801, 927, 205, 299, 311, 113, 363
198, 349, 201, 497, 17326211, 2, 6, 299, 305, 133, 801, 927, 205, 299, 311, 113, 363
198, 349, 201, 541, 17326212, 1, 6, 205, 305, 133, 801, 927, 205, 299, 311, 113, 363
201, 541, 201, 581, 17326614, 3, 7, 65, 205, 133, 801, 927, 295, 178, 65, 276, 10
201, 541, 198, 610, 17326614, 5, 7, 10, 205, 133, 801, 927, 295, 178, 65, 276, 10
201, 541, 198, 668, 17326614, 2, 7, 178, 205, 133, 801, 927, 295, 178, 65, 276, 10
201, 541, 201, 686, 17326614, 4, 7, 276, 205, 133, 801, 927, 295, 178, 65, 276, 10
201, 541, 198, 706, 17326614, 1, 7, 295, 205, 133, 801, 927, 295, 178, 65, 276, 10
798, 26, 798, 63, 17327016, 4, 8, 209, 75, 133, 801, 927, 319, 250, 232, 209, 350
798, 26, 798, 103, 17327016, 3, 8, 232, 75, 133, 801, 927, 319, 250, 232, 209, 350
601, 747, 601, 781, 17328224, 4, 11, 4, 186, 133, 801, 927, 109, 219, 393, 4, 387
601, 747, 598, 787, 17328224, 3, 11, 393, 186, 133, 801, 927, 109, 219, 393, 4, 387
601, 747, 587, 801, 17328224, 5, 11, 387, 186, 133, 801, 927, 109, 219, 393, 4, 387
198, 668, 198, 706, 17331016, 5, 8, 295, 178, 133, 801, 927, 67, 324, 246, 210, 295
198, 668, 201, 739, 17331016, 4, 8, 210, 178, 133, 801, 927, 67, 324, 246, 210, 295
198, 668, 201, 855, 17331017, 2, 8, 324, 178, 133, 801, 927, 67, 324, 246, 210, 295
440, 801, 574, 801, 17332626, 4, 12, 358, 33, 133, 801, 927, 387, 384, 82, 358, 240
440, 801, 578, 798, 17332626, 3, 12, 82, 33, 133, 801, 927, 387, 384, 82, 358, 240
440, 801, 587, 801, 17332626, 2, 12, 384, 33, 133, 801, 927, 387, 384, 82, 358, 240
201, 855, 201, 894, 17335419, 4, 9, 246, 324, 133, 801, 927, 271, 136, 190, 246, 55
201, 855, 201, 943, 17335419, 3, 9, 190, 324, 133, 801, 927, 271, 136, 190, 246, 55
201, 855, 201, 967, 17335419, 5, 9, 55, 324, 133, 801, 927, 271, 136, 190, 246, 55
598, 787, 656, 798, 17336626, 2, 12, 337, 393, 133, 801, 927, 240, 337, 194, 219, 112
598, 787, 598, 875, 17336626, 4, 12, 219, 393, 133, 801, 927, 240, 337, 194, 219, 112
619, 201, 812, 198, 17339016, 3, 8, 389, 86, 133, 801, 927, 232, 385, 389, 44, 350
398, 836, 398, 869, 17340625, 5, 12, 169, 52, 133, 801, 927, 177, 292, 31, 289, 169
398, 836, 401, 889, 17340625, 2, 12, 292, 52, 133, 801, 927, 177, 292, 31, 289, 169
398, 836, 398, 899, 17340625, 4, 12, 289, 52, 133, 801, 927, 177, 292, 31, 289, 169
398, 836, 401, 938, 17340625, 1, 12, 177, 52, 133, 801, 927, 177, 292, 31, 289, 169
656, 798, 692, 798, 17341028, 3, 13, 240, 337, 133, 801, 927, 6, 194, 240, 51, 301
656, 798, 740, 798, 17341028, 2, 13, 194, 337, 133, 801, 927, 6, 194, 240, 51, 301
656, 798, 780, 798, 17341028, 1, 13, 6, 337, 133, 801, 927, 6, 194, 240, 51, 301
780, 798, 798, 827, 17341430, 1, 14, 74, 6, 133, 801, 927, 74, 248, 10000000, 10000000, 10000000
798, 827, 801, 897, 17341833, 2, 15, 248, 74, 133, 801, 927, 133, 248, 69, 10000000, 10000000
798, 827, 801, 931, 17341833, 133, 15, 133, 74, 133, 801, 927, 133, 248, 69, 10000000, 10000000
201, 306, 198, 387, 18300200, 5, 1, 386, 249, 375, 998, 980, 299, 113, 23, 399, 386
201, 306, 198, 387, 18300200, 4, 1, 399, 249, 375, 998, 980, 299, 113, 23, 399, 386
201, 306, 201, 388, 18300200, 3, 1, 23, 249, 375, 998, 980, 299, 113, 23, 399, 386
201, 306, 198, 435, 18300200, 2, 1, 113, 249, 375, 998, 980, 299, 113, 23, 399, 386
198, 435, 201, 511, 18304602, 4, 2, 299, 113, 375, 998, 980, 65, 205, 10, 299, 276
198, 435, 201, 554, 18304602, 2, 2, 205, 113, 375, 998, 980, 65, 205, 10, 299, 276
198, 435, 198, 596, 18304602, 3, 2, 10, 113, 375, 998, 980, 65, 205, 10, 299, 276
201, 554, 201, 594, 18309004, 3, 3, 65, 205, 375, 998, 980, 295, 178, 65, 276, 10
201, 554, 198, 596, 18309004, 5, 3, 10, 205, 375, 998, 980, 295, 178, 65, 276, 10
201, 554, 198, 655, 18309005, 2, 3, 178, 205, 375, 998, 980, 295, 178, 65, 276, 10
201, 554, 198, 694, 18309005, 1, 3, 295, 205, 375, 998, 980, 295, 178, 65, 276, 10
201, 554, 201, 698, 18309005, 4, 3, 276, 205, 375, 998, 980, 295, 178, 65, 276, 10
198, 694, 201, 792, 18309407, 3, 4, 67, 295, 375, 998, 980, 77, 59, 67, 324, 246
198, 694, 191, 798, 18309407, 1, 4, 77, 295, 375, 998, 980, 77, 59, 67, 324, 246
198, 694, 198, 815, 18309407, 2, 4, 59, 295, 375, 998, 980, 77, 59, 67, 324, 246
198, 694, 201, 867, 18309407, 4, 4, 324, 295, 375, 998, 980, 77, 59, 67, 324, 246
191, 798, 241, 801, 18309809, 3, 5, 215, 77, 375, 998, 980, 136, 271, 215, 227, 324
191, 798, 201, 867, 18309809, 5, 5, 324, 77, 375, 998, 980, 136, 271, 215, 227, 324
191, 798, 292, 801, 18309809, 4, 5, 227, 77, 375, 998, 980, 136, 271, 215, 227, 324
191, 798, 317, 798, 18309810, 2, 5, 271, 77, 375, 998, 980, 136, 271, 215, 227, 324
191, 798, 344, 798, 18309810, 1, 5, 136, 77, 375, 998, 980, 136, 271, 215, 227, 324
344, 798, 383, 798, 18310212, 5, 6, 3, 136, 375, 998, 980, 141, 33, 257, 52, 3
344, 798, 398, 824, 18310212, 4, 6, 52, 136, 375, 998, 980, 141, 33, 257, 52, 3
344, 798, 428, 801, 18310212, 2, 6, 33, 136, 375, 998, 980, 141, 33, 257, 52, 3
344, 798, 450, 801, 18310212, 1, 6, 141, 136, 375, 998, 980, 141, 33, 257, 52, 3
450, 801, 566, 801, 18310614, 5, 7, 358, 141, 375, 998, 980, 337, 387, 384, 82, 358
450, 801, 586, 798, 18310614, 4, 7, 82, 141, 375, 998, 980, 337, 387, 384, 82, 358
450, 801, 587, 801, 18310614, 3, 7, 384, 141, 375, 998, 980, 337, 387, 384, 82, 358
450, 801, 587, 801, 18310614, 2, 7, 387, 141, 375, 998, 980, 337, 387, 384, 82, 358
587, 801, 668, 798, 18315017, 4, 8, 337, 387, 375, 998, 980, 194, 240, 6, 337, 112
587, 801, 705, 798, 18315017, 2, 8, 240, 387, 375, 998, 980, 194, 240, 6, 337, 112
587, 801, 601, 971, 18315017, 5, 8, 112, 387, 375, 998, 980, 194, 240, 6, 337, 112
201, 594, 255, 601, 18317407, 1, 4, 182, 65, 375, 998, 980, 182, 276, 210, 295, 178
201, 594, 198, 655, 18317407, 5, 4, 178, 65, 375, 998, 980, 182, 276, 210, 295, 178
201, 594, 198, 694, 18317407, 4, 4, 295, 65, 375, 998, 980, 182, 276, 210, 295, 178
201, 594, 201, 698, 18317407, 2, 4, 276, 65, 375, 998, 980, 182, 276, 210, 295, 178
201, 594, 201, 752, 18317407, 3, 4, 210, 65, 375, 998, 980, 182, 276, 210, 295, 178
255, 601, 379, 598, 18317809, 1, 5, 107, 182, 375, 998, 980, 107, 16, 154, 162, 96
379, 598, 398, 621, 18318211, 1, 6, 108, 107, 375, 998, 980, 108, 16, 96, 173, 162
379, 598, 410, 601, 18318211, 2, 6, 16, 107, 375, 998, 980, 108, 16, 96, 173, 162
379, 598, 462, 601, 18318211, 4, 6, 173, 107, 375, 998, 980, 108, 16, 96, 173, 162
398, 621, 401, 736, 18318614, 2, 7, 154, 108, 375, 998, 980, 79, 154, 52, 304, 352
705, 798, 754, 798, 18319419, 5, 9, 194, 240, 375, 998, 980, 301, 196, 51, 6, 194
705, 798, 787, 798, 18319419, 4, 9, 6, 240, 375, 998, 980, 301, 196, 51, 6, 194
705, 798, 828, 801, 18319419, 3, 9, 51, 240, 375, 998, 980, 301, 196, 51, 6, 194
705, 798, 852, 801, 18319419, 2, 9, 196, 240, 375, 998, 980, 301, 196, 51, 6, 194
705, 798, 872, 798, 18319419, 1, 9, 301, 240, 375, 998, 980, 301, 196, 51, 6, 194
872, 798, 918, 798, 18319822, 5, 10, 223, 301, 375, 998, 980, 57, 211, 54, 329, 223
872, 798, 931, 801, 18319822, 4, 10, 329, 301, 375, 998, 980, 57, 211, 54, 329, 223
872, 798, 955, 798, 18319822, 2, 10, 211, 301, 375, 998, 980, 57, 211, 54, 329, 223
872, 798, 991, 798, 18319822, 1, 10, 57, 301, 375, 998, 980, 57, 211, 54, 329, 223
991, 798, 998, 868, 18320224, 5, 11, 152, 57, 375, 998, 980, 63, 203, 258, 307, 152
991, 798, 1001, 873, 18320224, 4, 11, 307, 57, 375, 998, 980, 63, 203, 258, 307, 152
991, 798, 998, 892, 18320224, 3, 11, 258, 57, 375, 998, 980, 63, 203, 258, 307, 152
991, 798, 1001, 947, 18320224, 2, 11, 203, 57, 375, 998, 980, 63, 203, 258, 307, 152
991, 798, 998, 969, 18320224, 375, 11, 375, 57, 375, 998, 980, 63, 203, 258, 307, 152
201, 369, 210, 401, 19300200, 4, 1, 18, 132, 383, 998, 989, 311, 363, 222, 18, 113
201, 369, 198, 423, 19300200, 5, 1, 113, 132, 383, 998, 989, 311, 363, 222, 18, 113
201, 369, 201, 445, 19300200, 2, 1, 363, 132, 383, 998, 989, 311, 363, 222, 18, 113
201, 369, 198, 447, 19300200, 3, 1, 222, 132, 383, 998, 989, 311, 363, 222, 18, 113
201, 369, 201, 477, 19300200, 1, 1, 311, 132, 383, 998, 989, 311, 363, 222, 18, 113
201, 477, 201, 525, 19300602, 4, 2, 299, 311, 383, 998, 989, 178, 10, 205, 299, 65
201, 477, 198, 582, 19300602, 2, 2, 10, 311, 383, 998, 989, 178, 10, 205, 299, 65
201, 477, 201, 608, 19300602, 5, 2, 65, 311, 383, 998, 989, 178, 10, 205, 299, 65
201, 477, 198, 642, 19300602, 1, 2, 178, 311, 383, 998, 989, 178, 10, 205, 299, 65
198, 642, 201, 765, 19301005, 4, 3, 210, 178, 383, 998, 989, 67, 77, 324, 210, 172
198, 642, 200, 793, 19301005, 1, 3, 67, 178, 383, 998, 989, 67, 77, 324, 210, 172
198, 642, 192, 798, 19301005, 2, 3, 77, 178, 383, 998, 989, 67, 77, 324, 210, 172
200, 793, 228, 801, 19301407, 5, 4, 215, 67, 383, 998, 989, 352, 136, 271, 227, 215
200, 793, 278, 801, 19301407, 4, 4, 227, 67, 383, 998, 989, 352, 136, 271, 227, 215
200, 793, 331, 798, 19301407, 3, 4, 271, 67, 383, 998, 989, 352, 136, 271, 227, 215
331, 798, 398, 812, 19309810, 4, 5, 52, 271, 383, 998, 989, 317, 257, 141, 52, 79
331, 798, 401, 800, 19309810, 5, 5, 79, 271, 383, 998, 989, 317, 257, 141, 52, 79
331, 798, 438, 801, 19309810, 3, 5, 141, 271, 383, 998, 989, 317, 257, 141, 52, 79
331, 798, 519, 801, 19309810, 1, 5, 317, 271, 383, 998, 989, 317, 257, 141, 52, 79
519, 801, 598, 806, 19310212, 5, 6, 109, 317, 383, 998, 989, 240, 337, 194, 4, 109
519, 801, 601, 792, 19310212, 4, 6, 4, 317, 383, 998, 989, 240, 337, 194, 4, 109
519, 801, 679, 798, 19310213, 2, 6, 337, 317, 383, 998, 989, 240, 337, 194, 4, 109
679, 798, 766, 798, 19314615, 5, 7, 194, 337, 383, 998, 989, 196, 74, 6, 51, 194
679, 798, 791, 798, 19314615, 3, 7, 6, 337, 383, 998, 989, 196, 74, 6, 51, 194
679, 798, 798, 800, 19314615, 2, 7, 74, 337, 383, 998, 989, 196, 74, 6, 51, 194
679, 798, 818, 801, 19314615, 4, 7, 51, 337, 383, 998, 989, 196, 74, 6, 51, 194
679, 798, 840, 801, 19314615, 1, 7, 196, 337, 383, 998, 989, 196, 74, 6, 51, 194
840, 801, 917, 801, 19315017, 3, 8, 329, 196, 383, 998, 989, 57, 211, 329, 223, 54
840, 801, 932, 798, 19315017, 4, 8, 223, 196, 383, 998, 989, 57, 211, 329, 223, 54
398, 812, 438, 801, 19322212, 1, 6, 141, 52, 383, 998, 989, 141, 31, 177, 292, 289
398, 812, 398, 872, 19322212, 5, 6, 289, 52, 383, 998, 989, 141, 31, 177, 292, 289
398, 812, 401, 913, 19322212, 4, 6, 292, 52, 383, 998, 989, 141, 31, 177, 292, 289
398, 812, 401, 965, 19322212, 3, 6, 177, 52, 383, 998, 989, 141, 31, 177, 292, 289
438, 801, 587, 801, 19322614, 5, 7, 384, 141, 383, 998, 989, 109, 4, 82, 387, 384
438, 801, 591, 798, 19322614, 3, 7, 82, 141, 383, 998, 989, 109, 4, 82, 387, 384
438, 801, 598, 806, 19322614, 1, 7, 109, 141, 383, 998, 989, 109, 4, 82, 387, 384
438, 801, 601, 792, 19322614, 2, 7, 4, 141, 383, 998, 989, 109, 4, 82, 387, 384
598, 806, 598, 849, 19323016, 4, 8, 219, 109, 383, 998, 989, 240, 337, 112, 219, 42
598, 806, 679, 798, 19323017, 2, 8, 337, 109, 383, 998, 989, 240, 337, 112, 219, 42
598, 806, 719, 798, 19323017, 1, 8, 240, 109, 383, 998, 989, 240, 337, 112, 219, 42
917, 801, 992, 798, 19323420, 4, 9, 57, 329, 383, 998, 989, 307, 355, 54, 57, 101
917, 801, 1000, 793, 19323420, 3, 9, 54, 329, 383, 998, 989, 307, 355, 54, 57, 101
1000, 793, 998, 880, 19331822, 4, 10, 258, 54, 383, 998, 989, 391, 226, 307, 258, 321
1000, 793, 1001, 887, 19331822, 3, 10, 307, 54, 383, 998, 989, 391, 226, 307, 258, 321
1000, 793, 998, 913, 19331822, 5, 10, 321, 54, 383, 998, 989, 391, 226, 307, 258, 321
1000, 793, 1001, 914, 19331822, 2, 10, 226, 54, 383, 998, 989, 391, 226, 307, 258, 321
1000, 793, 998, 983, 19331822, 383, 10, 383, 54, 383, 998, 989, 391, 226, 307, 258, 321
