source_x,source_y,recv_x,recv_y,time,recv_priority,hopcount,recv_id,source_id,destination_id,destination_x,destination_y,pri_1,pri_2,pri_3,pri_4,pri_5
1, 247, 1, 282, 10300200, 2, 1, 32, 176, 4, 601, 685, 64, 32, 282, 174, 191
1, 247, -1, 319, 10300200, 1, 1, 64, 176, 4, 601, 685, 64, 32, 282, 174, 191
1, 247, -1, 355, 10300200, 4, 1, 174, 176, 4, 601, 685, 64, 32, 282, 174, 191
1, 247, -1, 381, 10300200, 3, 1, 282, 176, 4, 601, 685, 64, 32, 282, 174, 191
-1, 319, -1, 355, 10300824, 5, 2, 174, 64, 4, 601, 685, 43, 191, 348, 282, 174
-1, 319, -1, 381, 10300824, 4, 2, 282, 64, 4, 601, 685, 43, 191, 348, 282, 174
-1, 319, -1, 387, 10300824, 3, 2, 348, 64, 4, 601, 685, 43, 191, 348, 282, 174
-1, 319, 1, 446, 10300824, 2, 2, 191, 64, 4, 601, 685, 43, 191, 348, 282, 174
1, 446, 1, 474, 10305448, 5, 3, 43, 191, 4, 601, 685, 163, 267, 328, 340, 43
1, 446, -1, 587, 10305449, 4, 3, 340, 191, 4, 601, 685, 163, 267, 328, 340, 43
1, 446, 1, 612, 10305449, 3, 3, 328, 191, 4, 601, 685, 163, 267, 328, 340, 43
1, 612, 19, 598, 10314073, 3, 4, 259, 328, 4, 601, 685, 134, 34, 259, 28, 163
1, 612, 1, 645, 10314073, 5, 4, 163, 328, 4, 601, 685, 134, 34, 259, 28, 163
1, 612, 44, 598, 10314073, 1, 4, 134, 328, 4, 601, 685, 134, 34, 259, 28, 163
1, 612, 1, 683, 10314073, 4, 4, 28, 328, 4, 601, 685, 134, 34, 259, 28, 163
44, 598, 79, 598, 10314697, 1, 5, 34, 134, 4, 601, 685, 34, 103, 107, 189, 210
44, 598, 110, 601, 10314697, 2, 5, 103, 134, 4, 601, 685, 34, 103, 107, 189, 210
44, 598, 157, 601, 10314697, 4, 5, 189, 134, 4, 601, 685, 34, 103, 107, 189, 210
79, 598, 110, 601, 10315321, 2, 6, 103, 34, 4, 601, 685, 107, 103, 189, 210, 276
79, 598, 157, 601, 10315321, 3, 6, 189, 34, 4, 601, 685, 107, 103, 189, 210, 276
110, 601, 157, 601, 10319945, 5, 7, 189, 103, 4, 601, 685, 107, 276, 20, 210, 189
110, 601, 273, 598, 10319946, 1, 7, 107, 103, 4, 601, 685, 107, 276, 20, 210, 189
273, 598, 312, 601, 10320570, 2, 8, 20, 107, 4, 601, 685, 162, 20, 182, 154, 96
273, 598, 356, 601, 10320570, 3, 8, 182, 107, 4, 601, 685, 162, 20, 182, 154, 96
312, 601, 356, 601, 10325194, 4, 9, 182, 20, 4, 601, 685, 96, 162, 154, 182, 79
356, 601, 401, 638, 10337818, 3, 10, 154, 182, 4, 601, 685, 96, 162, 154, 79, 16
356, 601, 447, 598, 10337818, 2, 10, 162, 182, 4, 601, 685, 96, 162, 154, 79, 16
356, 601, 484, 598, 10337818, 1, 10, 96, 182, 4, 601, 685, 96, 162, 154, 79, 16
484, 598, 509, 601, 10338442, 1, 11, 16, 96, 4, 601, 685, 16, 173, 84, 273, 128
484, 598, 553, 601, 10338443, 2, 11, 173, 96, 4, 601, 685, 16, 173, 84, 273, 128
484, 598, 620, 598, 10338443, 4, 11, 273, 96, 4, 601, 685, 16, 173, 84, 273, 128
484, 598, 643, 598, 10338443, 5, 11, 128, 96, 4, 601, 685, 16, 173, 84, 273, 128
509, 601, 553, 601, 10339067, 3, 12, 173, 16, 4, 601, 685, 186, 273, 173, 128, 4
509, 601, 620, 598, 10339067, 2, 12, 273, 16, 4, 601, 685, 186, 273, 173, 128, 4
509, 601, 643, 598, 10339067, 4, 12, 128, 16, 4, 601, 685, 186, 273, 173, 128, 4
401, 638, 401, 680, 10346442, 1, 11, 79, 154, 4, 601, 685, 79, 96, 162, 10000000, 10000000
99, 201, 201, 212, 11300200, 5, 1, 313, 17, 146, 798, 556, 27, 159, 249, 368, 313
99, 201, 253, 198, 11300200, 2, 1, 159, 17, 146, 798, 556, 27, 159, 249, 368, 313
253, 198, 293, 198, 11304824, 4, 2, 27, 159, 146, 798, 556, 241, 244, 71, 27, 197
253, 198, 311, 201, 11304824, 3, 2, 71, 159, 146, 798, 556, 241, 244, 71, 27, 197
253, 198, 345, 201, 11304824, 5, 2, 197, 159, 146, 798, 556, 241, 244, 71, 27, 197
253, 198, 371, 201, 11304824, 1, 2, 241, 159, 146, 798, 556, 241, 244, 71, 27, 197
253, 198, 424, 198, 11304825, 2, 2, 244, 159, 146, 798, 556, 241, 244, 71, 27, 197
371, 201, 424, 198, 11305449, 5, 3, 244, 241, 146, 798, 556, 41, 88, 117, 118, 244
371, 201, 401, 257, 11305449, 4, 3, 118, 241, 146, 798, 556, 41, 88, 117, 118, 244
371, 201, 462, 198, 11305449, 3, 3, 117, 241, 146, 798, 556, 41, 88, 117, 118, 244
371, 201, 510, 198, 11305449, 2, 3, 88, 241, 146, 798, 556, 41, 88, 117, 118, 244
510, 198, 575, 201, 11310073, 5, 4, 239, 88, 146, 798, 556, 102, 380, 312, 287, 239
510, 198, 587, 201, 11310073, 3, 4, 312, 88, 146, 798, 556, 102, 380, 312, 287, 239
510, 198, 587, 201, 11310073, 2, 4, 380, 88, 146, 798, 556, 102, 380, 312, 287, 239
587, 201, 659, 198, 11314697, 4, 5, 137, 380, 146, 798, 556, 114, 47, 102, 137, 206
587, 201, 601, 272, 11314697, 1, 5, 114, 380, 146, 798, 556, 114, 47, 102, 137, 206
587, 201, 598, 301, 11314697, 2, 5, 47, 380, 146, 798, 556, 114, 47, 102, 137, 206
587, 201, 692, 198, 11314697, 3, 5, 102, 380, 146, 798, 556, 114, 47, 102, 137, 206
587, 201, 598, 347, 11314698, 5, 5, 206, 380, 146, 798, 556, 114, 47, 102, 137, 206
601, 272, 598, 347, 11315322, 5, 6, 206, 114, 146, 798, 556, 290, 286, 179, 347, 206
601, 272, 598, 371, 11315322, 1, 6, 290, 114, 146, 798, 556, 290, 286, 179, 347, 206
601, 272, 601, 412, 11315322, 4, 6, 347, 114, 146, 798, 556, 290, 286, 179, 347, 206
601, 272, 601, 426, 11315322, 2, 6, 286, 114, 146, 798, 556, 290, 286, 179, 347, 206
598, 371, 601, 426, 11315946, 5, 7, 286, 290, 146, 798, 556, 21, 179, 120, 85, 286
598, 371, 601, 457, 11315946, 2, 7, 179, 290, 146, 798, 556, 21, 179, 120, 85, 286
598, 371, 601, 501, 11315946, 1, 7, 21, 290, 146, 798, 556, 21, 179, 120, 85, 286
601, 501, 598, 540, 11316570, 1, 8, 130, 21, 146, 798, 556, 130, 243, 332, 10000000, 10000000
601, 501, 598, 574, 11316570, 2, 8, 243, 21, 146, 798, 556, 130, 243, 332, 10000000, 10000000
601, 501, 598, 587, 11316570, 3, 8, 332, 21, 146, 798, 556, 130, 243, 332, 10000000, 10000000
598, 540, 598, 574, 11317194, 4, 9, 243, 130, 146, 798, 556, 273, 128, 84, 243, 10000000
401, 257, 401, 300, 11318073, 5, 4, 41, 118, 146, 798, 556, 217, 224, 116, 300, 41
401, 257, 398, 333, 11318073, 3, 4, 116, 118, 146, 798, 556, 217, 224, 116, 300, 41
401, 257, 398, 367, 11318073, 2, 4, 224, 118, 146, 798, 556, 217, 224, 116, 300, 41
398, 367, 412, 398, 11322697, 5, 5, 372, 224, 146, 798, 556, 104, 115, 279, 217, 372
398, 367, 401, 440, 11322697, 4, 5, 217, 224, 146, 798, 556, 104, 115, 279, 217, 372
398, 367, 401, 479, 11322697, 1, 5, 104, 224, 146, 798, 556, 104, 115, 279, 217, 372
398, 367, 398, 521, 11322697, 2, 5, 115, 224, 146, 798, 556, 104, 115, 279, 217, 372
401, 479, 398, 521, 11323321, 1, 6, 115, 104, 146, 798, 556, 115, 79, 10000000, 10000000, 10000000
692, 198, 702, 201, 11323322, 3, 6, 86, 102, 146, 798, 556, 385, 350, 86, 237, 213
692, 198, 743, 201, 11323322, 5, 6, 213, 102, 146, 798, 556, 385, 350, 86, 237, 213
692, 198, 787, 201, 11323322, 2, 6, 350, 102, 146, 798, 556, 385, 350, 86, 237, 213
692, 198, 812, 198, 11323322, 1, 6, 385, 102, 146, 798, 556, 385, 350, 86, 237, 213
692, 198, 824, 198, 11323322, 4, 6, 237, 102, 146, 798, 556, 385, 350, 86, 237, 213
812, 198, 801, 213, 11323946, 4, 7, 319, 385, 146, 798, 556, 126, 250, 58, 319, 350
812, 198, 787, 201, 11323946, 5, 7, 350, 385, 146, 798, 556, 126, 250, 58, 319, 350
812, 198, 801, 226, 11323946, 2, 7, 250, 385, 146, 798, 556, 126, 250, 58, 319, 350
812, 198, 801, 259, 11323946, 1, 7, 126, 385, 146, 798, 556, 126, 250, 58, 319, 350
801, 259, 801, 304, 11324570, 1, 8, 58, 126, 146, 798, 556, 58, 40, 187, 10000000, 10000000
801, 259, 798, 310, 11324570, 2, 8, 40, 126, 146, 798, 556, 58, 40, 187, 10000000, 10000000
801, 259, 798, 349, 11324570, 3, 8, 187, 126, 146, 798, 556, 58, 40, 187, 10000000, 10000000
801, 304, 798, 310, 11325194, 3, 9, 40, 58, 146, 798, 556, 187, 111, 40, 10000000, 10000000
801, 304, 798, 349, 11325194, 1, 9, 187, 58, 146, 798, 556, 187, 111, 40, 10000000, 10000000
798, 349, 787, 401, 11325819, 5, 10, 306, 187, 146, 798, 556, 111, 87, 398, 367, 306
798, 349, 787, 401, 11325819, 4, 10, 367, 187, 146, 798, 556, 111, 87, 398, 367, 306
798, 349, 787, 401, 11325819, 3, 10, 398, 187, 146, 798, 556, 111, 87, 398, 367, 306
798, 349, 801, 481, 11325819, 1, 10, 111, 187, 146, 798, 556, 111, 87, 398, 367, 306
798, 349, 798, 505, 11325819, 2, 10, 87, 187, 146, 798, 556, 111, 87, 398, 367, 306
801, 481, 798, 505, 11326443, 2, 11, 87, 111, 146, 798, 556, 146, 87, 280, 261, 334
801, 481, 798, 541, 11326443, 146, 11, 146, 111, 146, 798, 556, 146, 87, 280, 261, 334
798, 505, 798, 541, 11331067, 146, 12, 146, 87, 146, 798, 556, 146, 280, 377, 318, 277
798, 573, 798, 541, 11335691, 146, 13, 146, 280, 146, 798, 556, 146, 10000000, 10000000, 10000000, 10000000
801, 629, 798, 541, 11339068, 146, 12, 146, 261, 146, 798, 556, 146, 280, 377, 318, 277
798, 573, 798, 541, 11343692, 146, 13, 146, 280, 146, 798, 556, 146, 10000000, 10000000, 10000000, 10000000
198, 73, 201, 212, 12300200, 4, 1, 368, 60, 243, 598, 576, 132, 23, 249, 368, 313
198, 73, 201, 233, 12300200, 3, 1, 249, 60, 243, 598, 576, 132, 23, 249, 368, 313
201, 233, 201, 312, 12308824, 3, 2, 23, 249, 243, 598, 576, 363, 193, 23, 229, 311
201, 233, 198, 324, 12308824, 2, 2, 193, 249, 243, 598, 576, 363, 193, 23, 229, 311
201, 233, 198, 361, 12308824, 4, 2, 229, 249, 243, 598, 576, 363, 193, 23, 229, 311
201, 233, 201, 415, 12308825, 5, 2, 311, 249, 243, 598, 576, 363, 193, 23, 229, 311
198, 324, 201, 412, 12313449, 5, 3, 363, 193, 243, 598, 576, 205, 65, 299, 311, 363
198, 324, 201, 415, 12313449, 4, 3, 311, 193, 243, 598, 576, 205, 65, 299, 311, 363
198, 324, 201, 434, 12313449, 3, 3, 299, 193, 243, 598, 576, 205, 65, 299, 311, 363
198, 324, 201, 472, 12313449, 1, 3, 205, 193, 243, 598, 576, 205, 65, 299, 311, 363
201, 472, 198, 508, 12314073, 4, 4, 113, 205, 243, 598, 576, 65, 276, 222, 113, 210
201, 472, 201, 512, 12314073, 1, 4, 65, 205, 243, 598, 576, 65, 276, 222, 113, 210
201, 472, 198, 542, 12314073, 3, 4, 222, 205, 243, 598, 576, 65, 276, 222, 113, 210
201, 472, 201, 630, 12314073, 2, 4, 276, 205, 243, 598, 576, 65, 276, 222, 113, 210
201, 472, 201, 671, 12314073, 5, 4, 210, 205, 243, 598, 576, 65, 276, 222, 113, 210
201, 512, 198, 542, 12314697, 2, 5, 222, 65, 243, 598, 576, 276, 222, 10000000, 10000000, 10000000
201, 512, 201, 630, 12314697, 1, 5, 276, 65, 243, 598, 576, 276, 222, 10000000, 10000000, 10000000
201, 671, 201, 630, 12330698, 1, 5, 276, 210, 243, 598, 576, 276, 222, 113, 107, 10000000
201, 671, 198, 541, 12330698, 2, 5, 222, 210, 243, 598, 576, 276, 222, 113, 107, 10000000
15, -1, 65, 1, 13300200, 5, 1, 38, 326, 371, 801, 612, 165, 8, 153, 11, 38
15, -1, 82, -1, 13300200, 3, 1, 153, 326, 371, 801, 612, 165, 8, 153, 11, 38
15, -1, 114, -1, 13300200, 2, 1, 8, 326, 371, 801, 612, 165, 8, 153, 11, 38
114, -1, 201, 18, 13304824, 4, 2, 323, 8, 371, 801, 612, 62, 266, 330, 323, 365
114, -1, 212, -1, 13304824, 5, 2, 365, 8, 371, 801, 612, 62, 266, 330, 323, 365
114, -1, 219, -1, 13304824, 3, 2, 330, 8, 371, 801, 612, 62, 266, 330, 323, 365
114, -1, 242, -1, 13304824, 2, 2, 266, 8, 371, 801, 612, 62, 266, 330, 323, 365
114, -1, 278, 1, 13304824, 1, 2, 62, 8, 371, 801, 612, 62, 266, 330, 323, 365
278, 1, 401, 12, 13305449, 3, 3, 373, 62, 371, 801, 612, 156, 320, 373, 288, 254
278, 1, 489, -1, 13305449, 1, 3, 156, 62, 371, 801, 612, 156, 320, 373, 288, 254
489, -1, 526, 1, 13306073, 5, 4, 200, 156, 371, 801, 612, 220, 338, 5, 298, 200
489, -1, 529, -1, 13306073, 3, 4, 5, 156, 371, 801, 612, 220, 338, 5, 298, 200
489, -1, 555, 1, 13306073, 4, 4, 298, 156, 371, 801, 612, 220, 338, 5, 298, 200
489, -1, 580, 1, 13306073, 2, 4, 338, 156, 371, 801, 612, 220, 338, 5, 298, 200
580, 1, 601, 44, 13310698, 3, 5, 291, 338, 371, 801, 612, 91, 155, 291, 105, 220
580, 1, 671, -1, 13310698, 5, 5, 220, 338, 371, 801, 612, 91, 155, 291, 105, 220
401, 12, 398, 73, 13314073, 3, 4, 100, 373, 371, 801, 612, 48, 158, 100, 138, 156
401, 12, 401, 81, 13314073, 2, 4, 158, 373, 371, 801, 612, 48, 158, 100, 138, 156
401, 12, 401, 119, 13314073, 1, 4, 48, 373, 371, 801, 612, 48, 158, 100, 138, 156
401, 119, 398, 147, 13314697, 4, 5, 260, 48, 371, 801, 612, 116, 118, 378, 260, 325
401, 119, 398, 179, 13314697, 5, 5, 325, 48, 371, 801, 612, 116, 118, 378, 260, 325
401, 119, 398, 187, 13314697, 3, 5, 378, 48, 371, 801, 612, 116, 118, 378, 260, 325
401, 119, 401, 284, 13314698, 2, 5, 118, 48, 371, 801, 612, 116, 118, 378, 260, 325
201, 18, 201, 87, 13317448, 3, 3, 123, 323, 371, 801, 612, 368, 98, 123, 199, 170
201, 18, 198, 113, 13317448, 4, 3, 199, 323, 371, 801, 612, 368, 98, 123, 199, 170
201, 18, 201, 212, 13317449, 1, 3, 368, 323, 371, 801, 612, 368, 98, 123, 199, 170
201, 212, 201, 285, 13318073, 4, 4, 132, 368, 371, 801, 612, 23, 193, 159, 132, 399
201, 212, 198, 310, 13318073, 2, 4, 193, 368, 371, 801, 612, 23, 193, 159, 132, 399
201, 212, 201, 325, 13318073, 1, 4, 23, 368, 371, 801, 612, 23, 193, 159, 132, 399
201, 325, 198, 381, 13318697, 3, 5, 305, 23, 371, 801, 612, 113, 363, 305, 311, 386
201, 325, 198, 387, 13318697, 5, 5, 386, 23, 371, 801, 612, 113, 363, 305, 311, 386
201, 325, 201, 412, 13318697, 2, 5, 363, 23, 371, 801, 612, 113, 363, 305, 311, 386
201, 325, 198, 496, 13318698, 1, 5, 113, 23, 371, 801, 612, 113, 363, 305, 311, 386
601, 44, 598, 71, 13319322, 5, 6, 12, 291, 371, 801, 612, 285, 91, 155, 183, 12
601, 44, 601, 86, 13319322, 3, 6, 155, 291, 371, 801, 612, 285, 91, 155, 183, 12
601, 44, 598, 107, 13319322, 4, 6, 183, 291, 371, 801, 612, 285, 91, 155, 183, 12
601, 44, 601, 123, 13319322, 2, 6, 91, 291, 371, 801, 612, 285, 91, 155, 183, 12
198, 496, 201, 526, 13319322, 2, 6, 65, 113, 371, 801, 612, 276, 65, 210, 222, 67
198, 496, 198, 528, 13319322, 4, 6, 222, 113, 371, 801, 612, 276, 65, 210, 222, 67
401, 284, 401, 326, 13319322, 4, 6, 41, 118, 371, 801, 612, 351, 381, 224, 41, 217
401, 284, 398, 346, 13319322, 3, 6, 224, 118, 371, 801, 612, 351, 381, 224, 41, 217
601, 44, 598, 153, 13319322, 1, 6, 285, 291, 371, 801, 612, 285, 91, 155, 183, 12
401, 284, 398, 387, 13319322, 1, 6, 351, 118, 371, 801, 612, 351, 381, 224, 41, 217
401, 284, 401, 412, 13319322, 2, 6, 381, 118, 371, 801, 612, 351, 381, 224, 41, 217
198, 496, 201, 639, 13319322, 1, 6, 276, 113, 371, 801, 612, 276, 65, 210, 222, 67
401, 284, 401, 464, 13319322, 5, 6, 217, 118, 371, 801, 612, 351, 381, 224, 41, 217
198, 496, 201, 685, 13319322, 3, 6, 210, 113, 371, 801, 612, 276, 65, 210, 222, 67
598, 153, 587, 201, 13319946, 2, 7, 380, 285, 371, 801, 612, 114, 380, 312, 47, 287
398, 387, 443, 398, 13319946, 4, 7, 279, 351, 371, 801, 612, 166, 104, 115, 279, 53
598, 153, 598, 274, 13319946, 4, 7, 47, 285, 371, 801, 612, 114, 380, 312, 47, 287
598, 153, 601, 293, 13319946, 1, 7, 114, 285, 371, 801, 612, 114, 380, 312, 47, 287
398, 387, 398, 499, 13319946, 3, 7, 115, 351, 371, 801, 612, 166, 104, 115, 279, 53
398, 387, 401, 502, 13319946, 2, 7, 104, 351, 371, 801, 612, 166, 104, 115, 279, 53
601, 293, 598, 320, 13320570, 5, 8, 206, 114, 371, 801, 612, 347, 286, 179, 290, 206
601, 293, 598, 351, 13320571, 4, 8, 290, 114, 371, 801, 612, 347, 286, 179, 290, 206
601, 293, 601, 419, 13320571, 1, 8, 347, 114, 371, 801, 612, 347, 286, 179, 290, 206
601, 293, 601, 445, 13320571, 2, 8, 286, 114, 371, 801, 612, 347, 286, 179, 290, 206
601, 293, 601, 483, 13320571, 3, 8, 179, 114, 371, 801, 612, 347, 286, 179, 290, 206
601, 419, 601, 483, 13321195, 3, 9, 179, 347, 371, 801, 612, 21, 130, 179, 332, 243
601, 419, 598, 514, 13321195, 2, 9, 130, 347, 371, 801, 612, 21, 130, 179, 332, 243
601, 419, 601, 529, 13321195, 1, 9, 21, 347, 371, 801, 612, 21, 130, 179, 332, 243
601, 419, 598, 557, 13321195, 5, 9, 243, 347, 371, 801, 612, 21, 130, 179, 332, 243
601, 419, 598, 579, 13321195, 4, 9, 332, 347, 371, 801, 612, 21, 130, 179, 332, 243
601, 529, 598, 557, 13321819, 2, 10, 243, 21, 371, 801, 612, 332, 243, 186, 10000000, 10000000
601, 529, 598, 579, 13321819, 1, 10, 332, 21, 371, 801, 612, 332, 243, 186, 10000000, 10000000
401, 502, 401, 673, 13324571, 1, 8, 154, 104, 371, 801, 612, 154, 79, 10000000, 10000000, 10000000
671, -1, 715, -1, 13327322, 5, 6, 105, 220, 371, 801, 612, 362, 225, 207, 315, 105
671, -1, 716, 1, 13327322, 3, 6, 207, 220, 371, 801, 612, 362, 225, 207, 315, 105
671, -1, 754, 1, 13327322, 2, 6, 225, 220, 371, 801, 612, 362, 225, 207, 315, 105
671, -1, 780, 1, 13327322, 4, 6, 315, 220, 371, 801, 612, 362, 225, 207, 315, 105
671, -1, 812, -1, 13327322, 1, 6, 362, 220, 371, 801, 612, 362, 225, 207, 315, 105
812, -1, 819, -1, 13327946, 5, 7, 331, 362, 371, 801, 612, 382, 357, 315, 225, 331
812, -1, 787, 1, 13327946, 2, 7, 357, 362, 371, 801, 612, 382, 357, 315, 225, 331
812, -1, 787, 1, 13327946, 1, 7, 382, 362, 371, 801, 612, 382, 357, 315, 225, 331
812, -1, 780, 1, 13327946, 3, 7, 315, 362, 371, 801, 612, 382, 357, 315, 225, 331
812, -1, 754, 1, 13327946, 4, 7, 225, 362, 371, 801, 612, 382, 357, 315, 225, 331
787, 1, 798, 77, 13328570, 2, 8, 75, 382, 371, 801, 612, 209, 75, 232, 319, 10000000
787, 1, 798, 116, 13328571, 1, 8, 209, 382, 371, 801, 612, 209, 75, 232, 319, 10000000
787, 1, 798, 156, 13328571, 3, 8, 232, 382, 371, 801, 612, 209, 75, 232, 319, 10000000
798, 116, 801, 244, 13329195, 2, 9, 250, 209, 371, 801, 612, 126, 250, 58, 319, 350
443, 398, 478, 401, 13332570, 2, 8, 53, 279, 371, 801, 612, 24, 53, 144, 166, 120
443, 398, 481, 398, 13332570, 4, 8, 166, 279, 371, 801, 612, 24, 53, 144, 166, 120
443, 398, 516, 401, 13332570, 3, 8, 144, 279, 371, 801, 612, 24, 53, 144, 166, 120
443, 398, 527, 398, 13332570, 1, 8, 24, 279, 371, 801, 612, 24, 53, 144, 166, 120
527, 398, 601, 419, 13333195, 2, 9, 347, 24, 371, 801, 612, 35, 347, 120, 81, 286
527, 398, 681, 401, 13333195, 4, 9, 81, 24, 371, 801, 612, 35, 347, 120, 81, 286
527, 398, 720, 398, 13333195, 1, 9, 35, 24, 371, 801, 612, 35, 347, 120, 81, 286
720, 398, 719, 401, 13333819, 5, 10, 124, 35, 371, 801, 612, 398, 367, 234, 283, 124
801, 244, 798, 286, 13333819, 4, 10, 40, 250, 371, 801, 612, 58, 187, 126, 40, 111
801, 244, 801, 288, 13333819, 3, 10, 126, 250, 371, 801, 612, 58, 187, 126, 40, 111
720, 398, 755, 401, 13333819, 3, 10, 234, 35, 371, 801, 612, 398, 367, 234, 283, 124
801, 244, 798, 321, 13333819, 2, 10, 187, 250, 371, 801, 612, 58, 187, 126, 40, 111
720, 398, 787, 401, 13333819, 2, 10, 367, 35, 371, 801, 612, 398, 367, 234, 283, 124
720, 398, 787, 401, 13333819, 1, 10, 398, 35, 371, 801, 612, 398, 367, 234, 283, 124
801, 244, 801, 335, 13333819, 1, 10, 58, 250, 371, 801, 612, 58, 187, 126, 40, 111
720, 398, 846, 398, 13333820, 4, 10, 283, 35, 371, 801, 612, 398, 367, 234, 283, 124
787, 401, 798, 479, 13334444, 3, 11, 87, 398, 371, 801, 612, 146, 111, 87, 280, 334
787, 401, 801, 506, 13334444, 2, 11, 111, 398, 371, 801, 612, 146, 111, 87, 280, 334
787, 401, 798, 519, 13334444, 1, 11, 146, 398, 371, 801, 612, 146, 111, 87, 280, 334
798, 519, 787, 601, 13335068, 3, 12, 377, 146, 371, 801, 612, 371, 334, 377, 318, 261
798, 519, 801, 612, 13335068, 371, 12, 371, 146, 371, 801, 612, 371, 334, 377, 318, 261
801, 620, 801, 612, 13339692, 371, 13, 371, 334, 371, 801, 612, 371, 10000000, 10000000, 10000000, 10000000
201, 256, 201, 338, 14300200, 2, 1, 23, 249, 309, 598, 782, 299, 23, 386, 363, 229
201, 256, 198, 338, 14300200, 5, 1, 229, 249, 309, 598, 782, 299, 23, 386, 363, 229
201, 256, 198, 387, 14300200, 3, 1, 386, 249, 309, 598, 782, 299, 23, 386, 363, 229
201, 256, 201, 412, 14300200, 4, 1, 363, 249, 309, 598, 782, 299, 23, 386, 363, 229
201, 338, 198, 387, 14304824, 5, 2, 366, 23, 309, 598, 782, 113, 311, 363, 386, 366
201, 338, 198, 387, 14304824, 4, 2, 386, 23, 309, 598, 782, 113, 311, 363, 386, 366
201, 338, 201, 412, 14304824, 3, 2, 363, 23, 309, 598, 782, 113, 311, 363, 386, 366
201, 338, 201, 425, 14304824, 2, 2, 311, 23, 309, 598, 782, 113, 311, 363, 386, 366
201, 338, 198, 484, 14304824, 1, 2, 113, 23, 309, 598, 782, 113, 311, 363, 386, 366
198, 484, 201, 539, 14305448, 4, 3, 65, 113, 309, 598, 782, 276, 67, 210, 65, 10
201, 539, 201, 650, 14318073, 1, 4, 276, 65, 309, 598, 782, 276, 67, 210, 10, 10000000
201, 539, 198, 654, 14318073, 4, 4, 10, 65, 309, 598, 782, 276, 67, 210, 10, 10000000
201, 539, 201, 698, 14318073, 3, 4, 210, 65, 309, 598, 782, 276, 67, 210, 10, 10000000
201, 650, 201, 698, 14318697, 3, 5, 210, 276, 309, 598, 782, 67, 295, 210, 324, 178
201, 650, 198, 708, 14318697, 5, 5, 178, 276, 309, 598, 782, 67, 295, 210, 324, 178
201, 650, 198, 741, 14318697, 2, 5, 295, 276, 309, 598, 782, 67, 295, 210, 324, 178
201, 650, 201, 825, 14318697, 4, 5, 324, 276, 309, 598, 782, 67, 295, 210, 324, 178
198, 741, 201, 749, 14323321, 3, 6, 67, 295, 309, 598, 782, 271, 136, 67, 324, 3
198, 741, 201, 825, 14323321, 4, 6, 324, 295, 309, 598, 782, 271, 136, 67, 324, 3
201, 825, 201, 749, 14335946, 4, 7, 67, 324, 309, 598, 782, 136, 271, 3, 67, 10000000
138, -1, 201, 32, 15300200, 5, 1, 323, 8, 377, 787, 601, 266, 62, 330, 365, 323
138, -1, 216, -1, 15300200, 4, 1, 365, 8, 377, 787, 601, 266, 62, 330, 365, 323
138, -1, 250, 1, 15300200, 2, 1, 62, 8, 377, 787, 601, 266, 62, 330, 365, 323
250, 1, 342, -1, 15304824, 5, 2, 7, 62, 377, 787, 601, 156, 288, 320, 373, 7
201, 32, 201, 65, 15316824, 5, 2, 235, 323, 377, 787, 601, 368, 98, 123, 199, 235
201, 32, 198, 86, 15316824, 4, 2, 199, 323, 377, 787, 601, 368, 98, 123, 199, 235
201, 32, 201, 111, 15316824, 3, 2, 123, 323, 377, 787, 601, 368, 98, 123, 199, 235
201, 32, 201, 132, 15316824, 2, 2, 98, 323, 377, 787, 601, 368, 98, 123, 199, 235
201, 32, 201, 215, 15316824, 1, 2, 368, 323, 377, 787, 601, 368, 98, 123, 199, 235
201, 215, 201, 269, 15317449, 5, 3, 249, 368, 377, 787, 601, 132, 366, 193, 23, 249
201, 215, 198, 281, 15317449, 3, 3, 193, 368, 377, 787, 601, 132, 366, 193, 23, 249
201, 215, 201, 314, 15317449, 1, 3, 132, 368, 377, 787, 601, 132, 366, 193, 23, 249
201, 215, 198, 384, 15317449, 2, 3, 366, 368, 377, 787, 601, 132, 366, 193, 23, 249
201, 314, 201, 352, 15318073, 5, 4, 23, 132, 377, 787, 601, 311, 366, 386, 222, 23
201, 314, 198, 384, 15318073, 2, 4, 366, 132, 377, 787, 601, 311, 366, 386, 222, 23
201, 314, 198, 387, 15318073, 3, 4, 386, 132, 377, 787, 601, 311, 366, 386, 222, 23
342, -1, 401, 14, 15321448, 3, 3, 373, 7, 377, 787, 601, 200, 61, 373, 320, 156
342, -1, 401, 33, 15321448, 4, 3, 320, 7, 377, 787, 601, 200, 61, 373, 320, 156
342, -1, 449, 1, 15321449, 2, 3, 61, 7, 377, 787, 601, 200, 61, 373, 320, 156
342, -1, 501, 1, 15321449, 1, 3, 200, 7, 377, 787, 601, 200, 61, 373, 320, 156
501, 1, 566, 1, 15322073, 4, 4, 338, 200, 377, 787, 601, 207, 291, 220, 338, 105
501, 1, 702, -1, 15322073, 3, 4, 220, 200, 377, 787, 601, 207, 291, 220, 338, 105
198, 384, 201, 470, 15322697, 4, 5, 299, 366, 377, 787, 601, 274, 65, 205, 299, 18
198, 384, 201, 513, 15322697, 3, 5, 205, 366, 377, 787, 601, 274, 65, 205, 299, 18
401, 14, 401, 72, 15330073, 3, 4, 254, 373, 377, 787, 601, 48, 158, 254, 138, 260
401, 14, 398, 92, 15330073, 4, 4, 138, 373, 377, 787, 601, 48, 158, 254, 138, 260
401, 14, 401, 114, 15330073, 2, 4, 158, 373, 377, 787, 601, 48, 158, 254, 138, 260
401, 14, 398, 121, 15330073, 5, 4, 260, 373, 377, 787, 601, 48, 158, 254, 138, 260
401, 14, 401, 145, 15330073, 1, 4, 48, 373, 377, 787, 601, 48, 158, 254, 138, 260
401, 145, 398, 162, 15330697, 5, 5, 325, 48, 377, 787, 601, 224, 118, 378, 116, 325
401, 145, 398, 183, 15330697, 3, 5, 378, 48, 377, 787, 601, 224, 118, 378, 116, 325
401, 145, 398, 274, 15330697, 4, 5, 116, 48, 377, 787, 601, 224, 118, 378, 116, 325
401, 145, 398, 319, 15330697, 1, 5, 224, 48, 377, 787, 601, 224, 118, 378, 116, 325
702, -1, 729, 1, 15330697, 2, 5, 225, 220, 377, 787, 601, 362, 225, 315, 105, 357
702, -1, 742, -1, 15330698, 4, 5, 105, 220, 377, 787, 601, 362, 225, 315, 105, 357
702, -1, 765, 1, 15330698, 3, 5, 315, 220, 377, 787, 601, 362, 225, 315, 105, 357
702, -1, 784, 1, 15330698, 5, 5, 357, 220, 377, 787, 601, 362, 225, 315, 105, 357
702, -1, 814, -1, 15330698, 1, 5, 362, 220, 377, 787, 601, 362, 225, 315, 105, 357
201, 513, 201, 554, 15331321, 1, 6, 65, 205, 377, 787, 601, 65, 276, 210, 10000000, 10000000
398, 319, 401, 424, 15331322, 4, 6, 349, 224, 377, 787, 601, 104, 217, 300, 349, 372
201, 513, 201, 662, 15331322, 2, 6, 276, 205, 377, 787, 601, 65, 276, 210, 10000000, 10000000
814, -1, 787, 1, 15331322, 2, 6, 382, 362, 377, 787, 601, 75, 382, 357, 315, 225
398, 319, 401, 453, 15331322, 3, 6, 300, 224, 377, 787, 601, 104, 217, 300, 349, 372
814, -1, 784, 1, 15331322, 3, 6, 357, 362, 377, 787, 601, 75, 382, 357, 315, 225
814, -1, 765, 1, 15331322, 4, 6, 315, 362, 377, 787, 601, 75, 382, 357, 315, 225
814, -1, 729, 1, 15331322, 5, 6, 225, 362, 377, 787, 601, 75, 382, 357, 315, 225
787, 1, 798, 50, 15335946, 2, 7, 75, 382, 377, 787, 601, 209, 75, 232, 319, 10000000
787, 1, 798, 89, 15335946, 1, 7, 209, 382, 377, 787, 601, 209, 75, 232, 319, 10000000
201, 662, 201, 554, 15335946, 2, 7, 65, 276, 377, 787, 601, 107, 65, 10000000, 10000000, 10000000
787, 1, 798, 130, 15335946, 3, 7, 232, 382, 377, 787, 601, 209, 75, 232, 319, 10000000
798, 89, 798, 130, 15336570, 5, 8, 232, 209, 377, 787, 601, 250, 319, 126, 350, 232
798, 89, 801, 235, 15336571, 2, 8, 319, 209, 377, 787, 601, 250, 319, 126, 350, 232
401, 453, 398, 477, 15339946, 3, 7, 115, 300, 377, 787, 601, 104, 217, 115, 24, 166
401, 453, 401, 490, 15339946, 2, 7, 217, 300, 377, 787, 601, 104, 217, 115, 24, 166
401, 453, 401, 526, 15339946, 1, 7, 104, 300, 377, 787, 601, 104, 217, 115, 24, 166
801, 235, 798, 260, 15341195, 5, 9, 40, 319, 377, 787, 601, 58, 126, 187, 250, 40
801, 235, 801, 270, 15341195, 4, 9, 250, 319, 377, 787, 601, 58, 126, 187, 250, 40
801, 235, 798, 291, 15341195, 3, 9, 187, 319, 377, 787, 601, 58, 126, 187, 250, 40
801, 235, 801, 318, 15341195, 2, 9, 126, 319, 377, 787, 601, 58, 126, 187, 250, 40
801, 235, 801, 366, 15341195, 1, 9, 58, 319, 377, 787, 601, 58, 126, 187, 250, 40
801, 366, 787, 401, 15341819, 3, 10, 398, 58, 377, 787, 601, 280, 87, 398, 367, 111
801, 366, 784, 401, 15341819, 4, 10, 367, 58, 377, 787, 601, 280, 87, 398, 367, 111
801, 366, 798, 454, 15341819, 2, 10, 87, 58, 377, 787, 601, 280, 87, 398, 367, 111
401, 490, 401, 526, 15344570, 2, 8, 104, 217, 377, 787, 601, 108, 104, 154, 24, 10000000
401, 490, 398, 660, 15344571, 1, 8, 108, 217, 377, 787, 601, 108, 104, 154, 24, 10000000
798, 454, 798, 525, 15346444, 4, 11, 280, 87, 377, 787, 601, 371, 334, 261, 280, 111
798, 454, 801, 531, 15346444, 5, 11, 111, 87, 377, 787, 601, 371, 334, 261, 280, 111
398, 162, 398, 319, 15347321, 3, 6, 224, 325, 377, 787, 601, 41, 118, 224, 356, 314
398, 162, 401, 351, 15347322, 1, 6, 41, 325, 377, 787, 601, 41, 118, 224, 356, 314
401, 351, 401, 412, 15347946, 2, 7, 388, 41, 377, 787, 601, 115, 388, 381, 217, 395
401, 351, 401, 412, 15347946, 5, 7, 395, 41, 377, 787, 601, 115, 388, 381, 217, 395
401, 351, 401, 412, 15347946, 3, 7, 381, 41, 377, 787, 601, 115, 388, 381, 217, 395
401, 351, 398, 477, 15347946, 1, 7, 115, 41, 377, 787, 601, 115, 388, 381, 217, 395
401, 351, 401, 490, 15347946, 4, 7, 217, 41, 377, 787, 601, 115, 388, 381, 217, 395
398, 477, 401, 490, 15348570, 3, 8, 217, 115, 377, 787, 601, 104, 154, 217, 79, 162
398, 477, 401, 526, 15348570, 1, 8, 104, 115, 377, 787, 601, 104, 154, 217, 79, 162
401, 490, 401, 526, 15357194, 2, 9, 104, 217, 377, 787, 601, 108, 104, 154, 24, 10000000
401, 490, 398, 660, 15357195, 1, 9, 108, 217, 377, 787, 601, 108, 104, 154, 24, 10000000
798, 525, 801, 616, 15359068, 2, 12, 371, 280, 377, 787, 601, 377, 371, 334, 318, 251
798, 525, 801, 637, 15359068, 3, 12, 334, 280, 377, 787, 601, 377, 371, 334, 318, 251
801, 616, 784, 601, 15363692, 377, 13, 377, 371, 377, 787, 601, 377, 318, 10000000, 10000000, 10000000
765, 601, 784, 601, 15368316, 377, 14, 377, 318, 377, 787, 601, 377, 371, 10000000, 10000000, 10000000
801, 616, 783, 601, 15372940, 377, 15, 377, 371, 377, 787, 601, 377, 318, 10000000, 10000000, 10000000
765, 601, 783, 601, 15377564, 377, 16, 377, 318, 377, 787, 601, 377, 371, 10000000, 10000000, 10000000
801, 616, 783, 601, 15382188, 377, 17, 377, 371, 377, 787, 601, 377, 318, 10000000, 10000000, 10000000
765, 601, 783, 601, 15386813, 377, 18, 377, 318, 377, 787, 601, 377, 371, 10000000, 10000000, 10000000
801, 616, 783, 601, 15391437, 377, 19, 377, 371, 377, 787, 601, 377, 318, 10000000, 10000000, 10000000
765, 601, 783, 601, 15396061, 377, 20, 377, 318, 377, 787, 601, 377, 371, 10000000, 10000000, 10000000
801, 616, 783, 601, 15400685, 377, 21, 377, 371, 377, 787, 601, 377, 318, 10000000, 10000000, 10000000
125, -1, 198, 17, 16300200, 3, 1, 60, 153, 33, 455, 801, 170, 149, 60, 330, 365
125, -1, 221, -1, 16300200, 5, 1, 365, 153, 33, 455, 801, 170, 149, 60, 330, 365
125, -1, 244, -1, 16300200, 4, 1, 330, 153, 33, 455, 801, 170, 149, 60, 330, 365
198, 17, 201, 122, 16308824, 5, 2, 123, 60, 33, 455, 801, 344, 98, 263, 368, 123
198, 17, 198, 124, 16308824, 3, 2, 263, 60, 33, 455, 801, 344, 98, 263, 368, 123
198, 17, 201, 143, 16308824, 2, 2, 98, 60, 33, 455, 801, 344, 98, 263, 368, 123
198, 17, 198, 158, 16308824, 1, 2, 344, 60, 33, 455, 801, 344, 98, 263, 368, 123
198, 158, 201, 247, 16309449, 5, 3, 313, 344, 33, 455, 801, 132, 249, 193, 23, 313
198, 158, 198, 267, 16309449, 3, 3, 193, 344, 33, 455, 801, 132, 249, 193, 23, 313
198, 158, 201, 328, 16309449, 1, 3, 132, 344, 33, 455, 801, 132, 249, 193, 23, 313
201, 328, 198, 380, 16310073, 5, 4, 366, 132, 33, 455, 801, 113, 311, 222, 399, 366
201, 328, 198, 387, 16310073, 4, 4, 399, 132, 33, 455, 801, 113, 311, 222, 399, 366
201, 328, 201, 441, 16310073, 2, 4, 311, 132, 33, 455, 801, 113, 311, 222, 399, 366
201, 328, 198, 460, 16310073, 1, 4, 113, 132, 33, 455, 801, 113, 311, 222, 399, 366
201, 328, 198, 486, 16310073, 3, 4, 222, 132, 33, 455, 801, 113, 311, 222, 399, 366
198, 460, 201, 483, 16310697, 5, 5, 299, 113, 33, 455, 801, 276, 65, 205, 222, 299
198, 460, 198, 486, 16310697, 4, 5, 222, 113, 33, 455, 801, 276, 65, 205, 222, 299
198, 460, 201, 527, 16310697, 3, 5, 205, 113, 33, 455, 801, 276, 65, 205, 222, 299
198, 460, 201, 567, 16310698, 2, 5, 65, 113, 33, 455, 801, 276, 65, 205, 222, 299
244, -1, 278, 1, 16312824, 3, 2, 149, 330, 33, 455, 801, 170, 7, 149, 266, 123
244, -1, 279, -1, 16312824, 4, 2, 266, 330, 33, 455, 801, 170, 7, 149, 266, 123
244, -1, 326, -1, 16312824, 1, 2, 170, 330, 33, 455, 801, 170, 7, 149, 266, 123
244, -1, 354, -1, 16312824, 2, 2, 7, 330, 33, 455, 801, 170, 7, 149, 266, 123
326, -1, 354, -1, 16313448, 5, 3, 7, 170, 33, 455, 801, 373, 61, 298, 288, 7
326, -1, 401, 18, 16313448, 1, 3, 373, 170, 33, 455, 801, 373, 61, 298, 288, 7
326, -1, 436, 1, 16313449, 2, 3, 61, 170, 33, 455, 801, 373, 61, 298, 288, 7
326, -1, 518, 1, 16313449, 3, 3, 298, 170, 33, 455, 801, 373, 61, 298, 288, 7
401, 18, 398, 79, 16314073, 4, 4, 138, 373, 33, 455, 801, 48, 158, 254, 138, 260
401, 18, 401, 86, 16314073, 3, 4, 254, 373, 33, 455, 801, 48, 158, 254, 138, 260
401, 18, 398, 108, 16314073, 5, 4, 260, 373, 33, 455, 801, 48, 158, 254, 138, 260
401, 18, 401, 128, 16314073, 2, 4, 158, 373, 33, 455, 801, 48, 158, 254, 138, 260
401, 18, 401, 157, 16314073, 1, 4, 48, 373, 33, 455, 801, 48, 158, 254, 138, 260
401, 157, 398, 178, 16314697, 4, 5, 378, 48, 33, 455, 801, 224, 118, 116, 378, 41
401, 157, 398, 260, 16314697, 3, 5, 116, 48, 33, 455, 801, 224, 118, 116, 378, 41
401, 157, 398, 307, 16314697, 1, 5, 224, 48, 33, 455, 801, 224, 118, 116, 378, 41
201, 567, 198, 625, 16315322, 2, 6, 10, 65, 33, 455, 801, 276, 10, 210, 67, 10000000
398, 307, 401, 431, 16315322, 5, 6, 349, 224, 33, 455, 801, 217, 104, 300, 115, 349
398, 307, 401, 466, 16315322, 3, 6, 300, 224, 33, 455, 801, 217, 104, 300, 115, 349
201, 567, 201, 674, 16315322, 1, 6, 276, 65, 33, 455, 801, 276, 10, 210, 67, 10000000
201, 567, 201, 725, 16315322, 3, 6, 210, 65, 33, 455, 801, 276, 10, 210, 67, 10000000
201, 674, 198, 681, 16315946, 5, 7, 178, 276, 33, 455, 801, 67, 59, 210, 295, 178
201, 674, 198, 717, 16315946, 4, 7, 295, 276, 33, 455, 801, 67, 59, 210, 295, 178
201, 674, 201, 725, 16315946, 3, 7, 210, 276, 33, 455, 801, 67, 59, 210, 295, 178
201, 674, 201, 777, 16315946, 1, 7, 67, 276, 33, 455, 801, 67, 59, 210, 295, 178
201, 674, 198, 840, 16315946, 2, 7, 59, 276, 33, 455, 801, 67, 59, 210, 295, 178
198, 840, 201, 843, 16320571, 2, 8, 324, 59, 33, 455, 801, 67, 324, 10000000, 10000000, 10000000
198, 840, 201, 777, 16320571, 1, 8, 67, 59, 33, 455, 801, 67, 324, 10000000, 10000000, 10000000
401, 466, 398, 466, 16323946, 3, 7, 115, 300, 33, 455, 801, 104, 217, 115, 154, 10000000
401, 466, 401, 503, 16323946, 2, 7, 217, 300, 33, 455, 801, 104, 217, 115, 154, 10000000
401, 466, 401, 538, 16323946, 1, 7, 104, 300, 33, 455, 801, 104, 217, 115, 154, 10000000
401, 538, 401, 711, 16324571, 1, 8, 154, 104, 33, 455, 801, 154, 10000000, 10000000, 10000000, 10000000
201, 843, 201, 777, 16325195, 4, 9, 67, 324, 33, 455, 801, 271, 136, 3, 67, 10000000
401, 711, 401, 761, 16325195, 1, 9, 79, 154, 33, 455, 801, 79, 52, 292, 10000000, 10000000
401, 711, 398, 848, 16325195, 2, 9, 52, 154, 33, 455, 801, 79, 52, 292, 10000000, 10000000
401, 711, 401, 878, 16325195, 3, 9, 292, 154, 33, 455, 801, 79, 52, 292, 10000000, 10000000
398, 848, 379, 801, 16329819, 1, 10, 352, 52, 33, 455, 801, 352, 304, 227, 10000000, 10000000
398, 848, 352, 801, 16329819, 2, 10, 304, 52, 33, 455, 801, 352, 304, 227, 10000000, 10000000
379, 801, 451, 801, 16330444, 33, 11, 33, 352, 33, 455, 801, 33, 141, 257, 181, 10000000
473, 801, 451, 801, 16335068, 33, 12, 33, 141, 33, 455, 801, 33, 10000000, 10000000, 10000000, 10000000
201, 227, 201, 260, 17300200, 5, 1, 313, 368, 6, 777, 798, 23, 249, 132, 366, 313
201, 227, 201, 294, 17300200, 2, 1, 249, 368, 6, 777, 798, 23, 249, 132, 366, 313
201, 227, 201, 342, 17300200, 3, 1, 132, 368, 6, 777, 798, 23, 249, 132, 366, 313
201, 227, 198, 374, 17300200, 4, 1, 366, 368, 6, 777, 798, 23, 249, 132, 366, 313
201, 294, 198, 374, 17304824, 4, 2, 366, 249, 6, 777, 798, 222, 113, 23, 366, 363
201, 294, 201, 378, 17304824, 3, 2, 23, 249, 6, 777, 798, 222, 113, 23, 366, 363
201, 294, 201, 426, 17304824, 5, 2, 363, 249, 6, 777, 798, 222, 113, 23, 366, 363
201, 294, 198, 447, 17304824, 2, 2, 113, 249, 6, 777, 798, 222, 113, 23, 366, 363
198, 447, 198, 473, 17309448, 5, 3, 222, 113, 6, 777, 798, 65, 205, 276, 299, 222
198, 447, 201, 497, 17309448, 4, 3, 299, 113, 6, 777, 798, 65, 205, 276, 299, 222
198, 447, 201, 541, 17309449, 2, 3, 205, 113, 6, 777, 798, 65, 205, 276, 299, 222
198, 447, 201, 581, 17309449, 1, 3, 65, 113, 6, 777, 798, 65, 205, 276, 299, 222
201, 581, 198, 668, 17310073, 3, 4, 178, 65, 6, 777, 798, 295, 276, 178, 210, 67
201, 581, 201, 686, 17310073, 2, 4, 276, 65, 6, 777, 798, 295, 276, 178, 210, 67
201, 581, 198, 706, 17310073, 1, 4, 295, 65, 6, 777, 798, 295, 276, 178, 210, 67
201, 581, 201, 738, 17310073, 4, 4, 210, 65, 6, 777, 798, 295, 276, 178, 210, 67
201, 581, 201, 786, 17310073, 5, 4, 67, 65, 6, 777, 798, 295, 276, 178, 210, 67
198, 706, 201, 738, 17310697, 4, 5, 210, 295, 6, 777, 798, 67, 324, 59, 210, 246
198, 706, 201, 786, 17310697, 1, 5, 67, 295, 6, 777, 798, 67, 324, 59, 210, 246
198, 706, 198, 827, 17310697, 3, 5, 59, 295, 6, 777, 798, 67, 324, 59, 210, 246
198, 706, 201, 855, 17310698, 2, 5, 324, 295, 6, 777, 798, 67, 324, 59, 210, 246
201, 786, 221, 801, 17311321, 1, 6, 95, 67, 6, 777, 798, 95, 10000000, 10000000, 10000000, 10000000
221, 801, 306, 801, 17311946, 5, 7, 227, 95, 6, 777, 798, 352, 304, 3, 136, 227
221, 801, 332, 798, 17311946, 4, 7, 136, 95, 6, 777, 798, 352, 304, 3, 136, 227
221, 801, 342, 801, 17311946, 2, 7, 304, 95, 6, 777, 798, 352, 304, 3, 136, 227
221, 801, 373, 801, 17311946, 1, 7, 352, 95, 6, 777, 798, 352, 304, 3, 136, 227
221, 801, 373, 798, 17311946, 3, 7, 3, 95, 6, 777, 798, 352, 304, 3, 136, 227
373, 801, 440, 801, 17312570, 5, 8, 33, 352, 6, 777, 798, 82, 181, 257, 141, 33
373, 801, 461, 801, 17312570, 4, 8, 141, 352, 6, 777, 798, 82, 181, 257, 141, 33
373, 801, 497, 801, 17312570, 3, 8, 257, 352, 6, 777, 798, 82, 181, 257, 141, 33
497, 801, 574, 801, 17321195, 5, 9, 358, 257, 6, 777, 798, 240, 337, 387, 384, 358
497, 801, 587, 801, 17321195, 4, 9, 384, 257, 6, 777, 798, 240, 337, 387, 384, 358
497, 801, 587, 801, 17321195, 3, 9, 387, 257, 6, 777, 798, 240, 337, 387, 384, 358
497, 801, 656, 798, 17321195, 2, 9, 337, 257, 6, 777, 798, 240, 337, 387, 384, 358
656, 798, 692, 798, 17325819, 4, 10, 240, 337, 6, 777, 798, 194, 6, 301, 240, 223
656, 798, 740, 798, 17325819, 1, 10, 194, 337, 6, 777, 798, 194, 6, 301, 240, 223
656, 798, 780, 798, 17325819, 6, 10, 6, 337, 6, 777, 798, 194, 6, 301, 240, 223
740, 798, 780, 798, 17326443, 6, 11, 6, 194, 6, 777, 798, 6, 10000000, 10000000, 10000000, 10000000
201, 100, 198, 134, 18300200, 5, 1, 344, 235, 393, 598, 787, 193, 13, 98, 123, 344
201, 100, 201, 146, 18300200, 4, 1, 123, 235, 393, 598, 787, 193, 13, 98, 123, 344
201, 100, 201, 167, 18300200, 3, 1, 98, 235, 393, 598, 787, 193, 13, 98, 123, 344
201, 100, 198, 208, 18300200, 2, 1, 13, 235, 393, 598, 787, 193, 13, 98, 123, 344
198, 208, 198, 287, 18304824, 5, 2, 229, 13, 393, 598, 787, 366, 363, 249, 23, 229
198, 208, 201, 306, 18304824, 3, 2, 249, 13, 393, 598, 787, 366, 363, 249, 23, 229
201, 306, 198, 387, 18313448, 5, 3, 399, 249, 393, 598, 787, 222, 18, 23, 363, 399
201, 306, 201, 388, 18313448, 3, 3, 23, 249, 393, 598, 787, 222, 18, 23, 363, 399
201, 306, 210, 401, 18313449, 2, 3, 18, 249, 393, 598, 787, 222, 18, 23, 363, 399
201, 306, 201, 435, 18313449, 4, 3, 363, 249, 393, 598, 787, 222, 18, 23, 363, 399
210, 401, 326, 401, 18318073, 4, 4, 335, 18, 393, 598, 787, 45, 188, 205, 335, 339
210, 401, 201, 554, 18318073, 3, 4, 205, 18, 393, 598, 787, 45, 188, 205, 335, 339
210, 401, 364, 398, 18318073, 2, 4, 188, 18, 393, 598, 787, 45, 188, 205, 335, 339
210, 401, 384, 398, 18318073, 1, 4, 45, 18, 393, 598, 787, 45, 188, 205, 335, 339
384, 398, 398, 443, 18318697, 2, 5, 115, 45, 393, 598, 787, 349, 115, 166, 339, 279
384, 398, 401, 453, 18318697, 1, 5, 349, 45, 393, 598, 787, 349, 115, 166, 339, 279
384, 398, 479, 398, 18318697, 4, 5, 339, 45, 393, 598, 787, 349, 115, 166, 339, 279
384, 398, 512, 398, 18318698, 5, 5, 279, 45, 393, 598, 787, 349, 115, 166, 339, 279
384, 398, 539, 398, 18318698, 3, 5, 166, 45, 393, 598, 787, 349, 115, 166, 339, 279
401, 453, 401, 496, 18319321, 4, 6, 300, 349, 393, 598, 787, 108, 104, 217, 300, 10000000
401, 453, 401, 529, 18319322, 3, 6, 217, 349, 393, 598, 787, 108, 104, 217, 300, 10000000
401, 453, 401, 561, 18319322, 2, 6, 104, 349, 393, 598, 787, 108, 104, 217, 300, 10000000
401, 561, 410, 601, 18323946, 3, 7, 16, 104, 393, 598, 787, 108, 154, 16, 10000000, 10000000
401, 561, 398, 621, 18323946, 1, 7, 108, 104, 393, 598, 787, 108, 154, 16, 10000000, 10000000
401, 561, 401, 737, 18323946, 2, 7, 154, 104, 393, 598, 787, 108, 154, 16, 10000000, 10000000
398, 621, 401, 737, 18324570, 2, 8, 154, 108, 393, 598, 787, 79, 154, 292, 169, 177
398, 621, 401, 787, 18324570, 1, 8, 79, 108, 393, 598, 787, 79, 154, 292, 169, 177
201, 554, 201, 595, 18326697, 5, 5, 65, 205, 393, 598, 787, 295, 178, 276, 10, 65
201, 554, 198, 596, 18326697, 4, 5, 10, 205, 393, 598, 787, 295, 178, 276, 10, 65
201, 554, 198, 654, 18326697, 2, 5, 178, 205, 393, 598, 787, 295, 178, 276, 10, 65
201, 554, 198, 694, 18326697, 1, 5, 295, 205, 393, 598, 787, 295, 178, 276, 10, 65
201, 554, 201, 698, 18326697, 3, 5, 276, 205, 393, 598, 787, 295, 178, 276, 10, 65
198, 694, 201, 698, 18327321, 5, 6, 276, 295, 393, 598, 787, 67, 210, 59, 324, 276
198, 694, 201, 752, 18327322, 2, 6, 210, 295, 393, 598, 787, 67, 210, 59, 324, 276
539, 398, 588, 398, 18327322, 3, 6, 24, 166, 393, 598, 787, 85, 81, 24, 124, 347
198, 694, 201, 792, 18327322, 1, 6, 67, 295, 393, 598, 787, 67, 210, 59, 324, 276
539, 398, 598, 416, 18327322, 1, 6, 85, 166, 393, 598, 787, 85, 81, 24, 124, 347
539, 398, 622, 401, 18327322, 2, 6, 81, 166, 393, 598, 787, 85, 81, 24, 124, 347
198, 694, 198, 815, 18327322, 3, 6, 59, 295, 393, 598, 787, 67, 210, 59, 324, 276
539, 398, 651, 401, 18327322, 4, 6, 124, 166, 393, 598, 787, 85, 81, 24, 124, 347
201, 792, 212, 801, 18327946, 5, 7, 95, 67, 393, 598, 787, 352, 136, 271, 227, 95
598, 416, 598, 501, 18327946, 5, 7, 243, 85, 393, 598, 787, 21, 179, 332, 286, 243
201, 792, 292, 801, 18327946, 4, 7, 227, 67, 393, 598, 787, 352, 136, 271, 227, 95
598, 416, 601, 519, 18327946, 4, 7, 286, 85, 393, 598, 787, 21, 179, 332, 286, 243
598, 416, 598, 526, 18327946, 3, 7, 332, 85, 393, 598, 787, 21, 179, 332, 286, 243
201, 792, 318, 798, 18327946, 3, 7, 271, 67, 393, 598, 787, 352, 136, 271, 227, 95
201, 792, 344, 798, 18327946, 2, 7, 136, 67, 393, 598, 787, 352, 136, 271, 227, 95
201, 792, 365, 801, 18327946, 1, 7, 352, 67, 393, 598, 787, 352, 136, 271, 227, 95
365, 801, 428, 801, 18328571, 5, 8, 33, 352, 393, 598, 787, 82, 181, 257, 141, 33
365, 801, 450, 801, 18328571, 4, 8, 141, 352, 393, 598, 787, 82, 181, 257, 141, 33
365, 801, 482, 801, 18328571, 3, 8, 257, 352, 393, 598, 787, 82, 181, 257, 141, 33
401, 737, 401, 787, 18329194, 1, 9, 79, 154, 393, 598, 787, 79, 10000000, 10000000, 10000000, 10000000
598, 526, 601, 589, 18336570, 5, 8, 21, 332, 393, 598, 787, 204, 186, 236, 19, 21
598, 526, 598, 605, 18336570, 4, 8, 19, 332, 393, 598, 787, 204, 186, 236, 19, 21
598, 526, 598, 660, 18336571, 1, 8, 204, 332, 393, 598, 787, 204, 186, 236, 19, 21
598, 526, 598, 682, 18336571, 3, 8, 236, 332, 393, 598, 787, 204, 186, 236, 19, 21
598, 660, 598, 727, 18337195, 5, 9, 309, 204, 393, 598, 787, 393, 4, 360, 186, 309
598, 660, 598, 762, 18337195, 3, 9, 360, 204, 393, 598, 787, 393, 4, 360, 186, 309
598, 660, 601, 762, 18337195, 4, 9, 186, 204, 393, 598, 787, 393, 4, 360, 186, 309
482, 801, 563, 798, 18337195, 5, 9, 181, 257, 393, 598, 787, 387, 384, 82, 358, 181
482, 801, 565, 801, 18337195, 4, 9, 358, 257, 393, 598, 787, 387, 384, 82, 358, 181
598, 660, 598, 787, 18337195, 393, 9, 393, 204, 393, 598, 787, 393, 4, 360, 186, 309
587, 801, 598, 787, 18337819, 393, 10, 393, 387, 393, 598, 787, 393, 4, 384, 82, 10000000
601, 788, 598, 787, 18342443, 393, 11, 393, 4, 393, 598, 787, 393, 10000000, 10000000, 10000000, 10000000
598, 682, 598, 787, 18345819, 393, 10, 393, 236, 393, 598, 787, 393, 4, 360, 186, 109
601, 788, 598, 787, 18350443, 393, 11, 393, 4, 393, 598, 787, 393, 10000000, 10000000, 10000000, 10000000
155, 198, 198, 228, 19300200, 3, 1, 193, 216, 358, 569, 801, 310, 368, 193, 197, 71
155, 198, 219, 201, 19300200, 5, 1, 71, 216, 358, 569, 801, 310, 368, 193, 197, 71
155, 198, 201, 248, 19300200, 2, 1, 368, 216, 358, 569, 801, 310, 368, 193, 197, 71
155, 198, 240, 201, 19300200, 4, 1, 197, 216, 358, 569, 801, 310, 368, 193, 197, 71
201, 248, 201, 319, 19304824, 3, 2, 249, 368, 358, 569, 801, 18, 23, 249, 132, 386
201, 248, 201, 369, 19304824, 4, 2, 132, 368, 358, 569, 801, 18, 23, 249, 132, 386
201, 248, 198, 387, 19304824, 5, 2, 386, 368, 358, 569, 801, 18, 23, 249, 132, 386
201, 248, 210, 401, 19304824, 1, 2, 18, 368, 358, 569, 801, 18, 23, 249, 132, 386
210, 401, 313, 401, 19305449, 5, 3, 335, 18, 358, 569, 801, 188, 45, 299, 274, 335
210, 401, 328, 398, 19305449, 4, 3, 274, 18, 358, 569, 801, 188, 45, 299, 274, 335
210, 401, 201, 525, 19305449, 3, 3, 299, 18, 358, 569, 801, 188, 45, 299, 274, 335
240, 201, 317, 201, 19312824, 5, 2, 310, 197, 358, 569, 801, 49, 27, 48, 159, 310
240, 201, 362, 198, 19312824, 4, 2, 159, 197, 358, 569, 801, 49, 27, 48, 159, 310
240, 201, 391, 198, 19312824, 2, 2, 27, 197, 358, 569, 801, 49, 27, 48, 159, 310
240, 201, 401, 191, 19312824, 3, 2, 48, 197, 358, 569, 801, 49, 27, 48, 159, 310
240, 201, 412, 201, 19312824, 1, 2, 49, 197, 358, 569, 801, 49, 27, 48, 159, 310
412, 201, 398, 222, 19313448, 3, 3, 116, 49, 358, 569, 801, 47, 312, 116, 88, 380
412, 201, 517, 201, 19313449, 2, 3, 312, 49, 358, 569, 801, 47, 312, 116, 88, 380
412, 201, 552, 201, 19313449, 5, 3, 380, 49, 358, 569, 801, 47, 312, 116, 88, 380
201, 525, 198, 581, 19314073, 5, 4, 10, 299, 358, 569, 801, 295, 178, 20, 65, 10
201, 525, 208, 601, 19314073, 3, 4, 20, 299, 358, 569, 801, 295, 178, 20, 65, 10
201, 525, 201, 608, 19314073, 4, 4, 65, 299, 358, 569, 801, 295, 178, 20, 65, 10
201, 525, 198, 642, 19314073, 2, 4, 178, 299, 358, 569, 801, 295, 178, 20, 65, 10
201, 525, 198, 682, 19314073, 1, 4, 295, 299, 358, 569, 801, 295, 178, 20, 65, 10
198, 682, 201, 765, 19314697, 3, 5, 210, 295, 358, 569, 801, 95, 67, 210, 324, 77
198, 682, 200, 793, 19314698, 2, 5, 67, 295, 358, 569, 801, 95, 67, 210, 324, 77
198, 682, 209, 801, 19314698, 1, 5, 95, 295, 358, 569, 801, 95, 67, 210, 324, 77
209, 801, 320, 801, 19315322, 5, 6, 304, 95, 358, 569, 801, 79, 352, 136, 271, 304
209, 801, 331, 798, 19315322, 4, 6, 271, 95, 358, 569, 801, 79, 352, 136, 271, 304
209, 801, 356, 801, 19315322, 2, 6, 352, 95, 358, 569, 801, 79, 352, 136, 271, 304
209, 801, 356, 798, 19315322, 3, 6, 136, 95, 358, 569, 801, 79, 352, 136, 271, 304
209, 801, 401, 800, 19315322, 1, 6, 79, 95, 358, 569, 801, 79, 352, 136, 271, 304
401, 800, 417, 801, 19315946, 4, 7, 33, 79, 358, 569, 801, 317, 257, 141, 33, 10000000
401, 800, 438, 801, 19315946, 3, 7, 141, 79, 358, 569, 801, 317, 257, 141, 33, 10000000
401, 800, 468, 801, 19315946, 2, 7, 257, 79, 358, 569, 801, 317, 257, 141, 33, 10000000
401, 800, 519, 801, 19315947, 1, 7, 317, 79, 358, 569, 801, 317, 257, 141, 33, 10000000
519, 801, 556, 801, 19316571, 358, 8, 358, 317, 358, 569, 801, 181, 358, 387, 384, 82
587, 801, 555, 801, 19329195, 358, 9, 358, 384, 358, 569, 801, 181, 358, 387, 10000000, 10000000
591, 798, 555, 801, 19334443, 358, 11, 358, 82, 358, 569, 801, 181, 358, 387, 384, 10000000
591, 798, 555, 801, 19341195, 358, 9, 358, 82, 358, 569, 801, 181, 358, 387, 384, 10000000
401, 800, 555, 801, 19341819, 358, 10, 358, 79, 358, 569, 801, 317, 257, 141, 33, 10000000
518, 801, 555, 801, 19342443, 358, 11, 358, 317, 358, 569, 801, 181, 358, 387, 384, 82
587, 801, 555, 801, 19343067, 358, 12, 358, 387, 358, 569, 801, 181, 358, 384, 10000000, 10000000
401, 800, 555, 801, 19344571, 358, 8, 358, 79, 358, 569, 801, 317, 257, 141, 33, 10000000
518, 801, 555, 801, 19345195, 358, 9, 358, 317, 358, 569, 801, 181, 358, 387, 384, 82
587, 801, 555, 801, 19349819, 358, 10, 358, 387, 358, 569, 801, 181, 358, 384, 10000000, 10000000
591, 798, 555, 801, 19351067, 358, 12, 358, 82, 358, 569, 801, 181, 358, 387, 384, 10000000
587, 801, 555, 801, 19351691, 358, 13, 358, 384, 358, 569, 801, 181, 358, 387, 10000000, 10000000
518, 801, 555, 801, 19353819, 358, 10, 358, 317, 358, 569, 801, 181, 358, 387, 384, 82
587, 801, 555, 801, 19358443, 358, 11, 358, 384, 358, 569, 801, 181, 358, 387, 10000000, 10000000
587, 801, 555, 801, 19363067, 358, 12, 358, 387, 358, 569, 801, 181, 358, 384, 10000000, 10000000
587, 801, 555, 801, 19363691, 358, 13, 358, 384, 358, 569, 801, 181, 358, 387, 10000000, 10000000
598, 787, 555, 801, 19379067, 358, 12, 358, 393, 358, 569, 801, 181, 358, 387, 384, 82
587, 801, 555, 801, 19387691, 358, 13, 358, 387, 358, 569, 801, 181, 358, 384, 10000000, 10000000
587, 801, 555, 801, 19396315, 358, 14, 358, 384, 358, 569, 801, 181, 358, 387, 10000000, 10000000
587, 801, 555, 801, 19404939, 358, 15, 358, 387, 358, 569, 801, 181, 358, 384, 10000000, 10000000
587, 801, 554, 801, 19413563, 358, 16, 358, 384, 358, 569, 801, 181, 358, 387, 10000000, 10000000
587, 801, 554, 801, 19422187, 358, 17, 358, 387, 358, 569, 801, 181, 358, 384, 10000000, 10000000
587, 801, 554, 801, 19430811, 358, 18, 358, 384, 358, 569, 801, 181, 358, 387, 10000000, 10000000
587, 801, 554, 801, 19439435, 358, 19, 358, 387, 358, 569, 801, 181, 358, 384, 10000000, 10000000
587, 801, 554, 801, 19448059, 358, 20, 358, 384, 358, 569, 801, 181, 358, 387, 10000000, 10000000
587, 801, 554, 801, 19456683, 358, 21, 358, 387, 358, 569, 801, 181, 358, 384, 10000000, 10000000
