source_id,send_x,send_y,recv_x,recv_y,time,recv_priority,hopcount,recv_id,send_id,destination_x,destination_y,pri_1,pri_2,pri_3,pri_4,pri_5,pri_recover
240, 198, 179, 201, 218, 10300200, 5, 1, 226, 240, 700, 750, 23, 126, 153, 27, 226, 0
240, 198, 179, 201, 244, 10300200, 2, 1, 126, 240, 700, 750, 23, 126, 153, 27, 226, 0
240, 198, 179, 278, 198, 10300200, 4, 1, 27, 240, 700, 750, 23, 126, 153, 27, 226, 0
240, 201, 244, 201, 285, 10304631, 3, 1, 23, 126, 700, 750, 265, 13, 23, 174, 259, 0
240, 201, 244, 198, 315, 10304631, 2, 1, 13, 126, 700, 750, 265, 13, 23, 174, 259, 0
240, 201, 244, 198, 351, 10304631, 4, 1, 174, 126, 700, 750, 265, 13, 23, 174, 259, 0
240, 201, 244, 198, 387, 10304631, 5, 1, 259, 126, 700, 750, 265, 13, 23, 174, 259, 0
240, 201, 244, 201, 412, 10304631, 1, 1, 265, 126, 700, 750, 265, 13, 23, 174, 259, 0
240, 201, 412, 219, 398, 10305062, 5, 1, 251, 265, 700, 750, 45, 65, 172, 186, 251, 0
240, 201, 412, 201, 446, 10305062, 4, 1, 186, 265, 700, 750, 45, 65, 172, 186, 251, 0
240, 201, 412, 247, 398, 10305062, 3, 1, 172, 265, 700, 750, 45, 65, 172, 186, 251, 0
240, 201, 412, 201, 485, 10305063, 2, 1, 65, 265, 700, 750, 45, 65, 172, 186, 251, 0
240, 278, 198, 380, 201, 10312631, 5, 1, 218, 27, 700, 750, 221, 264, 292, 268, 218, 0
240, 278, 198, 387, 201, 10312631, 2, 1, 264, 27, 700, 750, 221, 264, 292, 268, 218, 0
240, 278, 198, 412, 198, 10312631, 4, 1, 268, 27, 700, 750, 221, 264, 292, 268, 218, 0
240, 278, 198, 412, 198, 10312631, 3, 1, 292, 27, 700, 750, 221, 264, 292, 268, 218, 0
240, 278, 198, 418, 198, 10312631, 1, 1, 221, 27, 700, 750, 221, 264, 292, 268, 218, 0
240, 418, 198, 448, 198, 10313062, 5, 1, 112, 221, 700, 750, 266, 216, 41, 88, 112, 0
240, 418, 198, 495, 198, 10313062, 4, 1, 88, 221, 700, 750, 266, 216, 41, 88, 112, 0
240, 247, 398, 282, 398, 10313494, 2, 1, 45, 172, 700, 750, 18, 45, 162, 255, 24, 0
240, 247, 398, 312, 401, 10313494, 1, 1, 18, 172, 700, 750, 18, 45, 162, 255, 24, 0
240, 247, 398, 354, 401, 10313494, 3, 1, 162, 172, 700, 750, 18, 45, 162, 255, 24, 0
240, 312, 401, 401, 416, 10313925, 3, 1, 255, 18, 700, 750, 24, 160, 255, 198, 256, 0
240, 312, 401, 444, 398, 10313925, 2, 1, 160, 18, 700, 750, 24, 160, 255, 198, 256, 0
240, 312, 401, 486, 398, 10313925, 1, 1, 24, 18, 700, 750, 24, 160, 255, 198, 256, 0
240, 486, 398, 516, 401, 10314356, 5, 1, 53, 24, 700, 750, 35, 21, 138, 114, 53, 0
240, 486, 398, 555, 401, 10314356, 3, 1, 138, 24, 700, 750, 35, 21, 138, 114, 53, 0
240, 486, 398, 644, 398, 10314357, 4, 1, 114, 24, 700, 750, 35, 21, 138, 114, 53, 0
240, 401, 416, 444, 398, 10322356, 5, 1, 160, 255, 700, 750, 24, 104, 79, 148, 160, 0
240, 401, 416, 401, 467, 10322356, 2, 1, 104, 255, 700, 750, 24, 104, 79, 148, 160, 0
240, 555, 401, 644, 398, 10322788, 4, 1, 114, 138, 700, 750, 21, 211, 35, 114, 81, 0
240, 555, 401, 682, 398, 10322788, 3, 1, 35, 138, 700, 750, 21, 211, 35, 114, 81, 0
240, 555, 401, 718, 401, 10322788, 5, 1, 81, 138, 700, 750, 21, 211, 35, 114, 81, 0
240, 555, 401, 779, 401, 10322788, 2, 1, 211, 138, 700, 750, 21, 211, 35, 114, 81, 0
240, 495, 198, 553, 201, 10325494, 5, 1, 116, 88, 700, 750, 266, 102, 216, 131, 116, 0
240, 495, 198, 587, 201, 10325494, 1, 1, 266, 88, 700, 750, 266, 102, 216, 131, 116, 0
240, 495, 198, 648, 198, 10325494, 4, 1, 131, 88, 700, 750, 266, 102, 216, 131, 116, 0
240, 587, 201, 598, 316, 10325925, 1, 1, 47, 266, 700, 750, 47, 249, 194, 227, 187, 0
240, 587, 201, 598, 358, 10325925, 5, 1, 187, 266, 700, 750, 47, 249, 194, 227, 187, 0
240, 598, 316, 598, 358, 10326356, 3, 1, 187, 47, 700, 750, 21, 85, 187, 138, 53, 0
240, 598, 316, 601, 487, 10326357, 1, 1, 21, 47, 700, 750, 21, 85, 187, 138, 53, 0
240, 601, 487, 598, 515, 10326788, 4, 1, 85, 21, 700, 750, 220, 124, 287, 85, 10000000, 0
240, 644, 398, 682, 398, 10326788, 3, 1, 35, 114, 700, 750, 21, 81, 35, 118, 10000000, 0
240, 601, 487, 598, 552, 10326788, 10000000, 1, 124, 21, 700, 750, 10000000, 10000000, 10000000, 10000000, 10000000, 0
240, 644, 398, 717, 401, 10326788, 2, 1, 81, 114, 700, 750, 21, 81, 35, 118, 10000000, 0
240, 601, 487, 598, 580, 10326788, 10000000, 1, 220, 21, 700, 750, 10000000, 10000000, 10000000, 10000000, 10000000, 0
240, 601, 487, 598, 587, 10326788, 10000000, 1, 287, 21, 700, 750, 10000000, 10000000, 10000000, 10000000, 10000000, 0
240, 644, 398, 757, 401, 10326788, 4, 1, 118, 114, 700, 750, 21, 81, 35, 118, 10000000, 0
240, 598, 580, 620, 598, 10328936, 10000000, 2, 250, 220, 700, 750, 10000000, 10000000, 10000000, 10000000, 10000000, 0
240, 598, 580, 601, 690, 10328936, 10000000, 2, 4, 220, 700, 750, 10000000, 10000000, 10000000, 10000000, 10000000, 0
240, 598, 580, 598, 711, 10328937, 10000000, 2, 19, 220, 700, 750, 10000000, 10000000, 10000000, 10000000, 10000000, 0
240, 598, 580, 598, 752, 10328937, 10000000, 2, 185, 220, 700, 750, 10000000, 10000000, 10000000, 10000000, 10000000, 0
240, 598, 711, 598, 778, 10329783, 10000000, 3, 213, 19, 700, 750, 10000000, 10000000, 10000000, 10000000, 10000000, 0
240, 598, 711, 598, 787, 10329783, 10000000, 3, 263, 19, 700, 750, 10000000, 10000000, 10000000, 10000000, 10000000, 0
240, 598, 711, 598, 787, 10329783, 10000000, 3, 296, 19, 700, 750, 10000000, 10000000, 10000000, 10000000, 10000000, 0
240, 682, 398, 717, 401, 10331219, 2, 1, 81, 35, 700, 750, 21, 81, 10000000, 10000000, 10000000, 0
240, 598, 787, 587, 801, 10336841, 10000000, 4, 271, 263, 700, 750, 10000000, 10000000, 10000000, 10000000, 10000000, 0
240, 598, 787, 587, 801, 10336841, 10000000, 4, 294, 263, 700, 750, 10000000, 10000000, 10000000, 10000000, 10000000, 0
240, 598, 787, 619, 798, 10336841, 10000000, 4, 217, 263, 700, 750, 10000000, 10000000, 10000000, 10000000, 10000000, 0
240, 598, 787, 578, 801, 10336841, 10000000, 4, 234, 263, 700, 750, 10000000, 10000000, 10000000, 10000000, 10000000, 0
240, 598, 787, 551, 801, 10336841, 10000000, 4, 135, 263, 700, 750, 10000000, 10000000, 10000000, 10000000, 10000000, 0
240, 598, 787, 649, 798, 10336841, 10000000, 4, 175, 263, 700, 750, 10000000, 10000000, 10000000, 10000000, 10000000, 0
240, 598, 787, 685, 798, 10336841, 10000000, 4, 6, 263, 700, 750, 10000000, 10000000, 10000000, 10000000, 10000000, 0
240, 598, 787, 598, 925, 10336841, 10000000, 4, 109, 263, 700, 750, 10000000, 10000000, 10000000, 10000000, 10000000, 0
240, 578, 801, 519, 801, 10337331, 10000000, 5, 33, 234, 700, 750, 10000000, 10000000, 10000000, 10000000, 10000000, 0
240, 578, 801, 483, 798, 10337331, 10000000, 5, 82, 234, 700, 750, 10000000, 10000000, 10000000, 10000000, 10000000, 0
240, 578, 801, 387, 801, 10337331, 10000000, 5, 288, 234, 700, 750, 10000000, 10000000, 10000000, 10000000, 10000000, 0
240, 578, 801, 381, 801, 10337331, 10000000, 5, 204, 234, 700, 750, 10000000, 10000000, 10000000, 10000000, 10000000, 0
240, 578, 801, 354, 801, 10337332, 10000000, 5, 196, 234, 700, 750, 10000000, 10000000, 10000000, 10000000, 10000000, 0
240, 685, 798, 812, 798, 10342249, 10000000, 5, 272, 6, 700, 750, 10000000, 10000000, 10000000, 10000000, 10000000, 0
240, 685, 798, 850, 798, 10342250, 10000000, 5, 192, 6, 700, 750, 10000000, 10000000, 10000000, 10000000, 10000000, 0
240, 850, 798, 821, 798, 10363559, 10000000, 6, 200, 192, 700, 750, 10000000, 10000000, 10000000, 10000000, 10000000, 0
240, 850, 798, 889, 798, 10363559, 10000000, 6, 57, 192, 700, 750, 10000000, 10000000, 10000000, 10000000, 10000000, 0
240, 850, 798, 801, 821, 10363559, 10000000, 6, 225, 192, 700, 750, 10000000, 10000000, 10000000, 10000000, 10000000, 0
240, 850, 798, 798, 754, 10363559, 10000000, 6, 165, 192, 700, 750, 10000000, 10000000, 10000000, 10000000, 10000000, 0
240, 850, 798, 920, 801, 10363559, 10000000, 6, 51, 192, 700, 750, 10000000, 10000000, 10000000, 10000000, 10000000, 0
240, 850, 798, 956, 801, 10363559, 10000000, 6, 177, 192, 700, 750, 10000000, 10000000, 10000000, 10000000, 10000000, 0
240, 850, 798, 980, 801, 10363559, 10000000, 6, 229, 192, 700, 750, 10000000, 10000000, 10000000, 10000000, 10000000, 0
240, 850, 798, 987, 801, 10363559, 10000000, 6, 284, 192, 700, 750, 10000000, 10000000, 10000000, 10000000, 10000000, 0
240, 850, 798, 1001, 812, 10363559, 10000000, 6, 261, 192, 700, 750, 10000000, 10000000, 10000000, 10000000, 10000000, 0
240, 850, 798, 1001, 812, 10363559, 10000000, 6, 291, 192, 700, 750, 10000000, 10000000, 10000000, 10000000, 10000000, 0
240, 598, 587, 643, 598, 10369276, 10000000, 2, 122, 287, 700, 750, 10000000, 10000000, 10000000, 10000000, 10000000, 0
240, 598, 587, 549, 601, 10369276, 10000000, 2, 167, 287, 700, 750, 10000000, 10000000, 10000000, 10000000, 10000000, 0
240, 812, 798, 801, 847, 10371073, 10000000, 6, 127, 272, 700, 750, 10000000, 10000000, 10000000, 10000000, 10000000, 0
240, 798, 754, 798, 719, 10377706, 10000000, 7, 37, 165, 700, 750, 10000000, 10000000, 10000000, 10000000, 10000000, 0
240, 798, 754, 801, 680, 10377706, 10000000, 7, 94, 165, 700, 750, 10000000, 10000000, 10000000, 10000000, 10000000, 0
240, 798, 754, 801, 648, 10377706, 10000000, 7, 125, 165, 700, 750, 10000000, 10000000, 10000000, 10000000, 10000000, 0
240, 798, 754, 801, 620, 10377706, 10000000, 7, 238, 165, 700, 750, 10000000, 10000000, 10000000, 10000000, 10000000, 0
240, 798, 754, 801, 889, 10377706, 10000000, 7, 69, 165, 700, 750, 10000000, 10000000, 10000000, 10000000, 10000000, 0
240, 798, 754, 787, 601, 10377706, 10000000, 7, 273, 165, 700, 750, 10000000, 10000000, 10000000, 10000000, 10000000, 0
240, 798, 754, 798, 552, 10377707, 10000000, 7, 140, 165, 700, 750, 10000000, 10000000, 10000000, 10000000, 10000000, 0
240, 620, 598, 685, 598, 10377925, 10000000, 3, 84, 250, 700, 750, 10000000, 10000000, 10000000, 10000000, 10000000, 0
240, 620, 598, 712, 601, 10377925, 10000000, 3, 90, 250, 700, 750, 10000000, 10000000, 10000000, 10000000, 10000000, 0
240, 620, 598, 509, 601, 10377926, 10000000, 3, 16, 250, 700, 750, 10000000, 10000000, 10000000, 10000000, 10000000, 0
240, 620, 598, 753, 601, 10377926, 10000000, 3, 137, 250, 700, 750, 10000000, 10000000, 10000000, 10000000, 10000000, 0
240, 620, 598, 485, 598, 10377926, 10000000, 3, 96, 250, 700, 750, 10000000, 10000000, 10000000, 10000000, 10000000, 0
240, 620, 598, 780, 601, 10377926, 10000000, 3, 228, 250, 700, 750, 10000000, 10000000, 10000000, 10000000, 10000000, 0
240, 620, 598, 448, 598, 10377926, 10000000, 3, 156, 250, 700, 750, 10000000, 10000000, 10000000, 10000000, 10000000, 0
240, 801, 821, 798, 920, 10378903, 10000000, 7, 74, 225, 700, 750, 10000000, 10000000, 10000000, 10000000, 10000000, 0
240, 587, 801, 387, 801, 10382992, 10000000, 5, 258, 294, 700, 750, 10000000, 10000000, 10000000, 10000000, 10000000, 0
240, 787, 601, 848, 598, 10383099, 10000000, 8, 142, 273, 700, 750, 10000000, 10000000, 10000000, 10000000, 10000000, 0
240, 787, 601, 884, 598, 10383099, 10000000, 8, 9, 273, 700, 750, 10000000, 10000000, 10000000, 10000000, 10000000, 0
240, 787, 601, 913, 601, 10383099, 10000000, 8, 70, 273, 700, 750, 10000000, 10000000, 10000000, 10000000, 10000000, 0
240, 787, 601, 956, 601, 10383099, 10000000, 8, 183, 273, 700, 750, 10000000, 10000000, 10000000, 10000000, 10000000, 0
240, 801, 620, 798, 517, 10384535, 10000000, 8, 87, 238, 700, 750, 10000000, 10000000, 10000000, 10000000, 10000000, 0
240, 798, 552, 787, 401, 10395831, 10000000, 8, 260, 140, 700, 750, 10000000, 10000000, 10000000, 10000000, 10000000, 0
240, 780, 601, 979, 601, 10404753, 10000000, 4, 233, 228, 700, 750, 10000000, 10000000, 10000000, 10000000, 10000000, 0
126, 201, 257, 198, 338, 11300200, 5, 1, 174, 126, 700, 750, 265, 259, 186, 65, 174, 0
126, 201, 257, 201, 412, 11300200, 1, 1, 265, 126, 700, 750, 265, 259, 186, 65, 174, 0
126, 201, 412, 226, 398, 11300631, 5, 1, 251, 265, 700, 750, 45, 172, 65, 186, 251, 0
126, 201, 412, 201, 459, 11300631, 4, 1, 186, 265, 700, 750, 45, 172, 65, 186, 251, 0
126, 201, 412, 260, 398, 11300631, 2, 1, 172, 265, 700, 750, 45, 172, 65, 186, 251, 0
126, 201, 412, 201, 499, 11300631, 3, 1, 65, 265, 700, 750, 45, 172, 65, 186, 251, 0
126, 260, 398, 296, 398, 11305062, 2, 1, 45, 172, 700, 750, 18, 45, 162, 255, 198, 0
126, 260, 398, 298, 401, 11305062, 1, 1, 18, 172, 700, 750, 18, 45, 162, 255, 198, 0
126, 260, 398, 345, 401, 11305063, 3, 1, 162, 172, 700, 750, 18, 45, 162, 255, 198, 0
126, 201, 499, 201, 659, 11309063, 2, 1, 191, 65, 700, 750, 67, 191, 10000000, 10000000, 10000000, 0
126, 201, 659, 201, 705, 11313494, 2, 1, 67, 191, 700, 750, 107, 67, 10000000, 10000000, 10000000, 0
147, 65, -1, 81, 1, 12300200, 4, 1, 38, 147, 700, 750, 278, 8, 144, 38, 285, 0
147, 65, -1, 101, -1, 12300200, 2, 1, 8, 147, 700, 750, 278, 8, 144, 38, 285, 0
147, 65, -1, 132, 1, 12300200, 3, 1, 144, 147, 700, 750, 278, 8, 144, 38, 285, 0
147, 65, -1, 201, 14, 12300200, 1, 1, 278, 147, 700, 750, 278, 8, 144, 38, 285, 0
147, 65, -1, 215, -1, 12300200, 5, 1, 285, 147, 700, 750, 278, 8, 144, 38, 285, 0
147, 201, 14, 198, 73, 12300631, 4, 1, 60, 278, 700, 750, 98, 240, 117, 60, 164, 0
147, 201, 14, 201, 75, 12300631, 3, 1, 117, 278, 700, 750, 98, 240, 117, 60, 164, 0
147, 201, 14, 201, 98, 12300631, 1, 1, 98, 278, 700, 750, 98, 240, 117, 60, 164, 0
147, 201, 14, 198, 164, 12300631, 2, 1, 240, 278, 700, 750, 98, 240, 117, 60, 164, 0
147, 201, 98, 198, 126, 12301062, 2, 1, 180, 98, 700, 750, 267, 180, 226, 240, 23, 0
147, 201, 98, 198, 164, 12301062, 4, 1, 240, 98, 700, 750, 267, 180, 226, 240, 23, 0
147, 201, 98, 201, 215, 12301063, 1, 1, 267, 98, 700, 750, 267, 180, 226, 240, 23, 0
147, 201, 98, 201, 233, 12301063, 3, 1, 226, 98, 700, 750, 267, 180, 226, 240, 23, 0
147, 201, 215, 201, 312, 12301494, 5, 1, 23, 267, 700, 750, 265, 259, 254, 174, 23, 0
147, 201, 215, 198, 324, 12301494, 4, 1, 174, 267, 700, 750, 265, 259, 254, 174, 23, 0
147, 81, 1, 201, 14, 12312631, 4, 1, 278, 38, 700, 750, 285, 164, 243, 278, 212, 0
147, 81, 1, 232, -1, 12312631, 3, 1, 243, 38, 700, 750, 285, 164, 243, 278, 212, 0
147, 81, 1, 274, -1, 12312631, 2, 1, 164, 38, 700, 750, 285, 164, 243, 278, 212, 0
147, 198, 324, 198, 384, 12313925, 4, 1, 259, 174, 700, 750, 65, 186, 265, 259, 254, 0
147, 198, 324, 201, 415, 12313925, 3, 1, 265, 174, 700, 750, 65, 186, 265, 259, 254, 0
147, 198, 324, 201, 434, 12313925, 5, 1, 254, 174, 700, 750, 65, 186, 265, 259, 254, 0
147, 198, 324, 201, 472, 12313925, 2, 1, 186, 174, 700, 750, 65, 186, 265, 259, 254, 0
147, 198, 324, 201, 512, 12313926, 1, 1, 65, 174, 700, 750, 65, 186, 265, 259, 254, 0
147, 274, -1, 305, -1, 12317062, 3, 1, 7, 164, 700, 750, 275, 150, 7, 143, 231, 0
147, 274, -1, 329, 1, 12317062, 4, 1, 143, 164, 700, 750, 275, 150, 7, 143, 231, 0
147, 274, -1, 401, 15, 12317063, 1, 1, 275, 164, 700, 750, 275, 150, 7, 143, 231, 0
147, 274, -1, 474, -1, 12317063, 2, 1, 150, 164, 700, 750, 275, 150, 7, 143, 231, 0
147, 401, 15, 401, 35, 12317494, 5, 1, 231, 275, 700, 750, 48, 100, 152, 280, 231, 0
147, 401, 15, 401, 66, 12317494, 3, 1, 152, 275, 700, 750, 48, 100, 152, 280, 231, 0
147, 401, 15, 398, 86, 12317494, 2, 1, 100, 275, 700, 750, 48, 100, 152, 280, 231, 0
147, 401, 15, 401, 105, 12317494, 1, 1, 48, 275, 700, 750, 48, 100, 152, 280, 231, 0
147, 401, 15, 398, 183, 12317494, 4, 1, 280, 275, 700, 750, 48, 100, 152, 280, 231, 0
147, 401, 105, 398, 129, 12317925, 4, 1, 132, 48, 700, 750, 111, 280, 237, 132, 41, 0
147, 401, 105, 398, 164, 12317925, 3, 1, 237, 48, 700, 750, 111, 280, 237, 132, 41, 0
147, 401, 105, 398, 183, 12317925, 2, 1, 280, 48, 700, 750, 111, 280, 237, 132, 41, 0
147, 474, -1, 515, -1, 12321494, 5, 1, 5, 150, 700, 750, 149, 253, 152, 48, 5, 0
147, 474, -1, 565, 1, 12321494, 2, 1, 253, 150, 700, 750, 149, 253, 152, 48, 5, 0
147, 398, 183, 433, 198, 12322356, 5, 1, 221, 280, 700, 750, 201, 41, 112, 111, 221, 0
147, 398, 183, 398, 318, 12322357, 4, 1, 111, 280, 700, 750, 201, 41, 112, 111, 221, 0
147, 565, 1, 701, -1, 12325926, 5, 1, 105, 253, 700, 750, 91, 298, 119, 149, 105, 0
147, 398, 318, 398, 357, 12334788, 5, 1, 201, 111, 700, 750, 104, 198, 255, 256, 201, 0
147, 398, 318, 398, 380, 12334788, 4, 1, 256, 111, 700, 750, 104, 198, 255, 256, 201, 0
147, 398, 318, 401, 426, 12334788, 3, 1, 255, 111, 700, 750, 104, 198, 255, 256, 201, 0
147, 398, 318, 401, 451, 12334788, 2, 1, 198, 111, 700, 750, 104, 198, 255, 256, 201, 0
147, 433, 198, 477, 198, 12338787, 4, 1, 112, 221, 700, 750, 266, 88, 41, 112, 116, 0
147, 433, 198, 525, 198, 12338788, 2, 1, 88, 221, 700, 750, 266, 88, 41, 112, 116, 0
147, 433, 198, 526, 201, 12338788, 5, 1, 116, 221, 700, 750, 266, 88, 41, 112, 116, 0
147, 433, 198, 584, 201, 12338788, 1, 1, 266, 221, 700, 750, 266, 88, 41, 112, 116, 0
147, 584, 201, 672, 198, 12339219, 5, 1, 131, 266, 700, 750, 47, 227, 187, 102, 131, 0
147, 584, 201, 598, 290, 12339219, 1, 1, 47, 266, 700, 750, 47, 227, 187, 102, 131, 0
147, 401, 451, 401, 491, 12339219, 1, 1, 104, 198, 700, 750, 104, 148, 24, 160, 10000000, 0
147, 584, 201, 707, 198, 12339219, 4, 1, 102, 266, 700, 750, 47, 227, 187, 102, 131, 0
147, 401, 451, 401, 660, 12339220, 2, 1, 148, 198, 700, 750, 104, 148, 24, 160, 10000000, 0
147, 598, 290, 598, 333, 12339650, 2, 1, 187, 47, 700, 750, 21, 187, 138, 53, 35, 0
147, 701, -1, 689, 1, 12342357, 3, 1, 46, 105, 700, 750, 149, 91, 46, 188, 10000000, 0
147, 701, -1, 729, 1, 12342357, 4, 1, 188, 105, 700, 750, 149, 91, 46, 188, 10000000, 0
147, 401, 660, 401, 707, 12343651, 3, 1, 79, 148, 700, 750, 156, 96, 79, 10000000, 10000000, 0
147, 598, 333, 601, 515, 12344082, 1, 1, 21, 187, 700, 750, 21, 114, 138, 85, 35, 0
147, 601, 515, 598, 527, 12344513, 4, 1, 124, 21, 700, 750, 19, 287, 220, 124, 4, 0
147, 601, 515, 598, 565, 12344513, 10000000, 1, 220, 21, 700, 750, 10000000, 10000000, 10000000, 10000000, 10000000, 0
147, 601, 515, 598, 584, 12344513, 10000000, 1, 287, 21, 700, 750, 10000000, 10000000, 10000000, 10000000, 10000000, 0
147, 707, 198, 688, 201, 12351650, 1, 1, 86, 102, 700, 750, 86, 194, 274, 227, 120, 0
147, 707, 198, 732, 201, 12351650, 2, 1, 194, 102, 700, 750, 86, 194, 274, 227, 120, 0
147, 707, 198, 801, 215, 12351651, 3, 1, 274, 102, 700, 750, 86, 194, 274, 227, 120, 0
147, 688, 201, 801, 215, 12352082, 1, 1, 274, 86, 700, 750, 274, 120, 227, 58, 10000000, 0
147, 801, 215, 801, 235, 12352513, 4, 1, 227, 274, 700, 750, 58, 120, 40, 227, 10000000, 0
147, 801, 215, 801, 273, 12352513, 2, 1, 120, 274, 700, 750, 58, 120, 40, 227, 10000000, 0
147, 801, 215, 798, 298, 12352513, 3, 1, 40, 274, 700, 750, 58, 120, 40, 227, 10000000, 0
147, 801, 215, 801, 320, 12352513, 1, 1, 58, 274, 700, 750, 58, 120, 40, 227, 10000000, 0
147, 801, 273, 798, 298, 12356944, 2, 1, 40, 120, 700, 750, 58, 40, 10000000, 10000000, 10000000, 0
147, 801, 273, 801, 320, 12356944, 1, 1, 58, 120, 700, 750, 58, 40, 10000000, 10000000, 10000000, 0
147, 598, 527, 598, 681, 12356944, 10000000, 1, 19, 124, 700, 750, 10000000, 10000000, 10000000, 10000000, 10000000, 0
147, 798, 298, 801, 320, 12360944, 4, 1, 58, 40, 700, 750, 211, 260, 118, 58, 81, 0
147, 598, 681, 601, 717, 12372322, 10000000, 2, 4, 19, 700, 750, 10000000, 10000000, 10000000, 10000000, 10000000, 0
147, 598, 681, 598, 729, 12372322, 10000000, 2, 185, 19, 700, 750, 10000000, 10000000, 10000000, 10000000, 10000000, 0
147, 598, 681, 598, 760, 12372322, 10000000, 2, 213, 19, 700, 750, 10000000, 10000000, 10000000, 10000000, 10000000, 0
147, 598, 681, 598, 784, 12372322, 10000000, 2, 263, 19, 700, 750, 10000000, 10000000, 10000000, 10000000, 10000000, 0
147, 598, 681, 598, 787, 12372322, 10000000, 2, 296, 19, 700, 750, 10000000, 10000000, 10000000, 10000000, 10000000, 0
147, 598, 565, 598, 490, 12378618, 10000000, 2, 85, 220, 700, 750, 10000000, 10000000, 10000000, 10000000, 10000000, 0
147, 598, 584, 635, 598, 12380374, 10000000, 2, 250, 287, 700, 750, 10000000, 10000000, 10000000, 10000000, 10000000, 0
147, 598, 760, 587, 801, 12382710, 10000000, 3, 294, 213, 700, 750, 10000000, 10000000, 10000000, 10000000, 10000000, 0
147, 598, 760, 584, 801, 12382710, 10000000, 3, 271, 213, 700, 750, 10000000, 10000000, 10000000, 10000000, 10000000, 0
147, 598, 760, 598, 898, 12382710, 10000000, 3, 109, 213, 700, 750, 10000000, 10000000, 10000000, 10000000, 10000000, 0
147, 584, 801, 564, 801, 12388012, 10000000, 4, 234, 271, 700, 750, 10000000, 10000000, 10000000, 10000000, 10000000, 0
147, 584, 801, 632, 798, 12388012, 10000000, 4, 217, 271, 700, 750, 10000000, 10000000, 10000000, 10000000, 10000000, 0
147, 584, 801, 523, 801, 12388012, 10000000, 4, 135, 271, 700, 750, 10000000, 10000000, 10000000, 10000000, 10000000, 0
147, 584, 801, 511, 798, 12388012, 10000000, 4, 82, 271, 700, 750, 10000000, 10000000, 10000000, 10000000, 10000000, 0
147, 584, 801, 496, 801, 12388012, 10000000, 4, 33, 271, 700, 750, 10000000, 10000000, 10000000, 10000000, 10000000, 0
147, 584, 801, 676, 798, 12388012, 10000000, 4, 175, 271, 700, 750, 10000000, 10000000, 10000000, 10000000, 10000000, 0
147, 584, 801, 714, 798, 12388012, 10000000, 4, 6, 271, 700, 750, 10000000, 10000000, 10000000, 10000000, 10000000, 0
147, 584, 801, 387, 801, 12388012, 10000000, 4, 288, 271, 700, 750, 10000000, 10000000, 10000000, 10000000, 10000000, 0
147, 635, 598, 667, 598, 12423191, 10000000, 3, 122, 250, 700, 750, 10000000, 10000000, 10000000, 10000000, 10000000, 0
147, 635, 598, 684, 601, 12423191, 10000000, 3, 90, 250, 700, 750, 10000000, 10000000, 10000000, 10000000, 10000000, 0
147, 635, 598, 712, 598, 12423191, 10000000, 3, 84, 250, 700, 750, 10000000, 10000000, 10000000, 10000000, 10000000, 0
147, 635, 598, 731, 601, 12423192, 10000000, 3, 137, 250, 700, 750, 10000000, 10000000, 10000000, 10000000, 10000000, 0
147, 635, 598, 511, 598, 12423192, 10000000, 3, 96, 250, 700, 750, 10000000, 10000000, 10000000, 10000000, 10000000, 0
147, 635, 598, 767, 601, 12423192, 10000000, 3, 228, 250, 700, 750, 10000000, 10000000, 10000000, 10000000, 10000000, 0
147, 635, 598, 784, 601, 12423192, 10000000, 3, 273, 250, 700, 750, 10000000, 10000000, 10000000, 10000000, 10000000, 0
147, 635, 598, 480, 601, 12423192, 10000000, 3, 16, 250, 700, 750, 10000000, 10000000, 10000000, 10000000, 10000000, 0
147, 635, 598, 476, 598, 12423192, 10000000, 3, 156, 250, 700, 750, 10000000, 10000000, 10000000, 10000000, 10000000, 0
147, 712, 598, 875, 598, 12423873, 10000000, 4, 142, 84, 700, 750, 10000000, 10000000, 10000000, 10000000, 10000000, 0
147, 731, 601, 889, 601, 12431762, 10000000, 4, 70, 137, 700, 750, 10000000, 10000000, 10000000, 10000000, 10000000, 0
147, 731, 601, 526, 601, 12431762, 10000000, 4, 167, 137, 700, 750, 10000000, 10000000, 10000000, 10000000, 10000000, 0
147, 676, 798, 814, 798, 12434421, 10000000, 5, 272, 175, 700, 750, 10000000, 10000000, 10000000, 10000000, 10000000, 0
147, 714, 798, 878, 798, 12435052, 10000000, 5, 192, 6, 700, 750, 10000000, 10000000, 10000000, 10000000, 10000000, 0
147, 714, 798, 896, 801, 12435052, 10000000, 5, 51, 6, 700, 750, 10000000, 10000000, 10000000, 10000000, 10000000, 0
147, 767, 601, 801, 634, 12438901, 10000000, 4, 238, 228, 700, 750, 10000000, 10000000, 10000000, 10000000, 10000000, 0
147, 767, 601, 928, 601, 12438901, 10000000, 4, 183, 228, 700, 750, 10000000, 10000000, 10000000, 10000000, 10000000, 0
147, 814, 798, 837, 798, 12450004, 10000000, 6, 200, 272, 700, 750, 10000000, 10000000, 10000000, 10000000, 10000000, 0
147, 814, 798, 801, 839, 12450004, 10000000, 6, 225, 272, 700, 750, 10000000, 10000000, 10000000, 10000000, 10000000, 0
147, 814, 798, 931, 801, 12450004, 10000000, 6, 177, 272, 700, 750, 10000000, 10000000, 10000000, 10000000, 10000000, 0
147, 814, 798, 983, 801, 12450004, 10000000, 6, 284, 272, 700, 750, 10000000, 10000000, 10000000, 10000000, 10000000, 0
147, 814, 798, 1001, 812, 12450004, 10000000, 6, 291, 272, 700, 750, 10000000, 10000000, 10000000, 10000000, 10000000, 0
147, 801, 839, 801, 872, 12453075, 10000000, 7, 127, 225, 700, 750, 10000000, 10000000, 10000000, 10000000, 10000000, 0
147, 801, 839, 798, 892, 12453075, 10000000, 7, 74, 225, 700, 750, 10000000, 10000000, 10000000, 10000000, 10000000, 0
147, 801, 839, 801, 916, 12453075, 10000000, 7, 69, 225, 700, 750, 10000000, 10000000, 10000000, 10000000, 10000000, 0
147, 801, 839, 798, 731, 12453075, 10000000, 7, 165, 225, 700, 750, 10000000, 10000000, 10000000, 10000000, 10000000, 0
147, 801, 839, 801, 708, 12453075, 10000000, 7, 94, 225, 700, 750, 10000000, 10000000, 10000000, 10000000, 10000000, 0
147, 801, 634, 798, 528, 12457051, 10000000, 5, 140, 238, 700, 750, 10000000, 10000000, 10000000, 10000000, 10000000, 0
147, 801, 634, 798, 490, 12457051, 10000000, 5, 87, 238, 700, 750, 10000000, 10000000, 10000000, 10000000, 10000000, 0
147, 798, 528, 798, 694, 12469559, 10000000, 6, 37, 140, 700, 750, 10000000, 10000000, 10000000, 10000000, 10000000, 0
147, 784, 601, 801, 674, 12472166, 10000000, 4, 125, 273, 700, 750, 10000000, 10000000, 10000000, 10000000, 10000000, 0
147, 784, 601, 911, 598, 12472166, 10000000, 4, 9, 273, 700, 750, 10000000, 10000000, 10000000, 10000000, 10000000, 0
147, 784, 601, 962, 601, 12472166, 10000000, 4, 233, 273, 700, 750, 10000000, 10000000, 10000000, 10000000, 10000000, 0
147, 837, 798, 923, 798, 12487354, 10000000, 7, 57, 200, 700, 750, 10000000, 10000000, 10000000, 10000000, 10000000, 0
147, 837, 798, 965, 801, 12487354, 10000000, 7, 229, 200, 700, 750, 10000000, 10000000, 10000000, 10000000, 10000000, 0
144, 119, 1, 219, -1, 13300200, 3, 1, 285, 144, 700, 750, 7, 164, 285, 243, 212, 0
144, 119, 1, 241, -1, 13300200, 4, 1, 243, 144, 700, 750, 7, 164, 285, 243, 212, 0
144, 219, -1, 278, 1, 13308631, 4, 1, 62, 285, 700, 750, 143, 7, 164, 62, 117, 0
144, 219, -1, 287, -1, 13308631, 3, 1, 164, 285, 700, 750, 143, 7, 164, 62, 117, 0
144, 219, -1, 316, 1, 13308631, 1, 1, 143, 285, 700, 750, 143, 7, 164, 62, 117, 0
144, 316, 1, 401, 19, 13309062, 1, 1, 275, 143, 700, 750, 275, 231, 150, 152, 61, 0
144, 316, 1, 488, -1, 13309063, 3, 1, 150, 143, 700, 750, 275, 231, 150, 152, 61, 0
144, 401, 19, 401, 81, 13309494, 4, 1, 152, 275, 700, 750, 48, 132, 280, 152, 237, 0
144, 401, 19, 398, 115, 13309494, 2, 1, 132, 275, 700, 750, 48, 132, 280, 152, 237, 0
144, 401, 19, 401, 118, 13309494, 1, 1, 48, 275, 700, 750, 48, 132, 280, 152, 237, 0
144, 401, 19, 398, 155, 13309494, 5, 1, 237, 275, 700, 750, 48, 132, 280, 152, 237, 0
144, 401, 118, 398, 154, 13309925, 3, 1, 237, 48, 700, 750, 111, 280, 237, 41, 10000000, 0
144, 401, 118, 398, 178, 13309925, 2, 1, 280, 48, 700, 750, 111, 280, 237, 41, 10000000, 0
144, 401, 118, 401, 326, 13309925, 4, 1, 41, 48, 700, 750, 111, 280, 237, 41, 10000000, 0
144, 398, 178, 401, 326, 13314356, 2, 1, 41, 280, 700, 750, 201, 41, 112, 221, 111, 0
144, 398, 178, 398, 346, 13314357, 1, 1, 201, 280, 700, 750, 201, 41, 112, 221, 111, 0
144, 398, 346, 398, 373, 13314788, 4, 1, 256, 201, 700, 750, 104, 198, 255, 256, 24, 0
144, 398, 346, 401, 434, 13314788, 3, 1, 255, 201, 700, 750, 104, 198, 255, 256, 24, 0
144, 398, 346, 401, 464, 13314788, 2, 1, 198, 201, 700, 750, 104, 198, 255, 256, 24, 0
144, 488, -1, 526, 1, 13317494, 4, 1, 181, 150, 700, 750, 149, 253, 152, 181, 5, 0
144, 488, -1, 528, -1, 13317494, 5, 1, 5, 150, 700, 750, 149, 253, 152, 181, 5, 0
144, 488, -1, 554, 1, 13317494, 2, 1, 253, 150, 700, 750, 149, 253, 152, 181, 5, 0
144, 401, 464, 401, 502, 13319219, 2, 1, 104, 198, 700, 750, 148, 104, 24, 10000000, 10000000, 0
144, 401, 502, 401, 673, 13323651, 1, 1, 148, 104, 700, 750, 148, 79, 10000000, 10000000, 10000000, 0
60, 198, 42, 201, 99, 14300200, 5, 1, 117, 60, 700, 750, 226, 240, 267, 98, 117, 0
60, 198, 42, 201, 121, 14300200, 4, 1, 98, 60, 700, 750, 226, 240, 267, 98, 117, 0
60, 198, 42, 198, 145, 14300200, 2, 1, 240, 60, 700, 750, 226, 240, 267, 98, 117, 0
60, 198, 42, 201, 229, 14300200, 3, 1, 267, 60, 700, 750, 226, 240, 267, 98, 117, 0
60, 198, 145, 201, 229, 14304631, 5, 1, 267, 240, 700, 750, 23, 126, 226, 174, 267, 0
60, 198, 145, 201, 253, 14304631, 3, 1, 226, 240, 700, 750, 23, 126, 226, 174, 267, 0
60, 198, 145, 198, 296, 14304631, 4, 1, 174, 240, 700, 750, 23, 126, 226, 174, 267, 0
60, 198, 145, 201, 301, 14304631, 2, 1, 126, 240, 700, 750, 23, 126, 226, 174, 267, 0
60, 201, 229, 201, 301, 14308631, 5, 1, 126, 267, 700, 750, 254, 259, 23, 206, 126, 0
60, 201, 229, 201, 338, 14308631, 3, 1, 23, 267, 700, 750, 254, 259, 23, 206, 126, 0
60, 201, 229, 198, 375, 14308632, 2, 1, 259, 267, 700, 750, 254, 259, 23, 206, 126, 0
60, 201, 301, 198, 338, 14309062, 4, 1, 206, 126, 700, 750, 186, 265, 23, 206, 259, 0
60, 201, 301, 201, 338, 14309062, 3, 1, 23, 126, 700, 750, 186, 265, 23, 206, 259, 0
60, 201, 301, 198, 375, 14309063, 5, 1, 259, 126, 700, 750, 186, 265, 23, 206, 259, 0
60, 201, 301, 201, 425, 14309063, 2, 1, 265, 126, 700, 750, 186, 265, 23, 206, 259, 0
60, 198, 375, 201, 456, 14313063, 3, 1, 254, 259, 700, 750, 186, 172, 254, 65, 251, 0
60, 198, 375, 201, 499, 14313063, 1, 1, 186, 259, 700, 750, 186, 172, 254, 65, 251, 0
60, 201, 499, 201, 539, 14313494, 2, 1, 65, 186, 700, 750, 191, 65, 45, 172, 10, 0
60, 201, 499, 198, 654, 14313495, 5, 1, 10, 186, 700, 750, 191, 65, 45, 172, 10, 0
60, 201, 499, 201, 701, 14313495, 1, 1, 191, 186, 700, 750, 191, 65, 45, 172, 10, 0
243, 266, -1, 312, -1, 15300200, 4, 1, 164, 243, 700, 750, 98, 7, 275, 164, 212, 0
243, 266, -1, 342, -1, 15300200, 2, 1, 7, 243, 700, 750, 98, 7, 275, 164, 212, 0
243, 342, -1, 401, 32, 15304631, 3, 1, 275, 7, 700, 750, 253, 181, 275, 61, 150, 0
243, 342, -1, 449, 1, 15304631, 4, 1, 61, 7, 700, 750, 253, 181, 275, 61, 150, 0
243, 401, 32, 401, 72, 15313062, 5, 1, 231, 275, 700, 750, 48, 152, 237, 132, 231, 0
243, 401, 32, 398, 87, 15313062, 4, 1, 132, 275, 700, 750, 48, 152, 237, 132, 231, 0
243, 401, 32, 401, 114, 15313062, 2, 1, 152, 275, 700, 750, 48, 152, 237, 132, 231, 0
243, 401, 32, 401, 144, 15313062, 1, 1, 48, 275, 700, 750, 48, 152, 237, 132, 231, 0
243, 401, 144, 398, 161, 15313493, 3, 1, 280, 48, 700, 750, 292, 111, 280, 41, 10000000, 0
243, 401, 144, 398, 275, 15313494, 2, 1, 111, 48, 700, 750, 292, 111, 280, 41, 10000000, 0
243, 449, 1, 502, 1, 15317062, 5, 1, 181, 61, 700, 750, 91, 5, 253, 150, 181, 0
243, 449, 1, 516, -1, 15317062, 4, 1, 150, 61, 700, 750, 91, 5, 253, 150, 181, 0
243, 449, 1, 530, 1, 15317062, 3, 1, 253, 61, 700, 750, 91, 5, 253, 150, 181, 0
243, 449, 1, 555, -1, 15317062, 2, 1, 5, 61, 700, 750, 91, 5, 253, 150, 181, 0
243, 398, 275, 401, 352, 15317925, 5, 1, 41, 111, 700, 750, 255, 104, 198, 256, 41, 0
243, 398, 275, 398, 354, 15317925, 4, 1, 256, 111, 700, 750, 255, 104, 198, 256, 41, 0
243, 398, 275, 401, 456, 15317925, 1, 1, 255, 111, 700, 750, 255, 104, 198, 256, 41, 0
243, 401, 456, 401, 489, 15318357, 2, 1, 198, 255, 700, 750, 104, 198, 160, 24, 10000000, 0
243, 401, 456, 401, 526, 15318357, 1, 1, 104, 255, 700, 750, 104, 198, 160, 24, 10000000, 0
243, 555, -1, 598, 43, 15321494, 1, 1, 12, 5, 700, 750, 12, 188, 105, 152, 46, 0
243, 555, -1, 648, 1, 15321494, 5, 1, 46, 5, 700, 750, 12, 188, 105, 152, 46, 0
243, 555, -1, 742, -1, 15321494, 3, 1, 105, 5, 700, 750, 12, 188, 105, 152, 46, 0
243, 598, 43, 601, 113, 15321925, 2, 1, 149, 12, 700, 750, 91, 149, 266, 216, 116, 0
243, 598, 43, 601, 149, 15321925, 1, 1, 91, 12, 700, 750, 91, 149, 266, 216, 116, 0
243, 601, 149, 598, 250, 15322356, 1, 1, 47, 91, 700, 750, 47, 10000000, 10000000, 10000000, 10000000, 0
243, 598, 250, 598, 293, 15322788, 1, 1, 187, 47, 700, 750, 187, 220, 21, 138, 53, 0
243, 742, -1, 729, 1, 15329925, 3, 1, 202, 105, 700, 750, 91, 188, 202, 149, 46, 0
243, 742, -1, 691, 1, 15329925, 2, 1, 188, 105, 700, 750, 91, 188, 202, 149, 46, 0
243, 742, -1, 648, 1, 15329925, 5, 1, 46, 105, 700, 750, 91, 188, 202, 149, 46, 0
243, 648, 1, 691, 1, 15337925, 2, 1, 188, 46, 700, 750, 12, 188, 202, 10000000, 10000000, 0
243, 648, 1, 729, 1, 15337925, 3, 1, 202, 46, 700, 750, 12, 188, 202, 10000000, 10000000, 0
32, 1, 375, -1, 455, 16300200, 2, 1, 50, 32, 700, 750, 245, 50, 182, 43, 10000000, 0
32, 1, 375, -1, 518, 16300200, 1, 1, 245, 32, 700, 750, 245, 50, 182, 43, 10000000, 0
32, -1, 518, 1, 562, 16300631, 5, 1, 43, 245, 700, 750, 244, 283, 2, 236, 43, 0
32, -1, 518, -1, 631, 16300631, 3, 1, 2, 245, 700, 750, 244, 283, 2, 236, 43, 0
32, -1, 518, 1, 643, 16300631, 2, 1, 283, 245, 700, 750, 244, 283, 2, 236, 43, 0
32, 1, 643, 1, 679, 16305063, 4, 1, 244, 283, 700, 750, 236, 128, 34, 244, 157, 0
32, 1, 643, 1, 725, 16305063, 5, 1, 157, 283, 700, 750, 236, 128, 34, 244, 157, 0
11, 1, 172, 19, 201, 17300200, 4, 1, 17, 11, 700, 750, 168, 170, 64, 17, 10000000, 0
11, 1, 172, -1, 222, 17300200, 3, 1, 64, 11, 700, 750, 168, 170, 64, 17, 10000000, 0
11, 1, 172, -1, 262, 17300200, 1, 1, 168, 11, 700, 750, 168, 170, 64, 17, 10000000, 0
11, -1, 262, 1, 353, 17300631, 3, 1, 170, 168, 700, 750, 32, 50, 170, 43, 182, 0
11, 1, 353, 1, 386, 17309062, 3, 1, 32, 170, 700, 750, 182, 50, 32, 197, 10000000, 0
11, 1, 353, -1, 444, 17309062, 2, 1, 50, 170, 700, 750, 182, 50, 32, 197, 10000000, 0
11, 1, 353, -1, 466, 17309062, 1, 1, 182, 170, 700, 750, 182, 50, 32, 197, 10000000, 0
11, -1, 466, 1, 575, 17309494, 4, 1, 43, 182, 700, 750, 2, 244, 283, 43, 195, 0
11, 19, 201, 69, 201, 17312631, 5, 1, 123, 17, 700, 750, 56, 197, 215, 207, 123, 0
11, 19, 201, 98, 198, 17312631, 4, 1, 207, 17, 700, 750, 56, 197, 215, 207, 123, 0
11, 19, 201, 104, 201, 17312631, 3, 1, 215, 17, 700, 750, 56, 197, 215, 207, 123, 0
11, 19, 201, 128, 198, 17312631, 2, 1, 197, 17, 700, 750, 56, 197, 215, 207, 123, 0
11, 128, 198, 182, 198, 17317062, 2, 1, 56, 197, 700, 750, 178, 56, 153, 267, 32, 0
11, 128, 198, 265, 201, 17317062, 1, 1, 178, 197, 700, 750, 178, 56, 153, 267, 32, 0
11, 265, 201, 344, 201, 17317494, 5, 1, 264, 178, 700, 750, 27, 280, 268, 292, 264, 0
11, 265, 201, 382, 198, 17317494, 1, 1, 27, 178, 700, 750, 27, 280, 268, 292, 264, 0
11, 265, 201, 462, 198, 17317494, 3, 1, 268, 178, 700, 750, 27, 280, 268, 292, 264, 0
11, 382, 198, 398, 246, 17317925, 3, 1, 111, 27, 700, 750, 88, 216, 111, 221, 116, 0
11, 382, 198, 455, 201, 17317925, 5, 1, 116, 27, 700, 750, 88, 216, 111, 221, 116, 0
11, 382, 198, 492, 198, 17317925, 4, 1, 221, 27, 700, 750, 88, 216, 111, 221, 116, 0
11, 382, 198, 507, 201, 17317925, 2, 1, 216, 27, 700, 750, 88, 216, 111, 221, 116, 0
11, 1, 575, 15, 601, 17321925, 1, 1, 103, 43, 700, 750, 103, 219, 283, 195, 244, 0
11, 1, 575, 1, 655, 17321925, 3, 1, 283, 43, 700, 750, 103, 219, 283, 195, 244, 0
11, 1, 575, -1, 672, 17321925, 4, 1, 195, 43, 700, 750, 103, 219, 283, 195, 244, 0
11, 1, 575, 1, 692, 17321925, 5, 1, 244, 43, 700, 750, 103, 219, 283, 195, 244, 0
11, 1, 575, -1, 698, 17321925, 2, 1, 219, 43, 700, 750, 103, 219, 283, 195, 244, 0
11, 15, 601, 97, 598, 17322356, 3, 1, 236, 103, 700, 750, 34, 128, 236, 20, 107, 0
11, 507, 201, 539, 201, 17322356, 5, 1, 266, 216, 700, 750, 88, 86, 131, 194, 266, 0
11, 15, 601, 138, 598, 17322356, 2, 1, 128, 103, 700, 750, 34, 128, 236, 20, 107, 0
11, 507, 201, 588, 198, 17322357, 1, 1, 88, 216, 700, 750, 88, 86, 131, 194, 266, 0
11, 507, 201, 619, 201, 17322357, 2, 1, 86, 216, 700, 750, 88, 86, 131, 194, 266, 0
11, 507, 201, 678, 201, 17322357, 4, 1, 194, 216, 700, 750, 88, 86, 131, 194, 266, 0
11, 588, 198, 598, 223, 17322788, 2, 1, 47, 88, 700, 750, 187, 47, 249, 194, 131, 0
11, 588, 198, 598, 267, 17322788, 1, 1, 187, 88, 700, 750, 187, 47, 249, 194, 131, 0
11, 588, 198, 678, 201, 17322788, 4, 1, 194, 88, 700, 750, 187, 47, 249, 194, 131, 0
11, 588, 198, 701, 201, 17322788, 3, 1, 249, 88, 700, 750, 187, 47, 249, 194, 131, 0
11, 588, 198, 731, 198, 17322788, 5, 1, 131, 88, 700, 750, 187, 47, 249, 194, 131, 0
11, 398, 246, 398, 293, 17326356, 4, 1, 201, 111, 700, 750, 41, 256, 255, 201, 198, 0
11, 398, 246, 398, 328, 17326356, 2, 1, 256, 111, 700, 750, 41, 256, 255, 201, 198, 0
11, 398, 246, 401, 377, 17326356, 1, 1, 41, 111, 700, 750, 41, 256, 255, 201, 198, 0
11, 138, 598, 161, 598, 17326787, 1, 1, 34, 128, 700, 750, 34, 107, 20, 10, 10000000, 0
11, 138, 598, 198, 610, 17326788, 4, 1, 10, 128, 700, 750, 34, 107, 20, 10, 10000000, 0
11, 138, 598, 226, 601, 17326788, 3, 1, 20, 128, 700, 750, 34, 107, 20, 10, 10000000, 0
11, 401, 377, 401, 485, 17326788, 2, 1, 255, 41, 700, 750, 198, 255, 104, 10000000, 10000000, 0
11, 401, 377, 401, 516, 17326788, 1, 1, 198, 41, 700, 750, 198, 255, 104, 10000000, 10000000, 0
11, 161, 598, 198, 610, 17327219, 2, 1, 10, 34, 700, 750, 20, 10, 10000000, 10000000, 10000000, 0
11, 161, 598, 226, 601, 17327219, 1, 1, 20, 34, 700, 750, 20, 10, 10000000, 10000000, 10000000, 0
11, 401, 516, 401, 549, 17327219, 1, 1, 104, 198, 700, 750, 104, 108, 24, 10000000, 10000000, 0
11, 401, 516, 398, 634, 17327219, 2, 1, 108, 198, 700, 750, 104, 108, 24, 10000000, 10000000, 0
11, 401, 549, 398, 634, 17327650, 1, 1, 108, 104, 700, 750, 108, 148, 79, 10000000, 10000000, 0
11, 398, 634, 416, 601, 17328081, 3, 1, 16, 108, 700, 750, 148, 79, 16, 10000000, 10000000, 0
11, 398, 634, 401, 724, 17328082, 1, 1, 148, 108, 700, 750, 148, 79, 16, 10000000, 10000000, 0
11, 398, 634, 401, 774, 17328082, 2, 1, 79, 108, 700, 750, 148, 79, 16, 10000000, 10000000, 0
11, 416, 601, 471, 601, 17336513, 4, 1, 167, 16, 700, 750, 96, 156, 90, 167, 287, 0
11, 416, 601, 551, 598, 17336513, 2, 1, 156, 16, 700, 750, 96, 156, 90, 167, 287, 0
11, 416, 601, 598, 611, 17336513, 10000000, 1, 19, 16, 700, 750, 10000000, 10000000, 10000000, 10000000, 10000000, 0
11, 551, 598, 577, 598, 17340944, 10000000, 1, 96, 156, 700, 750, 10000000, 10000000, 10000000, 10000000, 10000000, 0
11, 551, 598, 619, 601, 17340944, 10000000, 1, 90, 156, 700, 750, 10000000, 10000000, 10000000, 10000000, 10000000, 0
11, 551, 598, 677, 601, 17340944, 10000000, 1, 137, 156, 700, 750, 10000000, 10000000, 10000000, 10000000, 10000000, 0
11, 551, 598, 705, 601, 17340944, 10000000, 1, 228, 156, 700, 750, 10000000, 10000000, 10000000, 10000000, 10000000, 0
11, 677, 601, 694, 598, 17345823, 10000000, 2, 250, 137, 700, 750, 10000000, 10000000, 10000000, 10000000, 10000000, 0
11, 677, 601, 728, 598, 17345823, 10000000, 2, 122, 137, 700, 750, 10000000, 10000000, 10000000, 10000000, 10000000, 0
11, 677, 601, 743, 601, 17345823, 10000000, 2, 273, 137, 700, 750, 10000000, 10000000, 10000000, 10000000, 10000000, 0
11, 677, 601, 774, 598, 17345824, 10000000, 2, 84, 137, 700, 750, 10000000, 10000000, 10000000, 10000000, 10000000, 0
11, 677, 601, 828, 601, 17345824, 10000000, 2, 70, 137, 700, 750, 10000000, 10000000, 10000000, 10000000, 10000000, 0
11, 598, 611, 601, 581, 17346684, 10000000, 2, 21, 19, 700, 750, 10000000, 10000000, 10000000, 10000000, 10000000, 0
11, 598, 611, 598, 672, 17346684, 10000000, 2, 185, 19, 700, 750, 10000000, 10000000, 10000000, 10000000, 10000000, 0
11, 598, 611, 598, 541, 17346684, 10000000, 2, 287, 19, 700, 750, 10000000, 10000000, 10000000, 10000000, 10000000, 0
11, 598, 611, 598, 694, 17346684, 10000000, 2, 213, 19, 700, 750, 10000000, 10000000, 10000000, 10000000, 10000000, 0
11, 598, 611, 598, 508, 17346684, 10000000, 2, 220, 19, 700, 750, 10000000, 10000000, 10000000, 10000000, 10000000, 0
11, 598, 611, 598, 741, 17346684, 10000000, 2, 263, 19, 700, 750, 10000000, 10000000, 10000000, 10000000, 10000000, 0
11, 598, 611, 598, 461, 17346685, 10000000, 2, 124, 19, 700, 750, 10000000, 10000000, 10000000, 10000000, 10000000, 0
11, 828, 601, 856, 601, 17351854, 10000000, 3, 183, 70, 700, 750, 10000000, 10000000, 10000000, 10000000, 10000000, 0
11, 828, 601, 798, 636, 17351854, 10000000, 3, 37, 70, 700, 750, 10000000, 10000000, 10000000, 10000000, 10000000, 0
11, 828, 601, 904, 601, 17351854, 10000000, 3, 233, 70, 700, 750, 10000000, 10000000, 10000000, 10000000, 10000000, 0
11, 828, 601, 943, 598, 17351854, 10000000, 3, 142, 70, 700, 750, 10000000, 10000000, 10000000, 10000000, 10000000, 0
11, 828, 601, 975, 598, 17351854, 10000000, 3, 9, 70, 700, 750, 10000000, 10000000, 10000000, 10000000, 10000000, 0
11, 828, 601, 998, 611, 17351854, 10000000, 3, 39, 70, 700, 750, 10000000, 10000000, 10000000, 10000000, 10000000, 0
11, 598, 672, 598, 770, 17381949, 10000000, 3, 296, 185, 700, 750, 10000000, 10000000, 10000000, 10000000, 10000000, 0
11, 598, 672, 601, 782, 17381949, 10000000, 3, 4, 185, 700, 750, 10000000, 10000000, 10000000, 10000000, 10000000, 0
11, 798, 636, 798, 675, 17382097, 10000000, 4, 165, 37, 700, 750, 10000000, 10000000, 10000000, 10000000, 10000000, 0
11, 798, 636, 801, 692, 17382097, 10000000, 4, 238, 37, 700, 750, 10000000, 10000000, 10000000, 10000000, 10000000, 0
11, 798, 636, 801, 735, 17382097, 10000000, 4, 125, 37, 700, 750, 10000000, 10000000, 10000000, 10000000, 10000000, 0
11, 598, 694, 598, 833, 17384929, 10000000, 3, 109, 213, 700, 750, 10000000, 10000000, 10000000, 10000000, 10000000, 0
11, 598, 770, 579, 798, 17393852, 10000000, 4, 82, 296, 700, 750, 10000000, 10000000, 10000000, 10000000, 10000000, 0
11, 598, 770, 573, 801, 17393852, 10000000, 4, 294, 296, 700, 750, 10000000, 10000000, 10000000, 10000000, 10000000, 0
11, 801, 692, 801, 775, 17406138, 10000000, 5, 94, 238, 700, 750, 10000000, 10000000, 10000000, 10000000, 10000000, 0
11, 801, 692, 798, 826, 17406139, 10000000, 5, 74, 238, 700, 750, 10000000, 10000000, 10000000, 10000000, 10000000, 0
11, 798, 675, 798, 474, 17412506, 10000000, 5, 140, 165, 700, 750, 10000000, 10000000, 10000000, 10000000, 10000000, 0
11, 579, 798, 543, 801, 17413638, 10000000, 5, 271, 82, 700, 750, 10000000, 10000000, 10000000, 10000000, 10000000, 0
11, 579, 798, 496, 801, 17413638, 10000000, 5, 234, 82, 700, 750, 10000000, 10000000, 10000000, 10000000, 10000000, 0
11, 579, 798, 691, 798, 17413638, 10000000, 5, 217, 82, 700, 750, 10000000, 10000000, 10000000, 10000000, 10000000, 0
11, 579, 798, 460, 801, 17413638, 10000000, 5, 135, 82, 700, 750, 10000000, 10000000, 10000000, 10000000, 10000000, 0
11, 579, 798, 439, 801, 17413638, 10000000, 5, 33, 82, 700, 750, 10000000, 10000000, 10000000, 10000000, 10000000, 0
11, 579, 798, 747, 798, 17413638, 10000000, 5, 175, 82, 700, 750, 10000000, 10000000, 10000000, 10000000, 10000000, 0
11, 691, 798, 781, 798, 17435344, 10000000, 6, 6, 217, 700, 750, 10000000, 10000000, 10000000, 10000000, 10000000, 0
11, 691, 798, 839, 801, 17435345, 10000000, 6, 51, 217, 700, 750, 10000000, 10000000, 10000000, 10000000, 10000000, 0
11, 691, 798, 853, 798, 17435345, 10000000, 6, 272, 217, 700, 750, 10000000, 10000000, 10000000, 10000000, 10000000, 0
11, 691, 798, 863, 801, 17435345, 10000000, 6, 177, 217, 700, 750, 10000000, 10000000, 10000000, 10000000, 10000000, 0
11, 801, 775, 801, 898, 17436293, 10000000, 6, 225, 94, 700, 750, 10000000, 10000000, 10000000, 10000000, 10000000, 0
11, 798, 826, 801, 932, 17436807, 10000000, 6, 127, 74, 700, 750, 10000000, 10000000, 10000000, 10000000, 10000000, 0
11, 747, 798, 900, 798, 17443064, 10000000, 6, 200, 175, 700, 750, 10000000, 10000000, 10000000, 10000000, 10000000, 0
11, 747, 798, 903, 801, 17443064, 10000000, 6, 229, 175, 700, 750, 10000000, 10000000, 10000000, 10000000, 10000000, 0
11, 839, 801, 944, 798, 17448263, 10000000, 7, 192, 51, 700, 750, 10000000, 10000000, 10000000, 10000000, 10000000, 0
11, 839, 801, 989, 798, 17448263, 10000000, 7, 57, 51, 700, 750, 10000000, 10000000, 10000000, 10000000, 10000000, 0
38, 3, 2, 111, -1, 18300200, 5, 1, 241, 38, 700, 750, 62, 60, 8, 147, 241, 0
38, 3, 2, 146, -1, 18300200, 4, 1, 147, 38, 700, 750, 62, 60, 8, 147, 241, 0
38, 146, -1, 210, 1, 18312631, 3, 1, 62, 147, 700, 750, 154, 243, 62, 285, 143, 0
38, 146, -1, 253, 1, 18312631, 5, 1, 143, 147, 700, 750, 154, 243, 62, 285, 143, 0
38, 146, -1, 269, -1, 18312631, 4, 1, 285, 147, 700, 750, 154, 243, 62, 285, 143, 0
38, 146, -1, 306, -1, 18312632, 2, 1, 243, 147, 700, 750, 154, 243, 62, 285, 143, 0
38, 306, -1, 379, -1, 18317063, 3, 1, 7, 243, 700, 750, 100, 61, 7, 181, 275, 0
38, 306, -1, 398, 11, 18317063, 1, 1, 100, 243, 700, 750, 100, 61, 7, 181, 275, 0
38, 306, -1, 412, 1, 18317063, 2, 1, 61, 243, 700, 750, 100, 61, 7, 181, 275, 0
38, 398, 11, 398, 88, 18317494, 5, 1, 237, 100, 700, 750, 48, 152, 280, 231, 237, 0
38, 398, 11, 401, 116, 18317494, 4, 1, 231, 100, 700, 750, 48, 152, 280, 231, 237, 0
38, 398, 11, 398, 119, 18317494, 3, 1, 280, 100, 700, 750, 48, 152, 280, 231, 237, 0
38, 398, 11, 401, 157, 18317494, 2, 1, 152, 100, 700, 750, 48, 152, 280, 231, 237, 0
38, 398, 11, 401, 182, 18317494, 1, 1, 48, 100, 700, 750, 48, 152, 280, 231, 237, 0
38, 401, 182, 389, 198, 18317925, 5, 1, 27, 48, 700, 750, 256, 201, 49, 111, 27, 0
38, 401, 182, 420, 201, 18317925, 3, 1, 49, 48, 700, 750, 256, 201, 49, 111, 27, 0
38, 401, 182, 398, 232, 18317926, 4, 1, 111, 48, 700, 750, 256, 201, 49, 111, 27, 0
38, 401, 182, 398, 281, 18317926, 2, 1, 201, 48, 700, 750, 256, 201, 49, 111, 27, 0
38, 401, 182, 398, 314, 18317926, 1, 1, 256, 48, 700, 750, 256, 201, 49, 111, 27, 0
38, 398, 314, 401, 390, 18318357, 4, 1, 41, 256, 700, 750, 255, 104, 198, 41, 160, 0
38, 398, 314, 401, 500, 18318357, 1, 1, 255, 256, 700, 750, 255, 104, 198, 41, 160, 0
38, 401, 500, 401, 529, 18318789, 3, 1, 198, 255, 700, 750, 108, 104, 198, 160, 24, 0
38, 401, 500, 401, 561, 18318789, 2, 1, 104, 255, 700, 750, 108, 104, 198, 160, 24, 0
38, 401, 500, 398, 621, 18318789, 1, 1, 108, 255, 700, 750, 108, 104, 198, 160, 24, 0
38, 398, 621, 410, 601, 18319220, 2, 1, 16, 108, 700, 750, 148, 16, 79, 10000000, 10000000, 0
38, 398, 621, 401, 736, 18319220, 1, 1, 148, 108, 700, 750, 148, 16, 79, 10000000, 10000000, 0
38, 398, 621, 401, 787, 18319220, 3, 1, 79, 108, 700, 750, 148, 16, 79, 10000000, 10000000, 0
38, 420, 201, 494, 201, 18326357, 5, 1, 216, 49, 700, 750, 88, 112, 266, 86, 216, 0
38, 420, 201, 528, 201, 18326357, 3, 1, 266, 49, 700, 750, 88, 112, 266, 86, 216, 0
38, 420, 201, 611, 201, 18326357, 4, 1, 86, 49, 700, 750, 88, 112, 266, 86, 216, 0
38, 528, 201, 592, 198, 18334788, 1, 1, 88, 266, 700, 750, 88, 86, 47, 249, 194, 0
38, 528, 201, 598, 213, 18334788, 3, 1, 47, 266, 700, 750, 88, 86, 47, 249, 194, 0
38, 528, 201, 611, 201, 18334788, 2, 1, 86, 266, 700, 750, 88, 86, 47, 249, 194, 0
38, 592, 198, 598, 213, 18335219, 3, 1, 47, 88, 700, 750, 187, 249, 47, 194, 131, 0
38, 592, 198, 598, 253, 18335219, 1, 1, 187, 88, 700, 750, 187, 249, 47, 194, 131, 0
38, 592, 198, 667, 201, 18335219, 4, 1, 194, 88, 700, 750, 187, 249, 47, 194, 131, 0
38, 592, 198, 689, 201, 18335219, 2, 1, 249, 88, 700, 750, 187, 249, 47, 194, 131, 0
38, 592, 198, 743, 198, 18335220, 5, 1, 131, 88, 700, 750, 187, 249, 47, 194, 131, 0
170, 1, 379, 7, 398, 19300200, 5, 1, 32, 170, 700, 750, 245, 182, 83, 50, 32, 0
170, 1, 379, 16, 401, 19300200, 3, 1, 83, 170, 700, 750, 245, 182, 83, 50, 32, 0
170, 1, 379, -1, 422, 19300200, 4, 1, 50, 170, 700, 750, 245, 182, 83, 50, 32, 0
170, 1, 379, -1, 444, 19300200, 2, 1, 182, 170, 700, 750, 245, 182, 83, 50, 32, 0
170, 1, 379, -1, 481, 19300200, 1, 1, 245, 170, 700, 750, 245, 182, 83, 50, 32, 0
170, -1, 481, -1, 586, 19300631, 1, 1, 2, 245, 700, 750, 2, 43, 103, 244, 283, 0
170, -1, 481, 1, 592, 19300631, 2, 1, 43, 245, 700, 750, 2, 43, 103, 244, 283, 0
170, -1, 481, 6, 600, 19300631, 3, 1, 103, 245, 700, 750, 2, 43, 103, 244, 283, 0
170, -1, 586, -1, 671, 19301062, 5, 1, 219, 2, 700, 750, 128, 236, 244, 283, 219, 0
170, -1, 586, 1, 683, 19301063, 4, 1, 283, 2, 700, 750, 128, 236, 244, 283, 219, 0
170, -1, 586, 1, 717, 19301063, 3, 1, 244, 2, 700, 750, 128, 236, 244, 283, 219, 0
170, 16, 401, 42, 401, 19308631, 3, 1, 151, 83, 700, 750, 110, 239, 151, 18, 265, 0
170, 16, 401, 77, 401, 19308631, 2, 1, 239, 83, 700, 750, 110, 239, 151, 18, 265, 0
170, 16, 401, 165, 398, 19308631, 1, 1, 110, 83, 700, 750, 110, 239, 151, 18, 265, 0
170, 165, 398, 201, 392, 19309062, 4, 1, 23, 110, 700, 750, 162, 251, 18, 23, 172, 0
170, 165, 398, 208, 401, 19309062, 3, 1, 18, 110, 700, 750, 162, 251, 18, 23, 172, 0
170, 165, 398, 272, 401, 19309062, 1, 1, 162, 110, 700, 750, 162, 251, 18, 23, 172, 0
170, 272, 401, 373, 398, 19309494, 4, 1, 172, 162, 700, 750, 41, 45, 53, 172, 138, 0
170, 272, 401, 401, 403, 19309494, 1, 1, 41, 162, 700, 750, 41, 45, 53, 172, 138, 0
170, 272, 401, 411, 401, 19309494, 3, 1, 53, 162, 700, 750, 41, 45, 53, 172, 138, 0
170, 272, 401, 435, 401, 19309494, 5, 1, 138, 162, 700, 750, 41, 45, 53, 172, 138, 0
170, 401, 403, 411, 401, 19309925, 5, 1, 53, 41, 700, 750, 160, 198, 255, 104, 53, 0
170, 401, 403, 401, 514, 19309925, 3, 1, 255, 41, 700, 750, 160, 198, 255, 104, 53, 0
170, 401, 403, 401, 542, 19309925, 2, 1, 198, 41, 700, 750, 160, 198, 255, 104, 53, 0
170, 401, 403, 548, 398, 19309925, 1, 1, 160, 41, 700, 750, 160, 198, 255, 104, 53, 0
170, 548, 398, 591, 398, 19310357, 5, 1, 24, 160, 700, 750, 118, 85, 211, 81, 24, 0
170, 548, 398, 598, 410, 19310357, 2, 1, 85, 160, 700, 750, 118, 85, 211, 81, 24, 0
170, 548, 398, 613, 401, 19310357, 4, 1, 81, 160, 700, 750, 118, 85, 211, 81, 24, 0
170, 548, 398, 638, 401, 19310357, 1, 1, 118, 160, 700, 750, 118, 85, 211, 81, 24, 0
170, 548, 398, 698, 401, 19310357, 3, 1, 211, 160, 700, 750, 118, 85, 211, 81, 24, 0
170, 638, 401, 698, 401, 19310788, 2, 1, 211, 118, 700, 750, 124, 211, 260, 58, 10000000, 0
170, 638, 401, 723, 401, 19310788, 3, 1, 260, 118, 700, 750, 124, 211, 260, 58, 10000000, 0
170, 401, 542, 401, 573, 19314356, 2, 1, 104, 198, 700, 750, 16, 104, 107, 108, 10000000, 0
170, 401, 542, 387, 598, 19314357, 3, 1, 107, 198, 700, 750, 16, 104, 107, 108, 10000000, 0
170, 401, 542, 406, 600, 19314357, 1, 1, 16, 198, 700, 750, 16, 104, 107, 108, 10000000, 0
170, 401, 542, 398, 608, 19314357, 4, 1, 108, 198, 700, 750, 16, 104, 107, 108, 10000000, 0
170, 406, 600, 448, 601, 19314788, 5, 1, 167, 16, 700, 750, 19, 21, 96, 156, 167, 0
170, 406, 600, 575, 598, 19314788, 10000000, 1, 156, 16, 700, 750, 10000000, 10000000, 10000000, 10000000, 10000000, 0
170, 406, 600, 592, 597, 19314788, 10000000, 1, 96, 16, 700, 750, 10000000, 10000000, 10000000, 10000000, 10000000, 0
170, 406, 600, 608, 601, 19314788, 10000000, 1, 90, 16, 700, 750, 10000000, 10000000, 10000000, 10000000, 10000000, 0
170, 575, 598, 600, 601, 19329637, 10000000, 2, 19, 156, 700, 750, 10000000, 10000000, 10000000, 10000000, 10000000, 0
170, 575, 598, 601, 592, 19329637, 10000000, 2, 21, 156, 700, 750, 10000000, 10000000, 10000000, 10000000, 10000000, 0
170, 575, 598, 598, 649, 19329637, 10000000, 2, 185, 156, 700, 750, 10000000, 10000000, 10000000, 10000000, 10000000, 0
170, 575, 598, 598, 671, 19329637, 10000000, 2, 213, 156, 700, 750, 10000000, 10000000, 10000000, 10000000, 10000000, 0
170, 575, 598, 655, 601, 19329637, 10000000, 2, 137, 156, 700, 750, 10000000, 10000000, 10000000, 10000000, 10000000, 0
170, 575, 598, 718, 601, 19329638, 10000000, 2, 273, 156, 700, 750, 10000000, 10000000, 10000000, 10000000, 10000000, 0
170, 575, 598, 719, 598, 19329638, 10000000, 2, 250, 156, 700, 750, 10000000, 10000000, 10000000, 10000000, 10000000, 0
170, 575, 598, 753, 598, 19329638, 10000000, 2, 122, 156, 700, 750, 10000000, 10000000, 10000000, 10000000, 10000000, 0
170, 600, 601, 678, 601, 19332049, 10000000, 3, 228, 19, 700, 750, 10000000, 10000000, 10000000, 10000000, 10000000, 0
170, 600, 601, 598, 516, 19332049, 10000000, 3, 287, 19, 700, 750, 10000000, 10000000, 10000000, 10000000, 10000000, 0
170, 600, 601, 598, 713, 19332050, 10000000, 3, 263, 19, 700, 750, 10000000, 10000000, 10000000, 10000000, 10000000, 0
170, 600, 601, 598, 484, 19332050, 10000000, 3, 220, 19, 700, 750, 10000000, 10000000, 10000000, 10000000, 10000000, 0
170, 600, 601, 598, 435, 19332050, 10000000, 3, 124, 19, 700, 750, 10000000, 10000000, 10000000, 10000000, 10000000, 0
170, 600, 601, 791, 598, 19332050, 10000000, 3, 84, 19, 700, 750, 10000000, 10000000, 10000000, 10000000, 10000000, 0
170, 719, 598, 798, 613, 19335223, 10000000, 3, 37, 250, 700, 750, 10000000, 10000000, 10000000, 10000000, 10000000, 0
170, 719, 598, 810, 601, 19335223, 10000000, 3, 70, 250, 700, 750, 10000000, 10000000, 10000000, 10000000, 10000000, 0
170, 719, 598, 881, 601, 19335223, 10000000, 3, 233, 250, 700, 750, 10000000, 10000000, 10000000, 10000000, 10000000, 0
170, 678, 601, 829, 601, 19337844, 10000000, 4, 183, 228, 700, 750, 10000000, 10000000, 10000000, 10000000, 10000000, 0
170, 598, 713, 598, 751, 19354932, 10000000, 4, 296, 263, 700, 750, 10000000, 10000000, 10000000, 10000000, 10000000, 0
170, 598, 713, 601, 793, 19354932, 10000000, 4, 4, 263, 700, 750, 10000000, 10000000, 10000000, 10000000, 10000000, 0
170, 598, 713, 591, 798, 19354932, 10000000, 4, 82, 263, 700, 750, 10000000, 10000000, 10000000, 10000000, 10000000, 0
170, 598, 713, 598, 807, 19354932, 10000000, 4, 109, 263, 700, 750, 10000000, 10000000, 10000000, 10000000, 10000000, 0
170, 810, 601, 798, 652, 19363839, 10000000, 4, 165, 70, 700, 750, 10000000, 10000000, 10000000, 10000000, 10000000, 0
170, 810, 601, 801, 717, 19363839, 10000000, 4, 238, 70, 700, 750, 10000000, 10000000, 10000000, 10000000, 10000000, 0
170, 810, 601, 798, 454, 19363839, 10000000, 4, 140, 70, 700, 750, 10000000, 10000000, 10000000, 10000000, 10000000, 0
170, 810, 601, 801, 760, 19363839, 10000000, 4, 125, 70, 700, 750, 10000000, 10000000, 10000000, 10000000, 10000000, 0
170, 810, 601, 969, 598, 19363839, 10000000, 4, 142, 70, 700, 750, 10000000, 10000000, 10000000, 10000000, 10000000, 0
170, 810, 601, 990, 598, 19363839, 10000000, 4, 9, 70, 700, 750, 10000000, 10000000, 10000000, 10000000, 10000000, 0
170, 810, 601, 802, 794, 19363840, 10000000, 4, 94, 70, 700, 750, 10000000, 10000000, 10000000, 10000000, 10000000, 0
170, 810, 601, 797, 407, 19363840, 10000000, 4, 87, 70, 700, 750, 10000000, 10000000, 10000000, 10000000, 10000000, 0
170, 829, 601, 1001, 596, 19365913, 10000000, 5, 25, 183, 700, 750, 10000000, 10000000, 10000000, 10000000, 10000000, 0
170, 601, 793, 555, 801, 19368809, 10000000, 5, 294, 4, 700, 750, 10000000, 10000000, 10000000, 10000000, 10000000, 0
170, 601, 793, 518, 801, 19368809, 10000000, 5, 271, 4, 700, 750, 10000000, 10000000, 10000000, 10000000, 10000000, 0
170, 601, 793, 717, 798, 19368809, 10000000, 5, 217, 4, 700, 750, 10000000, 10000000, 10000000, 10000000, 10000000, 0
170, 601, 793, 467, 801, 19368809, 10000000, 5, 234, 4, 700, 750, 10000000, 10000000, 10000000, 10000000, 10000000, 0
170, 601, 793, 772, 798, 19368809, 10000000, 5, 175, 4, 700, 750, 10000000, 10000000, 10000000, 10000000, 10000000, 0
170, 601, 793, 417, 801, 19368809, 10000000, 5, 33, 4, 700, 750, 10000000, 10000000, 10000000, 10000000, 10000000, 0
170, 601, 793, 398, 810, 19368809, 10000000, 5, 52, 4, 700, 750, 10000000, 10000000, 10000000, 10000000, 10000000, 0
170, 601, 793, 389, 798, 19368810, 10000000, 5, 3, 4, 700, 750, 10000000, 10000000, 10000000, 10000000, 10000000, 0
170, 801, 760, 791, 798, 19370418, 10000000, 5, 6, 125, 700, 750, 10000000, 10000000, 10000000, 10000000, 10000000, 0
170, 801, 760, 798, 799, 19370418, 10000000, 5, 74, 125, 700, 750, 10000000, 10000000, 10000000, 10000000, 10000000, 0
170, 801, 760, 818, 801, 19370418, 10000000, 5, 51, 125, 700, 750, 10000000, 10000000, 10000000, 10000000, 10000000, 0
170, 801, 760, 801, 922, 19370418, 10000000, 5, 225, 125, 700, 750, 10000000, 10000000, 10000000, 10000000, 10000000, 0
170, 801, 760, 801, 955, 19370418, 10000000, 5, 127, 125, 700, 750, 10000000, 10000000, 10000000, 10000000, 10000000, 0
170, 791, 598, 801, 428, 19374329, 10000000, 4, 58, 84, 700, 750, 10000000, 10000000, 10000000, 10000000, 10000000, 0
170, 791, 598, 789, 398, 19374329, 10000000, 4, 35, 84, 700, 750, 10000000, 10000000, 10000000, 10000000, 10000000, 0
170, 791, 598, 801, 376, 19374330, 10000000, 4, 120, 84, 700, 750, 10000000, 10000000, 10000000, 10000000, 10000000, 0
170, 598, 807, 437, 801, 19382754, 10000000, 5, 135, 109, 700, 750, 10000000, 10000000, 10000000, 10000000, 10000000, 0
170, 598, 807, 606, 1000, 19382755, 10000000, 5, 36, 109, 700, 750, 10000000, 10000000, 10000000, 10000000, 10000000, 0
170, 555, 801, 355, 801, 19394337, 10000000, 6, 288, 294, 700, 750, 10000000, 10000000, 10000000, 10000000, 10000000, 0
170, 717, 798, 839, 801, 19397673, 10000000, 6, 177, 217, 700, 750, 10000000, 10000000, 10000000, 10000000, 10000000, 0
170, 591, 798, 401, 801, 19398030, 10000000, 5, 79, 82, 700, 750, 10000000, 10000000, 10000000, 10000000, 10000000, 0
170, 802, 794, 875, 801, 19399939, 10000000, 5, 229, 94, 700, 750, 10000000, 10000000, 10000000, 10000000, 10000000, 0
170, 802, 794, 879, 798, 19399939, 10000000, 5, 272, 94, 700, 750, 10000000, 10000000, 10000000, 10000000, 10000000, 0
170, 802, 794, 916, 801, 19399939, 10000000, 5, 284, 94, 700, 750, 10000000, 10000000, 10000000, 10000000, 10000000, 0
170, 802, 794, 927, 798, 19399939, 10000000, 5, 200, 94, 700, 750, 10000000, 10000000, 10000000, 10000000, 10000000, 0
170, 802, 794, 968, 798, 19399939, 10000000, 5, 192, 94, 700, 750, 10000000, 10000000, 10000000, 10000000, 10000000, 0
170, 818, 801, 998, 800, 19409626, 10000000, 6, 101, 51, 700, 750, 10000000, 10000000, 10000000, 10000000, 10000000, 0
170, 839, 801, 1000, 794, 19410193, 10000000, 7, 54, 177, 700, 750, 10000000, 10000000, 10000000, 10000000, 10000000, 0
