source_x,source_y,recv_x,recv_y,time,recv_priority,hopcount,recv_id,source_id,destination_id,destination_x,destination_y,pri_1,pri_2,pri_3,pri_4,pri_5
242, 601, 312, 598, 11000200, 3, 1, 607, 217, 491, 598, 586, 413, 821, 607, 226, 774
242, 601, 312, 598, 11000200, 2, 1, 821, 217, 491, 598, 586, 413, 821, 607, 226, 774
242, 601, 322, 598, 11000200, 1, 1, 413, 217, 491, 598, 586, 413, 821, 607, 226, 774
242, 601, 349, 598, 11000200, 4, 1, 226, 217, 491, 598, 586, 413, 821, 607, 226, 774
322, 598, 349, 598, 11000523, 1, 2, 226, 413, 491, 598, 586, 226, 10000000, 10000000, 10000000, 10000000
972, 598, 901, 618, 13000200, 3, 1, 579, 267, 423, 567, 1201, 393, 342, 579, 771, 537
972, 598, 901, 643, 13000200, 1, 1, 393, 267, 423, 567, 1201, 393, 342, 579, 771, 537
972, 598, 875, 601, 13000200, 5, 1, 537, 267, 423, 567, 1201, 393, 342, 579, 771, 537
972, 598, 848, 601, 13000200, 2, 1, 342, 267, 423, 567, 1201, 393, 342, 579, 771, 537
901, 643, 901, 675, 13000640, 2, 2, 223, 393, 423, 567, 1201, 157, 223, 10000000, 10000000, 10000000
770, 301, 912, 298, 14000200, 3, 1, 1101, 20, 151, 1898, 598, 350, 1218, 1101, 940, 741
770, 301, 912, 298, 14000200, 2, 1, 1218, 20, 151, 1898, 598, 350, 1218, 1101, 940, 741
912, 298, 912, 298, 14005866, 5, 2, 1101, 1218, 151, 1898, 598, 38, 350, 526, 344, 1101
912, 298, 935, 298, 14005866, 3, 2, 526, 1218, 151, 1898, 598, 38, 350, 526, 344, 1101
912, 298, 968, 298, 14005866, 2, 2, 350, 1218, 151, 1898, 598, 38, 350, 526, 344, 1101
968, 298, 1076, 301, 14010067, 3, 3, 38, 350, 151, 1898, 598, 385, 199, 38, 10000000, 10000000
968, 298, 1108, 301, 14010067, 2, 3, 199, 350, 151, 1898, 598, 385, 199, 38, 10000000, 10000000
1108, 301, 1212, 298, 14014267, 5, 4, 985, 199, 151, 1898, 598, 180, 399, 609, 317, 985
1108, 301, 1225, 298, 14014267, 3, 4, 609, 199, 151, 1898, 598, 180, 399, 609, 317, 985
1225, 298, 1252, 298, 14022467, 3, 5, 399, 609, 151, 1898, 598, 29, 180, 399, 10000000, 10000000
1225, 298, 1289, 298, 14022467, 2, 5, 180, 609, 151, 1898, 598, 29, 180, 399, 10000000, 10000000
1289, 298, 1348, 298, 14026668, 1, 6, 29, 180, 151, 1898, 598, 29, 10000000, 10000000, 10000000, 10000000
1348, 298, 1424, 301, 14026926, 2, 7, 297, 29, 151, 1898, 598, 632, 297, 475, 897, 1057
1348, 298, 1461, 301, 14026926, 3, 7, 475, 29, 151, 1898, 598, 632, 297, 475, 897, 1057
1348, 298, 1487, 301, 14026926, 5, 7, 1057, 29, 151, 1898, 598, 632, 297, 475, 897, 1057
1348, 298, 1524, 298, 14026926, 1, 7, 632, 29, 151, 1898, 598, 632, 297, 475, 897, 1057
1524, 298, 1554, 298, 14027197, 3, 8, 446, 632, 151, 1898, 598, 212, 269, 446, 125, 453
1524, 298, 1501, 341, 14027197, 5, 8, 453, 632, 151, 1898, 598, 212, 269, 446, 125, 453
1524, 298, 1597, 298, 14027198, 1, 8, 212, 632, 151, 1898, 598, 212, 269, 446, 125, 453
1597, 298, 1724, 301, 14027586, 3, 9, 313, 212, 151, 1898, 598, 1046, 483, 313, 10000000, 10000000
1724, 301, 1801, 313, 14035786, 4, 10, 748, 313, 151, 1898, 598, 539, 330, 172, 748, 386
1724, 301, 1850, 298, 14035786, 5, 10, 386, 313, 151, 1898, 598, 539, 330, 172, 748, 386
1501, 341, 1501, 379, 14043398, 3, 9, 269, 453, 151, 1898, 598, 212, 125, 269, 24, 10000000
1501, 341, 1501, 421, 14043398, 2, 9, 125, 453, 151, 1898, 598, 212, 125, 269, 24, 10000000
1501, 341, 1498, 464, 14043398, 4, 9, 24, 453, 151, 1898, 598, 212, 125, 269, 24, 10000000
1501, 421, 1498, 464, 14047598, 4, 10, 24, 125, 151, 1898, 598, 598, 1018, 425, 24, 629
1501, 421, 1498, 575, 14047598, 5, 10, 629, 125, 151, 1898, 598, 598, 1018, 425, 24, 629
1501, 421, 1501, 612, 14047598, 2, 10, 1018, 125, 151, 1898, 598, 598, 1018, 425, 24, 629
1501, 421, 1501, 626, 14047598, 1, 10, 598, 125, 151, 1898, 598, 598, 1018, 425, 24, 629
1501, 626, 1555, 598, 14048013, 2, 11, 390, 598, 151, 1898, 598, 249, 390, 593, 23, 814
1801, 313, 1801, 333, 14048056, 3, 11, 539, 748, 151, 1898, 598, 161, 330, 539, 15, 10000000
1801, 313, 1801, 368, 14048056, 2, 11, 330, 748, 151, 1898, 598, 161, 330, 539, 15, 10000000
1801, 313, 1801, 404, 14048056, 1, 11, 161, 748, 151, 1898, 598, 161, 330, 539, 15, 10000000
1801, 404, 1798, 569, 14048444, 4, 12, 520, 161, 151, 1898, 598, 1285, 804, 766, 520, 1351
1555, 598, 1592, 598, 14052213, 4, 12, 249, 390, 151, 1898, 598, 473, 302, 23, 249, 10000000
1555, 598, 1646, 598, 14052213, 3, 12, 23, 390, 151, 1898, 598, 473, 302, 23, 249, 10000000
1555, 598, 1724, 601, 14052213, 2, 12, 302, 390, 151, 1898, 598, 473, 302, 23, 249, 10000000
1724, 601, 1801, 612, 14056413, 5, 13, 1375, 302, 151, 1898, 598, 151, 315, 515, 888, 1375
1724, 601, 1835, 598, 14056414, 3, 13, 515, 302, 151, 1898, 598, 151, 315, 515, 888, 1375
1724, 601, 1862, 598, 14056414, 2, 13, 315, 302, 151, 1898, 598, 151, 315, 515, 888, 1375
1724, 601, 1912, 598, 14056414, 151, 13, 151, 302, 151, 1898, 598, 151, 315, 515, 888, 1375
1201, 1549, 1201, 1592, 15000200, 4, 1, 274, 494, 436, 2047, 2101, 78, 112, 174, 274, 75
1201, 1549, 1201, 1638, 15000200, 2, 1, 112, 494, 436, 2047, 2101, 78, 112, 174, 274, 75
1201, 1549, 1198, 1660, 15000200, 1, 1, 78, 494, 436, 2047, 2101, 78, 112, 174, 274, 75
1198, 1660, 1198, 1733, 15000536, 4, 2, 411, 78, 436, 2047, 2101, 669, 591, 455, 411, 276
1198, 1660, 1198, 1767, 15000536, 2, 2, 591, 78, 436, 2047, 2101, 669, 591, 455, 411, 276
1198, 1767, 1222, 1798, 15004736, 5, 3, 668, 591, 436, 2047, 2101, 285, 462, 276, 121, 668
1198, 1767, 1201, 1897, 15004737, 3, 3, 276, 591, 436, 2047, 2101, 285, 462, 276, 121, 668
1198, 1767, 1201, 1939, 15004737, 4, 3, 121, 591, 436, 2047, 2101, 285, 462, 276, 121, 668
1201, 1592, 1201, 1639, 15012400, 2, 2, 112, 274, 436, 2047, 2101, 78, 112, 411, 10000000, 10000000
1201, 1592, 1198, 1660, 15012400, 1, 2, 78, 274, 436, 2047, 2101, 78, 112, 411, 10000000, 10000000
1201, 1592, 1198, 1733, 15012400, 3, 2, 411, 274, 436, 2047, 2101, 78, 112, 411, 10000000, 10000000
1198, 1733, 1212, 1798, 15012736, 5, 3, 1293, 411, 436, 2047, 2101, 276, 455, 668, 121, 1293
1201, 1897, 1201, 1939, 15012937, 4, 4, 121, 276, 436, 2047, 2101, 170, 43, 285, 121, 130
1201, 1897, 1198, 1941, 15012937, 2, 4, 43, 276, 436, 2047, 2101, 170, 43, 285, 121, 130
1201, 1897, 1198, 1989, 15012937, 1, 4, 170, 276, 436, 2047, 2101, 170, 43, 285, 121, 130
1198, 1989, 1198, 2081, 15013286, 4, 5, 731, 170, 436, 2047, 2101, 1235, 834, 618, 731, 442
1222, 1798, 1253, 1798, 15020936, 4, 4, 462, 668, 436, 2047, 2101, 64, 130, 285, 462, 326
1222, 1798, 1294, 1798, 15020937, 3, 4, 285, 668, 436, 2047, 2101, 64, 130, 285, 462, 326
1222, 1798, 1323, 1798, 15020937, 2, 4, 130, 668, 436, 2047, 2101, 64, 130, 285, 462, 326
1222, 1798, 1338, 1801, 15020937, 1, 4, 64, 668, 436, 2047, 2101, 64, 130, 285, 462, 326
1338, 1801, 1487, 1801, 15021286, 5, 5, 1026, 64, 436, 2047, 2101, 651, 1319, 1237, 1134, 1026
1338, 1801, 1487, 1801, 15021286, 3, 5, 1237, 64, 436, 2047, 2101, 651, 1319, 1237, 1134, 1026
1338, 1801, 1487, 1801, 15021286, 2, 5, 1319, 64, 436, 2047, 2101, 651, 1319, 1237, 1134, 1026
1198, 2081, 1212, 2098, 15025486, 5, 6, 1235, 731, 436, 2047, 2101, 442, 190, 618, 1280, 1235
1198, 2081, 1212, 2098, 15025486, 4, 6, 1280, 731, 436, 2047, 2101, 442, 190, 618, 1280, 1235
1198, 2081, 1232, 2098, 15025486, 3, 6, 618, 731, 436, 2047, 2101, 442, 190, 618, 1280, 1235
1487, 1801, 1501, 1871, 15025486, 5, 6, 389, 1319, 436, 2047, 2101, 353, 26, 438, 218, 389
1487, 1801, 1562, 1798, 15025486, 3, 6, 438, 1319, 436, 2047, 2101, 353, 26, 438, 218, 389
1232, 2098, 1262, 2098, 15033686, 4, 7, 442, 618, 436, 2047, 2101, 116, 190, 41, 442, 10000000
1232, 2098, 1302, 2098, 15033687, 2, 7, 190, 618, 436, 2047, 2101, 116, 190, 41, 442, 10000000
1562, 1798, 1654, 1798, 15033687, 2, 7, 26, 438, 436, 2047, 2101, 353, 26, 90, 10000000, 10000000
1562, 1798, 1667, 1801, 15033687, 3, 7, 90, 438, 436, 2047, 2101, 353, 26, 90, 10000000, 10000000
1232, 2098, 1382, 2101, 15033687, 1, 7, 116, 618, 436, 2047, 2101, 116, 190, 41, 442, 10000000
1382, 2101, 1487, 2101, 15034272, 5, 8, 1050, 116, 436, 2047, 2101, 718, 1069, 308, 1190, 1050
1382, 2101, 1487, 2101, 15034272, 4, 8, 1190, 116, 436, 2047, 2101, 718, 1069, 308, 1190, 1050
1382, 2101, 1512, 2098, 15034272, 2, 8, 1069, 116, 436, 2047, 2101, 718, 1069, 308, 1190, 1050
1382, 2101, 1525, 2098, 15034272, 1, 8, 718, 116, 436, 2047, 2101, 718, 1069, 308, 1190, 1050
1382, 2101, 1589, 2098, 15034273, 3, 8, 308, 116, 436, 2047, 2101, 718, 1069, 308, 1190, 1050
1525, 2098, 1550, 2098, 15034937, 3, 9, 496, 718, 436, 2047, 2101, 140, 308, 496, 10000000, 10000000
1525, 2098, 1589, 2098, 15034937, 2, 9, 308, 718, 436, 2047, 2101, 140, 308, 496, 10000000, 10000000
1525, 2098, 1690, 2101, 15034938, 1, 9, 140, 718, 436, 2047, 2101, 140, 308, 496, 10000000, 10000000
1690, 2101, 1812, 2098, 15035287, 5, 10, 1258, 140, 436, 2047, 2101, 281, 477, 701, 1366, 1258
1690, 2101, 1812, 2098, 15035287, 4, 10, 1366, 140, 436, 2047, 2101, 281, 477, 701, 1366, 1258
1690, 2101, 1825, 2098, 15035287, 3, 10, 701, 140, 436, 2047, 2101, 281, 477, 701, 1366, 1258
1690, 2101, 1856, 2098, 15035287, 2, 10, 477, 140, 436, 2047, 2101, 281, 477, 701, 1366, 1258
1654, 1798, 1666, 1801, 15037887, 4, 8, 90, 26, 436, 2047, 2101, 703, 762, 353, 90, 964
1654, 1798, 1717, 1801, 15037887, 3, 8, 353, 26, 436, 2047, 2101, 703, 762, 353, 90, 964
1856, 2098, 1892, 2098, 15039487, 4, 11, 281, 477, 436, 2047, 2101, 436, 215, 86, 281, 10000000
1856, 2098, 1940, 2098, 15039488, 3, 11, 86, 477, 436, 2047, 2101, 436, 215, 86, 281, 10000000
1856, 2098, 2047, 2101, 15039488, 436, 11, 436, 477, 436, 2047, 2101, 436, 215, 86, 281, 10000000
1363, 601, 1361, 598, 16000200, 5, 1, 74, 152, 2, 425, 901, 1153, 372, 179, 1341, 74
1363, 601, 1320, 598, 16000200, 3, 1, 179, 152, 2, 425, 901, 1153, 372, 179, 1341, 74
1363, 601, 1283, 598, 16000200, 2, 1, 372, 152, 2, 425, 901, 1153, 372, 179, 1341, 74
1363, 601, 1212, 598, 16000200, 1, 1, 1153, 152, 2, 425, 901, 1153, 372, 179, 1341, 74
1212, 598, 1182, 601, 16000750, 3, 2, 783, 1153, 2, 425, 901, 358, 649, 783, 586, 384
1212, 598, 1201, 643, 16000750, 4, 2, 586, 1153, 2, 425, 901, 358, 649, 783, 586, 384
1212, 598, 1153, 601, 16000750, 2, 2, 649, 1153, 2, 425, 901, 358, 649, 783, 586, 384
1212, 598, 1109, 601, 16000750, 1, 2, 358, 1153, 2, 425, 901, 358, 649, 783, 586, 384
1109, 601, 1041, 598, 16001570, 2, 3, 87, 358, 2, 425, 901, 267, 87, 459, 10000000, 10000000
1109, 601, 1015, 598, 16001570, 1, 3, 267, 358, 2, 425, 901, 267, 87, 459, 10000000, 10000000
1182, 601, 1109, 601, 16008950, 1, 3, 358, 783, 2, 425, 901, 358, 649, 210, 384, 87
1182, 601, 1041, 598, 16008950, 5, 3, 87, 783, 2, 425, 901, 358, 649, 210, 384, 87
1109, 601, 1041, 598, 16009364, 2, 4, 87, 358, 2, 425, 901, 267, 87, 459, 10000000, 10000000
1109, 601, 1015, 598, 16009364, 1, 4, 267, 358, 2, 425, 901, 267, 87, 459, 10000000, 10000000
1361, 598, 1212, 598, 16016400, 5, 2, 1271, 74, 2, 425, 901, 783, 1368, 1341, 1312, 1271
1361, 598, 1212, 598, 16016400, 4, 2, 1312, 74, 2, 425, 901, 783, 1368, 1341, 1312, 1271
1361, 598, 1212, 598, 16016400, 3, 2, 1341, 74, 2, 425, 901, 783, 1368, 1341, 1312, 1271
1361, 598, 1212, 598, 16016400, 2, 2, 1368, 74, 2, 425, 901, 783, 1368, 1341, 1312, 1271
1361, 598, 1182, 601, 16016400, 1, 2, 783, 74, 2, 425, 901, 783, 1368, 1341, 1312, 1271
1182, 601, 1153, 601, 16016723, 2, 3, 649, 783, 2, 425, 901, 358, 649, 210, 87, 384
1182, 601, 1109, 601, 16016723, 1, 3, 358, 783, 2, 425, 901, 358, 649, 210, 87, 384
1182, 601, 1201, 690, 16016723, 5, 3, 384, 783, 2, 425, 901, 358, 649, 210, 87, 384
1182, 601, 1041, 598, 16016724, 4, 3, 87, 783, 2, 425, 901, 358, 649, 210, 87, 384
1109, 601, 1041, 598, 16017296, 2, 4, 87, 358, 2, 425, 901, 267, 87, 459, 10000000, 10000000
1109, 601, 1015, 598, 16017296, 1, 4, 267, 358, 2, 425, 901, 267, 87, 459, 10000000, 10000000
1109, 601, 972, 598, 16017296, 3, 4, 459, 358, 2, 425, 901, 267, 87, 459, 10000000, 10000000
1015, 598, 887, 601, 16017840, 4, 5, 962, 267, 2, 425, 901, 537, 1212, 1096, 962, 751
1015, 598, 887, 601, 16017840, 3, 5, 1096, 267, 2, 425, 901, 537, 1212, 1096, 962, 751
1015, 598, 887, 601, 16017840, 2, 5, 1212, 267, 2, 425, 901, 537, 1212, 1096, 962, 751
887, 601, 846, 601, 16022041, 3, 6, 537, 1212, 2, 425, 901, 278, 342, 537, 223, 393
887, 601, 901, 676, 16022041, 5, 6, 393, 1212, 2, 425, 901, 278, 342, 537, 223, 393
887, 601, 809, 601, 16022041, 2, 6, 342, 1212, 2, 425, 901, 278, 342, 537, 223, 393
809, 601, 750, 598, 16026241, 4, 7, 84, 342, 2, 425, 901, 901, 278, 474, 84, 10000000
809, 601, 707, 598, 16026241, 2, 7, 278, 342, 2, 425, 901, 901, 278, 474, 84, 10000000
809, 601, 670, 598, 16026241, 3, 7, 474, 342, 2, 425, 901, 901, 278, 474, 84, 10000000
707, 598, 601, 612, 16030441, 5, 8, 1299, 278, 2, 425, 901, 364, 337, 543, 1355, 1299
1201, 690, 1201, 720, 16032924, 4, 4, 210, 384, 2, 425, 901, 763, 558, 358, 210, 10000000
1201, 690, 1198, 845, 16032924, 2, 4, 558, 384, 2, 425, 901, 763, 558, 358, 210, 10000000
1201, 690, 1198, 873, 16032924, 1, 4, 763, 384, 2, 425, 901, 763, 558, 358, 210, 10000000
1198, 873, 1187, 901, 16033234, 5, 5, 996, 763, 2, 425, 901, 365, 577, 777, 182, 996
1198, 873, 1181, 901, 16033234, 3, 5, 777, 763, 2, 425, 901, 365, 577, 777, 182, 996
1198, 873, 1157, 901, 16033234, 2, 5, 577, 763, 2, 425, 901, 365, 577, 777, 182, 996
1157, 901, 1125, 901, 16037434, 3, 6, 365, 577, 2, 425, 901, 10, 182, 365, 338, 10000000
1157, 901, 1102, 901, 16037434, 2, 6, 182, 577, 2, 425, 901, 10, 182, 365, 338, 10000000
1157, 901, 1046, 901, 16037435, 1, 6, 10, 577, 2, 425, 901, 10, 182, 365, 338, 10000000
1046, 901, 1000, 898, 16037836, 2, 7, 338, 10, 2, 425, 901, 714, 338, 886, 10000000, 10000000
1046, 901, 886, 901, 16037836, 3, 7, 886, 10, 2, 425, 901, 714, 338, 886, 10000000, 10000000
901, 676, 901, 715, 16038241, 1, 7, 223, 393, 2, 425, 901, 223, 157, 342, 537, 10000000
901, 715, 898, 816, 16038603, 5, 8, 335, 223, 2, 425, 901, 1222, 517, 1273, 1209, 335
901, 715, 898, 852, 16038603, 2, 8, 517, 223, 2, 425, 901, 1222, 517, 1273, 1209, 335
1000, 898, 886, 901, 16042036, 3, 8, 886, 338, 2, 425, 901, 493, 714, 886, 1254, 676
1000, 898, 871, 901, 16042036, 2, 8, 714, 338, 2, 425, 901, 493, 714, 886, 1254, 676
898, 852, 898, 887, 16042803, 5, 9, 1309, 517, 2, 425, 901, 714, 493, 299, 886, 1309
898, 852, 886, 901, 16042803, 4, 9, 886, 517, 2, 425, 901, 714, 493, 299, 886, 1309
898, 852, 871, 901, 16042804, 1, 9, 714, 517, 2, 425, 901, 714, 493, 299, 886, 1309
871, 901, 830, 901, 16043179, 3, 10, 493, 714, 2, 425, 901, 105, 299, 493, 114, 10000000
871, 901, 801, 901, 16043179, 2, 10, 299, 714, 2, 425, 901, 105, 299, 493, 114, 10000000
871, 901, 759, 898, 16043179, 4, 10, 114, 714, 2, 425, 901, 105, 299, 493, 114, 10000000
871, 901, 736, 901, 16043179, 1, 10, 105, 714, 2, 425, 901, 105, 299, 493, 114, 10000000
736, 901, 587, 901, 16043463, 5, 11, 967, 105, 2, 425, 901, 359, 625, 832, 1137, 967
736, 901, 581, 901, 16043463, 3, 11, 832, 105, 2, 425, 901, 359, 625, 832, 1137, 967
1201, 720, 1198, 845, 16045124, 3, 5, 558, 210, 2, 425, 901, 935, 763, 558, 1102, 1105
601, 612, 601, 646, 16046642, 5, 9, 570, 1299, 2, 425, 901, 246, 364, 35, 337, 570
601, 612, 601, 679, 16046642, 2, 9, 364, 1299, 2, 425, 901, 246, 364, 35, 337, 570
601, 612, 601, 709, 16046642, 1, 9, 246, 1299, 2, 425, 901, 246, 364, 35, 337, 570
601, 612, 601, 766, 16046642, 3, 9, 35, 1299, 2, 425, 901, 246, 364, 35, 337, 570
601, 709, 601, 766, 16047188, 3, 10, 35, 246, 2, 425, 901, 557, 208, 35, 10000000, 10000000
601, 709, 598, 787, 16047188, 2, 10, 208, 246, 2, 425, 901, 557, 208, 35, 10000000, 10000000
601, 709, 598, 853, 16047188, 1, 10, 557, 246, 2, 425, 901, 557, 208, 35, 10000000, 10000000
598, 853, 587, 901, 16047512, 5, 11, 1137, 557, 2, 425, 901, 359, 625, 832, 1236, 1137
598, 853, 587, 901, 16047512, 4, 11, 1236, 557, 2, 425, 901, 359, 625, 832, 1236, 1137
598, 853, 581, 901, 16047512, 3, 11, 832, 557, 2, 425, 901, 359, 625, 832, 1236, 1137
581, 901, 555, 901, 16051664, 4, 12, 625, 832, 2, 425, 901, 2, 177, 359, 625, 132
581, 901, 518, 901, 16051664, 3, 12, 359, 832, 2, 425, 901, 2, 177, 359, 625, 132
581, 901, 474, 901, 16051664, 2, 12, 177, 832, 2, 425, 901, 2, 177, 359, 625, 132
581, 901, 450, 898, 16051664, 5, 12, 132, 832, 2, 425, 901, 2, 177, 359, 625, 132
1198, 845, 1187, 901, 16053324, 4, 6, 996, 558, 2, 425, 901, 577, 365, 777, 996, 182
1198, 845, 1181, 901, 16053324, 3, 6, 777, 558, 2, 425, 901, 577, 365, 777, 996, 182
601, 766, 598, 853, 16055388, 4, 11, 557, 35, 2, 425, 901, 880, 870, 660, 557, 1193
601, 766, 598, 884, 16055389, 1, 11, 880, 35, 2, 425, 901, 880, 870, 660, 557, 1193
601, 766, 601, 912, 16055389, 5, 11, 1193, 35, 2, 425, 901, 880, 870, 660, 557, 1193
598, 884, 587, 901, 16055699, 5, 12, 1137, 880, 2, 425, 901, 359, 625, 832, 1236, 1137
598, 884, 587, 901, 16055699, 4, 12, 1236, 880, 2, 425, 901, 359, 625, 832, 1236, 1137
598, 884, 581, 901, 16055699, 3, 12, 832, 880, 2, 425, 901, 359, 625, 832, 1236, 1137
474, 901, 450, 898, 16055864, 2, 13, 132, 177, 2, 425, 901, 2, 132, 10000000, 10000000, 10000000
474, 901, 424, 901, 16055864, 2, 13, 2, 177, 2, 425, 901, 2, 132, 10000000, 10000000, 10000000
1798, 1361, 1801, 1327, 17000200, 4, 1, 294, 173, 316, 1798, 506, 1140, 1032, 1045, 294, 49
1798, 1361, 1798, 1314, 17000200, 5, 1, 49, 173, 316, 1798, 506, 1140, 1032, 1045, 294, 49
1798, 1361, 1801, 1212, 17000200, 3, 1, 1045, 173, 316, 1798, 506, 1140, 1032, 1045, 294, 49
1801, 1212, 1798, 1187, 17008400, 5, 2, 1304, 1045, 316, 1798, 506, 80, 428, 626, 835, 1304
1801, 1212, 1798, 1175, 17008400, 4, 2, 835, 1045, 316, 1798, 506, 80, 428, 626, 835, 1304
1801, 1212, 1798, 1141, 17008400, 3, 2, 626, 1045, 316, 1798, 506, 80, 428, 626, 835, 1304
1801, 1212, 1798, 1104, 17008400, 2, 2, 428, 1045, 316, 1798, 506, 80, 428, 626, 835, 1304
1801, 1212, 1801, 1056, 17008401, 1, 2, 80, 1045, 316, 1798, 506, 80, 428, 626, 835, 1304
1798, 1314, 1801, 1217, 17016400, 5, 2, 916, 49, 316, 1798, 506, 1304, 1140, 1192, 1045, 916
1798, 1314, 1801, 1212, 17016400, 4, 2, 1045, 49, 316, 1798, 506, 1304, 1140, 1192, 1045, 916
1798, 1314, 1801, 1212, 17016400, 3, 2, 1192, 49, 316, 1798, 506, 1304, 1140, 1192, 1045, 916
1798, 1314, 1798, 1187, 17016400, 2, 2, 1140, 49, 316, 1798, 506, 1304, 1140, 1192, 1045, 916
1798, 1314, 1798, 1187, 17016400, 1, 2, 1304, 49, 316, 1798, 506, 1304, 1140, 1192, 1045, 916
1798, 1187, 1798, 1175, 17016736, 5, 3, 835, 1304, 316, 1798, 506, 428, 28, 626, 80, 835
1798, 1187, 1798, 1141, 17016736, 3, 3, 626, 1304, 316, 1798, 506, 428, 28, 626, 80, 835
1798, 1187, 1798, 1104, 17016736, 1, 3, 428, 1304, 316, 1798, 506, 428, 28, 626, 80, 835
1798, 1187, 1801, 1056, 17016737, 4, 3, 80, 1304, 316, 1798, 506, 428, 28, 626, 80, 835
1798, 1104, 1801, 1056, 17017151, 2, 4, 80, 428, 316, 1798, 506, 687, 80, 28, 487, 277
1798, 1104, 1798, 1029, 17017151, 3, 4, 28, 428, 316, 1798, 506, 687, 80, 28, 487, 277
1798, 1104, 1801, 1023, 17017151, 5, 4, 277, 428, 316, 1798, 506, 687, 80, 28, 487, 277
898, 1062, 901, 987, 18000200, 4, 1, 468, 287, 72, 1801, 785, 1309, 1222, 676, 468, 1209
898, 1062, 901, 956, 18000200, 3, 1, 676, 287, 72, 1801, 785, 1309, 1222, 676, 468, 1209
1691, 301, 1669, 301, 19000200, 4, 1, 313, 483, 478, 598, 183, 446, 212, 632, 313, 10000000
1691, 301, 1664, 298, 19000200, 2, 1, 212, 483, 478, 598, 183, 446, 212, 632, 313, 10000000
1691, 301, 1625, 298, 19000200, 1, 1, 446, 483, 478, 598, 183, 446, 212, 632, 313, 10000000
1691, 301, 1580, 298, 19000200, 3, 1, 632, 483, 478, 598, 183, 446, 212, 632, 313, 10000000
1625, 298, 1485, 301, 19000536, 3, 2, 1057, 446, 478, 598, 183, 717, 860, 1057, 475, 1255
1625, 298, 1466, 301, 19000536, 2, 2, 860, 446, 478, 598, 183, 717, 860, 1057, 475, 1255
1466, 301, 1430, 301, 19004736, 5, 3, 717, 860, 478, 598, 183, 399, 297, 475, 180, 717
1466, 301, 1396, 301, 19004736, 3, 3, 475, 860, 478, 598, 183, 399, 297, 475, 180, 717
1466, 301, 1366, 301, 19004737, 2, 3, 297, 860, 478, 598, 183, 399, 297, 475, 180, 717
1466, 301, 1356, 298, 19004737, 4, 3, 180, 860, 478, 598, 183, 399, 297, 475, 180, 717
1366, 301, 1356, 298, 19008937, 4, 4, 180, 297, 478, 598, 183, 837, 609, 985, 180, 399
1366, 301, 1319, 298, 19008937, 5, 4, 399, 297, 478, 598, 183, 837, 609, 985, 180, 399
1366, 301, 1282, 298, 19008937, 2, 4, 609, 297, 478, 598, 183, 837, 609, 985, 180, 399
1366, 301, 1242, 298, 19008937, 1, 4, 837, 297, 478, 598, 183, 837, 609, 985, 180, 399
1366, 301, 1217, 298, 19008937, 3, 4, 985, 297, 478, 598, 183, 837, 609, 985, 180, 399
1242, 298, 1187, 301, 19009777, 5, 5, 1272, 837, 478, 598, 183, 611, 385, 1028, 1301, 1272
1242, 298, 1187, 301, 19009777, 4, 5, 1301, 837, 478, 598, 183, 611, 385, 1028, 1301, 1272
1242, 298, 1183, 301, 19009777, 3, 5, 1028, 837, 478, 598, 183, 611, 385, 1028, 1301, 1272
1242, 298, 1120, 301, 19009777, 1, 5, 611, 837, 478, 598, 183, 611, 385, 1028, 1301, 1272
1120, 301, 1081, 301, 19010688, 4, 6, 385, 611, 478, 598, 183, 38, 350, 199, 385, 10000000
1081, 301, 955, 298, 19022888, 5, 7, 741, 385, 478, 598, 183, 1378, 1359, 1206, 1101, 741
1081, 301, 912, 298, 19022888, 4, 7, 1101, 385, 478, 598, 183, 1378, 1359, 1206, 1101, 741
1081, 301, 887, 301, 19022889, 2, 7, 1359, 385, 478, 598, 183, 1378, 1359, 1206, 1101, 741
887, 301, 837, 301, 19027089, 4, 8, 709, 1359, 478, 598, 183, 574, 502, 216, 709, 209
887, 301, 796, 301, 19027089, 2, 8, 502, 1359, 478, 598, 183, 574, 502, 216, 709, 209
887, 301, 759, 298, 19027089, 5, 8, 209, 1359, 478, 598, 183, 574, 502, 216, 709, 209
887, 301, 756, 301, 19027089, 3, 8, 216, 1359, 478, 598, 183, 574, 502, 216, 709, 209
887, 301, 689, 298, 19027089, 1, 8, 574, 1359, 478, 598, 183, 574, 502, 216, 709, 209
689, 298, 641, 298, 19027529, 4, 9, 811, 574, 478, 598, 183, 1227, 1119, 1035, 811, 921
689, 298, 618, 298, 19027529, 3, 9, 1035, 574, 478, 598, 183, 1227, 1119, 1035, 811, 921
689, 298, 612, 298, 19027529, 2, 9, 1119, 574, 478, 598, 183, 1227, 1119, 1035, 811, 921
689, 298, 612, 298, 19027529, 1, 9, 1227, 574, 478, 598, 183, 1227, 1119, 1035, 811, 921
612, 298, 598, 287, 19027827, 3, 10, 1183, 1227, 478, 598, 183, 690, 921, 1183, 1088, 478
612, 298, 598, 285, 19027827, 4, 10, 1088, 1227, 478, 598, 183, 690, 921, 1183, 1088, 478
612, 298, 598, 266, 19027827, 2, 10, 921, 1227, 478, 598, 183, 690, 921, 1183, 1088, 478
598, 266, 598, 235, 19032027, 3, 11, 690, 921, 478, 598, 183, 478, 292, 690, 18, 192
598, 266, 598, 183, 19032027, 478, 11, 478, 921, 478, 598, 183, 478, 292, 690, 18, 192
1501, 465, 1498, 478, 20000200, 4, 1, 425, 269, 492, 1498, 1989, 1166, 1124, 1242, 425, 125
1501, 465, 1501, 505, 20000200, 5, 1, 125, 269, 492, 1498, 1989, 1166, 1124, 1242, 425, 125
1498, 478, 1501, 612, 20012400, 4, 2, 1166, 425, 492, 1498, 1989, 813, 1018, 1251, 1166, 598
1498, 478, 1501, 653, 20012400, 1, 2, 813, 425, 492, 1498, 1989, 813, 1018, 1251, 1166, 598
1501, 653, 1501, 697, 20013026, 3, 3, 598, 813, 492, 1498, 1989, 233, 410, 598, 10000000, 10000000
1501, 653, 1501, 743, 20013026, 2, 3, 410, 813, 492, 1498, 1989, 233, 410, 598, 10000000, 10000000
1501, 653, 1501, 769, 20013026, 1, 3, 233, 813, 492, 1498, 1989, 233, 410, 598, 10000000, 10000000
1501, 769, 1498, 806, 20013479, 1, 4, 643, 233, 492, 1498, 1989, 643, 887, 10000000, 10000000, 10000000
1501, 769, 1498, 855, 20013479, 2, 4, 887, 233, 492, 1498, 1989, 643, 887, 10000000, 10000000, 10000000
1, 748, -1, 802, 21000200, 2, 1, 610, 391, 403, 448, 2098, 831, 610, 236, 31, 1029
1, 748, 1, 803, 21000200, 3, 1, 236, 391, 403, 448, 2098, 831, 610, 236, 31, 1029
1, 748, 1, 833, 21000200, 4, 1, 31, 391, 403, 448, 2098, 831, 610, 236, 31, 1029
1, 748, -1, 837, 21000200, 1, 1, 831, 391, 403, 448, 2098, 831, 610, 236, 31, 1029
1, 748, -1, 867, 21000200, 5, 1, 1029, 391, 403, 448, 2098, 831, 610, 236, 31, 1029
-1, 837, 1, 975, 21000588, 1, 2, 727, 831, 403, 448, 2098, 727, 991, 432, 841, 1136
1, 975, 1, 1031, 21000924, 2, 3, 432, 727, 403, 448, 2098, 724, 432, 559, 21, 10000000
1, 975, -1, 1078, 21000925, 3, 3, 559, 727, 403, 448, 2098, 724, 432, 559, 21, 10000000
1, 1031, -1, 1078, 21005125, 2, 4, 559, 432, 403, 448, 2098, 1343, 559, 21, 724, 947
1, 1031, -1, 1124, 21005125, 4, 4, 724, 432, 403, 448, 2098, 1343, 559, 21, 724, 947
1, 1031, 1, 1138, 21005125, 3, 4, 21, 432, 403, 448, 2098, 1343, 559, 21, 724, 947
35, 2101, 131, 2101, 22000200, 2, 1, 404, 5, 402, 1320, 1498, 229, 404, 1240, 392, 839
35, 2101, 142, 2098, 22000200, 4, 1, 392, 5, 402, 1320, 1498, 229, 404, 1240, 392, 839
477, 1798, 544, 1801, 23000200, 3, 1, 1002, 265, 115, 601, 1420, 1340, 128, 1002, 1374, 1149
477, 1798, 560, 1798, 23000200, 2, 1, 128, 265, 115, 601, 1420, 1340, 128, 1002, 1374, 1149
560, 1798, 598, 1787, 23004878, 1, 2, 1390, 128, 115, 601, 1420, 1390, 1007, 1164, 10000000, 10000000
598, 1787, 598, 1720, 23005149, 3, 3, 891, 1390, 115, 601, 1420, 449, 671, 891, 263, 310
598, 1787, 601, 1705, 23005149, 5, 3, 310, 1390, 115, 601, 1420, 449, 671, 891, 263, 310
598, 1787, 598, 1683, 23005149, 2, 3, 671, 1390, 115, 601, 1420, 449, 671, 891, 263, 310
598, 1787, 598, 1637, 23005149, 1, 3, 449, 1390, 115, 601, 1420, 449, 671, 891, 263, 310
598, 1787, 598, 1615, 23005149, 4, 3, 263, 1390, 115, 601, 1420, 449, 671, 891, 263, 310
598, 1637, 601, 1620, 23005420, 2, 4, 708, 449, 115, 601, 1420, 95, 708, 263, 922, 1038
598, 1637, 598, 1615, 23005420, 3, 4, 263, 449, 115, 601, 1420, 95, 708, 263, 922, 1038
598, 1637, 601, 1578, 23005420, 4, 4, 922, 449, 115, 601, 1420, 95, 708, 263, 922, 1038
598, 1637, 598, 1563, 23005420, 1, 4, 95, 449, 115, 601, 1420, 95, 708, 263, 922, 1038
598, 1563, 601, 1535, 23005679, 3, 5, 1038, 95, 115, 601, 1420, 776, 993, 1038, 645, 10000000
598, 1720, 601, 1706, 23013349, 4, 4, 310, 891, 115, 601, 1420, 708, 506, 449, 310, 95
598, 1720, 601, 1656, 23013349, 2, 4, 506, 891, 115, 601, 1420, 708, 506, 449, 310, 95
598, 1720, 598, 1637, 23013349, 3, 4, 449, 891, 115, 601, 1420, 708, 506, 449, 310, 95
598, 1720, 601, 1620, 23013349, 1, 4, 708, 891, 115, 601, 1420, 708, 506, 449, 310, 95
601, 1620, 601, 1578, 23013776, 4, 5, 922, 708, 115, 601, 1420, 776, 645, 1038, 922, 993
601, 1620, 601, 1535, 23013777, 3, 5, 1038, 708, 115, 601, 1420, 776, 645, 1038, 922, 993
601, 1535, 543, 1498, 23021977, 5, 6, 92, 1038, 115, 601, 1420, 776, 115, 645, 993, 92
601, 1535, 601, 1420, 23021977, 115, 6, 115, 1038, 115, 601, 1420, 776, 115, 645, 993, 92
1634, 301, 1643, 298, 24000200, 3, 1, 632, 483, 77, 33, 301, 29, 313, 632, 10000000, 10000000
1634, 301, 1613, 301, 24000200, 2, 1, 313, 483, 77, 33, 301, 29, 313, 632, 10000000, 10000000
1634, 301, 1489, 298, 24000200, 1, 1, 29, 483, 77, 33, 301, 29, 313, 632, 10000000, 10000000
1489, 298, 1424, 298, 24001418, 4, 2, 180, 29, 77, 33, 301, 475, 399, 297, 180, 717
1489, 298, 1386, 298, 24001418, 2, 2, 399, 29, 77, 33, 301, 475, 399, 297, 180, 717
1489, 298, 1360, 301, 24001418, 5, 2, 717, 29, 77, 33, 301, 475, 399, 297, 180, 717
1386, 298, 1344, 298, 24005618, 5, 3, 609, 399, 77, 33, 301, 985, 837, 1171, 819, 609
1386, 298, 1293, 298, 24005619, 2, 3, 837, 399, 77, 33, 301, 985, 837, 1171, 819, 609
1780, -1, 1685, 1, 25000200, 5, 1, 816, 83, 57, 298, 1818, 587, 461, 370, 693, 816
1780, -1, 1674, -1, 25000200, 2, 1, 461, 83, 57, 298, 1818, 587, 461, 370, 693, 816
1780, -1, 1635, -1, 25000200, 4, 1, 693, 83, 57, 298, 1818, 587, 461, 370, 693, 816
1674, -1, 1602, -1, 25005266, 4, 2, 854, 461, 57, 298, 1818, 256, 715, 69, 854, 370
1674, -1, 1580, 1, 25005266, 5, 2, 370, 461, 57, 298, 1818, 256, 715, 69, 854, 370
1674, -1, 1549, 1, 25005266, 1, 2, 256, 461, 57, 298, 1818, 256, 715, 69, 854, 370
1549, 1, 1501, 12, 25006139, 5, 3, 1387, 256, 57, 298, 1818, 433, 155, 1151, 1245, 1387
1549, 1, 1501, 18, 25006139, 4, 3, 1245, 256, 57, 298, 1818, 433, 155, 1151, 1245, 1387
1549, 1, 1436, -1, 25006139, 2, 3, 155, 256, 57, 298, 1818, 433, 155, 1151, 1245, 1387
1436, -1, 1379, -1, 25010339, 4, 4, 650, 155, 57, 298, 1818, 271, 511, 100, 650, 883
1436, -1, 1319, 1, 25010339, 2, 4, 511, 155, 57, 298, 1818, 271, 511, 100, 650, 883
1436, -1, 1308, -1, 25010339, 5, 4, 883, 155, 57, 298, 1818, 271, 511, 100, 650, 883
1436, -1, 1272, 1, 25010339, 1, 4, 271, 155, 57, 298, 1818, 271, 511, 100, 650, 883
1272, 1, 1143, 1, 25010715, 3, 5, 1056, 271, 57, 298, 1818, 298, 100, 1056, 10000000, 10000000
1501, 18, 1498, 50, 25018339, 5, 4, 37, 1245, 57, 298, 1818, 448, 561, 412, 1001, 37
1501, 18, 1501, 80, 25018339, 4, 4, 1001, 1245, 57, 298, 1818, 448, 561, 412, 1001, 37
1501, 18, 1498, 107, 25018339, 3, 4, 412, 1245, 57, 298, 1818, 448, 561, 412, 1001, 37
1501, 18, 1501, 159, 25018339, 2, 4, 561, 1245, 57, 298, 1818, 448, 561, 412, 1001, 37
1501, 18, 1501, 208, 25018339, 1, 4, 448, 1245, 57, 298, 1818, 448, 561, 412, 1001, 37
1501, 208, 1498, 255, 25018779, 1, 5, 1161, 448, 57, 298, 1818, 1161, 1207, 6, 1255, 1075
1501, 208, 1501, 277, 25018779, 3, 5, 6, 448, 57, 298, 1818, 1161, 1207, 6, 1255, 1075
1501, 208, 1501, 314, 25018780, 4, 5, 1255, 448, 57, 298, 1818, 1161, 1207, 6, 1255, 1075
1501, 208, 1501, 331, 25018780, 2, 5, 1207, 448, 57, 298, 1818, 1161, 1207, 6, 1255, 1075
1143, 1, 1091, 1, 25018915, 5, 6, 899, 1056, 57, 298, 1818, 451, 686, 1053, 680, 899
1143, 1, 1064, -1, 25018915, 4, 6, 680, 1056, 57, 298, 1818, 451, 686, 1053, 680, 899
1143, 1, 1061, 1, 25018915, 2, 6, 686, 1056, 57, 298, 1818, 451, 686, 1053, 680, 899
1143, 1, 1031, 1, 25018915, 1, 6, 451, 1056, 57, 298, 1818, 451, 686, 1053, 680, 899
1498, 255, 1498, 318, 25019233, 5, 6, 24, 1161, 57, 298, 1818, 897, 665, 1075, 1057, 24
1498, 255, 1501, 361, 25019233, 3, 6, 1075, 1161, 57, 298, 1818, 897, 665, 1075, 1057, 24
1031, 1, 1000, -1, 25019355, 3, 7, 877, 451, 57, 298, 1818, 99, 266, 877, 10000000, 10000000
1031, 1, 968, 1, 25019355, 2, 7, 266, 451, 57, 298, 1818, 99, 266, 877, 10000000, 10000000
1031, 1, 927, 1, 25019355, 1, 7, 99, 451, 57, 298, 1818, 99, 266, 877, 10000000, 10000000
927, 1, 901, 17, 25019692, 5, 8, 1239, 99, 57, 298, 1818, 1141, 452, 264, 784, 1239
927, 1, 901, 44, 25019692, 1, 8, 1141, 99, 57, 298, 1818, 1141, 452, 264, 784, 1239
927, 1, 812, -1, 25019692, 3, 8, 264, 99, 57, 298, 1818, 1141, 452, 264, 784, 1239
927, 1, 791, -1, 25019692, 2, 8, 452, 99, 57, 298, 1818, 1141, 452, 264, 784, 1239
901, 44, 901, 118, 25019950, 5, 9, 812, 1141, 57, 298, 1818, 1111, 957, 602, 523, 812
901, 44, 898, 128, 25019950, 4, 9, 523, 1141, 57, 298, 1818, 1111, 957, 602, 523, 812
901, 44, 901, 152, 25019950, 3, 9, 602, 1141, 57, 298, 1818, 1111, 957, 602, 523, 812
901, 44, 898, 210, 25019950, 2, 9, 957, 1141, 57, 298, 1818, 1111, 957, 602, 523, 812
901, 44, 898, 243, 25019950, 1, 9, 1111, 1141, 57, 298, 1818, 1111, 957, 602, 523, 812
898, 243, 901, 348, 25020607, 4, 10, 1100, 1111, 57, 298, 1818, 747, 958, 273, 1100, 486
898, 243, 898, 368, 25020607, 3, 10, 273, 1111, 57, 298, 1818, 747, 958, 273, 1100, 486
898, 243, 901, 393, 25020607, 2, 10, 958, 1111, 57, 298, 1818, 747, 958, 273, 1100, 486
898, 243, 898, 393, 25020607, 5, 10, 486, 1111, 57, 298, 1818, 747, 958, 273, 1100, 486
968, 1, 927, 1, 25023555, 3, 8, 99, 266, 57, 298, 1818, 1141, 264, 99, 124, 784
968, 1, 875, -1, 25023556, 4, 8, 124, 266, 57, 298, 1818, 1141, 264, 99, 124, 784
968, 1, 812, -1, 25023556, 2, 8, 264, 266, 57, 298, 1818, 1141, 264, 99, 124, 784
968, 1, 787, 1, 25023556, 5, 8, 784, 266, 57, 298, 1818, 1141, 264, 99, 124, 784
791, -1, 714, -1, 25023892, 5, 9, 830, 452, 57, 298, 1818, 85, 979, 283, 481, 830
791, -1, 694, 1, 25023892, 4, 9, 481, 452, 57, 298, 1818, 85, 979, 283, 481, 830
791, -1, 669, -1, 25023892, 2, 9, 979, 452, 57, 298, 1818, 85, 979, 283, 481, 830
791, -1, 653, 1, 25023892, 3, 9, 283, 452, 57, 298, 1818, 85, 979, 283, 481, 830
791, -1, 629, 1, 25023892, 1, 9, 85, 452, 57, 298, 1818, 85, 979, 283, 481, 830
629, 1, 582, -1, 25024294, 3, 10, 146, 85, 57, 298, 1818, 1138, 785, 146, 10000000, 10000000
629, 1, 601, 44, 25024294, 1, 10, 1138, 85, 57, 298, 1818, 1138, 785, 146, 10000000, 10000000
629, 1, 496, 1, 25024294, 2, 10, 785, 85, 57, 298, 1818, 1138, 785, 146, 10000000, 10000000
601, 44, 598, 101, 25024604, 4, 11, 478, 1138, 57, 298, 1818, 921, 621, 419, 478, 768
601, 44, 601, 129, 25024604, 5, 11, 768, 1138, 57, 298, 1818, 921, 621, 419, 478, 768
601, 44, 601, 159, 25024604, 2, 11, 621, 1138, 57, 298, 1818, 921, 621, 419, 478, 768
901, 393, 898, 393, 25024807, 5, 11, 486, 958, 57, 298, 1818, 344, 545, 747, 628, 486
901, 393, 901, 433, 25024807, 3, 11, 747, 958, 57, 298, 1818, 344, 545, 747, 628, 486
901, 393, 898, 449, 25024807, 4, 11, 628, 958, 57, 298, 1818, 344, 545, 747, 628, 486
901, 393, 901, 469, 25024807, 2, 11, 545, 958, 57, 298, 1818, 344, 545, 747, 628, 486
901, 393, 901, 501, 25024808, 1, 11, 344, 958, 57, 298, 1818, 344, 545, 747, 628, 486
1501, 361, 1498, 419, 25027433, 5, 7, 425, 1075, 57, 298, 1818, 968, 629, 665, 453, 425
1501, 361, 1501, 455, 25027433, 3, 7, 665, 1075, 57, 298, 1818, 968, 629, 665, 453, 425
1501, 361, 1498, 456, 25027433, 2, 7, 629, 1075, 57, 298, 1818, 968, 629, 665, 453, 425
1501, 361, 1501, 492, 25027433, 4, 7, 453, 1075, 57, 298, 1818, 968, 629, 665, 453, 425
1501, 361, 1498, 512, 25027433, 1, 7, 968, 1075, 57, 298, 1818, 968, 629, 665, 453, 425
1498, 512, 1501, 612, 25027874, 5, 8, 1283, 968, 57, 298, 1818, 813, 1018, 1166, 1251, 1283
1498, 512, 1501, 618, 25027874, 4, 8, 1251, 968, 57, 298, 1818, 813, 1018, 1166, 1251, 1283
1498, 512, 1501, 638, 25027874, 3, 8, 1166, 968, 57, 298, 1818, 813, 1018, 1166, 1251, 1283
1498, 512, 1501, 680, 25027874, 2, 8, 1018, 968, 57, 298, 1818, 813, 1018, 1166, 1251, 1283
496, 1, 425, -1, 25028494, 3, 11, 754, 785, 57, 298, 1818, 768, 415, 754, 211, 992
496, 1, 407, 1, 25028494, 2, 11, 415, 785, 57, 298, 1818, 768, 415, 754, 211, 992
496, 1, 366, 1, 25028494, 4, 11, 211, 785, 57, 298, 1818, 768, 415, 754, 211, 992
601, 159, 601, 182, 25028804, 4, 12, 419, 621, 57, 298, 1818, 18, 192, 921, 419, 1183
601, 159, 598, 186, 25028804, 3, 12, 921, 621, 57, 298, 1818, 18, 192, 921, 419, 1183
601, 159, 601, 203, 25028804, 2, 12, 192, 621, 57, 298, 1818, 18, 192, 921, 419, 1183
601, 159, 601, 250, 25028804, 1, 12, 18, 621, 57, 298, 1818, 18, 192, 921, 419, 1183
601, 159, 598, 266, 25028804, 5, 12, 1183, 621, 57, 298, 1818, 18, 192, 921, 419, 1183
901, 469, 901, 501, 25029008, 1, 12, 344, 545, 57, 298, 1818, 344, 10000000, 10000000, 10000000, 10000000
601, 250, 581, 301, 25029075, 5, 13, 1253, 18, 57, 298, 1818, 491, 309, 918, 1068, 1253
601, 250, 598, 357, 25029076, 2, 13, 309, 18, 57, 298, 1818, 491, 309, 918, 1068, 1253
601, 250, 598, 384, 25029076, 1, 13, 491, 18, 57, 298, 1818, 491, 309, 918, 1068, 1253
601, 250, 601, 411, 25029076, 3, 13, 918, 18, 57, 298, 1818, 491, 309, 918, 1068, 1253
598, 384, 598, 488, 25029399, 5, 14, 908, 491, 57, 298, 1818, 1346, 1282, 1087, 293, 908
598, 384, 601, 515, 25029399, 4, 14, 293, 491, 57, 298, 1818, 1346, 1282, 1087, 293, 908
598, 384, 598, 533, 25029399, 3, 14, 1087, 491, 57, 298, 1818, 1346, 1282, 1087, 293, 908
598, 384, 598, 587, 25029399, 2, 14, 1282, 491, 57, 298, 1818, 1346, 1282, 1087, 293, 908
1501, 80, 1498, 140, 25030539, 5, 5, 594, 1001, 57, 298, 1818, 1011, 807, 448, 561, 594
1501, 80, 1501, 160, 25030539, 4, 5, 561, 1001, 57, 298, 1818, 1011, 807, 448, 561, 594
927, 1, 901, 17, 25031756, 4, 9, 1239, 99, 57, 298, 1818, 1141, 452, 264, 1239, 784
927, 1, 901, 44, 25031756, 1, 9, 1141, 99, 57, 298, 1818, 1141, 452, 264, 1239, 784
927, 1, 812, -1, 25031756, 3, 9, 264, 99, 57, 298, 1818, 1141, 452, 264, 1239, 784
927, 1, 791, -1, 25031756, 2, 9, 452, 99, 57, 298, 1818, 1141, 452, 264, 1239, 784
927, 1, 787, 1, 25031756, 5, 9, 784, 99, 57, 298, 1818, 1141, 452, 264, 1239, 784
1501, 680, 1501, 717, 25032074, 4, 9, 813, 1018, 57, 298, 1818, 887, 410, 598, 813, 233
1501, 680, 1501, 760, 25032074, 3, 9, 598, 1018, 57, 298, 1818, 887, 410, 598, 813, 233
1501, 680, 1498, 792, 25032074, 1, 9, 887, 1018, 57, 298, 1818, 887, 410, 598, 813, 233
1501, 680, 1501, 809, 25032074, 2, 9, 410, 1018, 57, 298, 1818, 887, 410, 598, 813, 233
1501, 680, 1501, 832, 25032074, 5, 9, 233, 1018, 57, 298, 1818, 887, 410, 598, 813, 233
901, 44, 901, 118, 25032170, 5, 10, 812, 1141, 57, 298, 1818, 1111, 957, 602, 523, 812
901, 44, 898, 128, 25032170, 4, 10, 523, 1141, 57, 298, 1818, 1111, 957, 602, 523, 812
901, 44, 901, 152, 25032170, 3, 10, 602, 1141, 57, 298, 1818, 1111, 957, 602, 523, 812
598, 587, 601, 679, 25033600, 5, 15, 1006, 1282, 57, 298, 1818, 557, 803, 364, 570, 1006
598, 587, 601, 716, 25033600, 2, 15, 803, 1282, 57, 298, 1818, 557, 803, 364, 570, 1006
598, 587, 601, 763, 25033600, 4, 15, 570, 1282, 57, 298, 1818, 557, 803, 364, 570, 1006
791, -1, 715, -1, 25035956, 5, 10, 830, 452, 57, 298, 1818, 85, 979, 283, 481, 830
791, -1, 694, 1, 25035956, 4, 10, 481, 452, 57, 298, 1818, 85, 979, 283, 481, 830
791, -1, 669, -1, 25035956, 2, 10, 979, 452, 57, 298, 1818, 85, 979, 283, 481, 830
601, 716, 598, 746, 25037800, 4, 16, 557, 803, 57, 298, 1818, 364, 246, 570, 557, 880
601, 716, 601, 763, 25037800, 3, 16, 570, 803, 57, 298, 1818, 364, 246, 570, 557, 880
601, 716, 601, 788, 25037800, 1, 16, 364, 803, 57, 298, 1818, 364, 246, 570, 557, 880
601, 716, 598, 791, 25037800, 5, 16, 880, 803, 57, 298, 1818, 364, 246, 570, 557, 880
601, 716, 601, 816, 25037800, 2, 16, 246, 803, 57, 298, 1818, 364, 246, 570, 557, 880
669, -1, 629, 1, 25040156, 5, 11, 85, 979, 57, 298, 1818, 1138, 992, 785, 146, 85
669, -1, 601, 44, 25040157, 1, 11, 1138, 979, 57, 298, 1818, 1138, 992, 785, 146, 85
669, -1, 496, 1, 25040157, 3, 11, 785, 979, 57, 298, 1818, 1138, 992, 785, 146, 85
901, 152, 898, 242, 25040370, 5, 11, 1111, 602, 57, 298, 1818, 1385, 1302, 1348, 1215, 1111
901, 152, 898, 274, 25040370, 4, 11, 1215, 602, 57, 298, 1818, 1385, 1302, 1348, 1215, 1111
901, 152, 898, 287, 25040370, 2, 11, 1302, 602, 57, 298, 1818, 1385, 1302, 1348, 1215, 1111
901, 152, 898, 287, 25040370, 3, 11, 1348, 602, 57, 298, 1818, 1385, 1302, 1348, 1215, 1111
901, 152, 898, 287, 25040370, 1, 11, 1385, 602, 57, 298, 1818, 1385, 1302, 1348, 1215, 1111
601, 44, 598, 101, 25040597, 4, 12, 478, 1138, 57, 298, 1818, 921, 621, 419, 478, 768
601, 44, 601, 129, 25040597, 5, 12, 768, 1138, 57, 298, 1818, 921, 621, 419, 478, 768
601, 44, 601, 159, 25040597, 2, 12, 621, 1138, 57, 298, 1818, 921, 621, 419, 478, 768
601, 44, 601, 182, 25040597, 3, 12, 419, 1138, 57, 298, 1818, 921, 621, 419, 478, 768
601, 44, 598, 186, 25040597, 1, 12, 921, 1138, 57, 298, 1818, 921, 621, 419, 478, 768
898, 287, 901, 348, 25040655, 3, 12, 1100, 1385, 57, 298, 1818, 747, 958, 1100, 545, 1086
898, 287, 901, 393, 25040655, 2, 12, 958, 1385, 57, 298, 1818, 747, 958, 1100, 545, 1086
898, 287, 901, 433, 25040655, 1, 12, 747, 1385, 57, 298, 1818, 747, 958, 1100, 545, 1086
366, 1, 301, 12, 25040766, 1, 12, 1338, 211, 57, 298, 1818, 1338, 1376, 1369, 1160, 805
366, 1, 301, 12, 25040766, 3, 12, 1369, 211, 57, 298, 1818, 1338, 1376, 1369, 1160, 805
366, 1, 301, 12, 25040766, 2, 12, 1376, 211, 57, 298, 1818, 1338, 1376, 1369, 1160, 805
598, 186, 598, 266, 25040868, 5, 13, 1183, 921, 57, 298, 1818, 491, 918, 1311, 1068, 1183
301, 12, 298, 69, 25041050, 5, 13, 295, 1338, 57, 298, 1818, 472, 820, 601, 1017, 295
301, 12, 301, 75, 25041050, 4, 13, 1017, 1338, 57, 298, 1818, 472, 820, 601, 1017, 295
301, 12, 301, 117, 25041050, 2, 13, 820, 1338, 57, 298, 1818, 472, 820, 601, 1017, 295
301, 12, 298, 142, 25041050, 1, 13, 472, 1338, 57, 298, 1818, 472, 820, 601, 1017, 295
901, 433, 898, 449, 25041056, 3, 13, 628, 747, 57, 298, 1818, 344, 545, 628, 10000000, 10000000
901, 433, 901, 469, 25041056, 2, 13, 545, 747, 57, 298, 1818, 344, 545, 628, 10000000, 10000000
901, 433, 901, 501, 25041056, 1, 13, 344, 747, 57, 298, 1818, 344, 545, 628, 10000000, 10000000
601, 182, 598, 186, 25041126, 5, 13, 921, 419, 57, 298, 1818, 18, 1183, 1088, 192, 921
601, 182, 601, 203, 25041126, 4, 13, 192, 419, 57, 298, 1818, 18, 1183, 1088, 192, 921
601, 182, 598, 233, 25041126, 3, 13, 1088, 419, 57, 298, 1818, 18, 1183, 1088, 192, 921
601, 182, 601, 250, 25041126, 1, 13, 18, 419, 57, 298, 1818, 18, 1183, 1088, 192, 921
601, 182, 598, 266, 25041126, 2, 13, 1183, 419, 57, 298, 1818, 18, 1183, 1088, 192, 921
601, 250, 587, 301, 25041384, 5, 14, 1311, 18, 57, 298, 1818, 491, 1068, 309, 918, 1311
601, 250, 598, 357, 25041385, 3, 14, 309, 18, 57, 298, 1818, 491, 1068, 309, 918, 1311
601, 250, 601, 366, 25041385, 2, 14, 1068, 18, 57, 298, 1818, 491, 1068, 309, 918, 1311
601, 250, 598, 384, 25041385, 1, 14, 491, 18, 57, 298, 1818, 491, 1068, 309, 918, 1311
298, 142, 298, 285, 25041504, 5, 14, 1256, 472, 57, 298, 1818, 1383, 1388, 1339, 1322, 1256
298, 142, 298, 287, 25041504, 3, 14, 1339, 472, 57, 298, 1818, 1383, 1388, 1339, 1322, 1256
298, 142, 301, 312, 25041504, 1, 14, 1383, 472, 57, 298, 1818, 1383, 1388, 1339, 1322, 1256
298, 142, 301, 312, 25041504, 2, 14, 1388, 472, 57, 298, 1818, 1383, 1388, 1339, 1322, 1256
598, 384, 601, 493, 25041721, 5, 15, 488, 491, 57, 298, 1818, 1346, 1282, 1087, 293, 488
301, 312, 298, 340, 25041775, 5, 15, 129, 1383, 57, 298, 1818, 774, 737, 954, 525, 129
301, 312, 301, 385, 25041775, 3, 15, 954, 1383, 57, 298, 1818, 774, 737, 954, 525, 129
301, 312, 301, 425, 25041775, 2, 15, 737, 1383, 57, 298, 1818, 774, 737, 954, 525, 129
301, 312, 301, 477, 25041775, 4, 15, 525, 1383, 57, 298, 1818, 774, 737, 954, 525, 129
1501, 160, 1501, 232, 25042739, 4, 6, 204, 561, 57, 298, 1818, 1207, 1289, 6, 204, 1264
1501, 160, 1501, 277, 25042739, 3, 6, 6, 561, 57, 298, 1818, 1207, 1289, 6, 204, 1264
1501, 160, 1498, 285, 25042739, 5, 6, 1264, 561, 57, 298, 1818, 1207, 1289, 6, 204, 1264
1501, 160, 1498, 287, 25042739, 2, 6, 1289, 561, 57, 298, 1818, 1207, 1289, 6, 204, 1264
301, 425, 298, 425, 25045975, 5, 16, 647, 737, 57, 298, 1818, 997, 325, 525, 774, 647
301, 425, 301, 477, 25045975, 3, 16, 525, 737, 57, 298, 1818, 997, 325, 525, 774, 647
301, 425, 298, 483, 25045975, 4, 16, 774, 737, 57, 298, 1818, 997, 325, 525, 774, 647
301, 425, 298, 522, 25045976, 1, 16, 997, 737, 57, 298, 1818, 997, 325, 525, 774, 647
301, 425, 301, 537, 25045976, 2, 16, 325, 737, 57, 298, 1818, 997, 325, 525, 774, 647
1498, 287, 1498, 317, 25046940, 4, 7, 24, 1289, 57, 298, 1818, 665, 897, 1075, 24, 1057
1498, 287, 1501, 362, 25046940, 3, 7, 1075, 1289, 57, 298, 1818, 665, 897, 1075, 24, 1057
1498, 287, 1501, 404, 25046940, 2, 7, 897, 1289, 57, 298, 1818, 665, 897, 1075, 24, 1057
1501, 404, 1498, 455, 25051140, 5, 8, 629, 897, 57, 298, 1818, 1124, 125, 453, 848, 629
1501, 404, 1498, 477, 25051140, 4, 8, 848, 897, 57, 298, 1818, 1124, 125, 453, 848, 629
1501, 404, 1501, 492, 25051140, 3, 8, 453, 897, 57, 298, 1818, 1124, 125, 453, 848, 629
1501, 404, 1498, 562, 25051140, 1, 8, 1124, 897, 57, 298, 1818, 1124, 125, 453, 848, 629
1501, 404, 1501, 574, 25051140, 2, 8, 125, 897, 57, 298, 1818, 1124, 125, 453, 848, 629
1498, 562, 1501, 639, 25051451, 4, 9, 1166, 1124, 57, 298, 1818, 643, 813, 1018, 1166, 598
1498, 562, 1501, 680, 25051451, 3, 9, 1018, 1124, 57, 298, 1818, 643, 813, 1018, 1166, 598
629, 1, 582, -1, 25056357, 4, 12, 146, 85, 57, 298, 1818, 1138, 323, 785, 146, 10000000
629, 1, 601, 45, 25056357, 1, 12, 1138, 85, 57, 298, 1818, 1138, 323, 785, 146, 10000000
601, 45, 598, 100, 25056810, 5, 13, 478, 1138, 57, 298, 1818, 921, 621, 419, 768, 478
601, 45, 601, 129, 25056810, 4, 13, 768, 1138, 57, 298, 1818, 921, 621, 419, 768, 478
601, 45, 601, 160, 25056810, 2, 13, 621, 1138, 57, 298, 1818, 921, 621, 419, 768, 478
601, 45, 601, 182, 25056810, 3, 13, 419, 1138, 57, 298, 1818, 921, 621, 419, 768, 478
601, 45, 598, 185, 25056810, 1, 13, 921, 1138, 57, 298, 1818, 921, 621, 419, 768, 478
598, 185, 598, 266, 25057198, 5, 14, 1183, 921, 57, 298, 1818, 491, 918, 1311, 1068, 1183
587, 301, 598, 357, 25057585, 2, 15, 309, 1311, 57, 298, 1818, 491, 309, 1068, 918, 597
587, 301, 601, 367, 25057585, 3, 15, 1068, 1311, 57, 298, 1818, 491, 309, 1068, 918, 597
601, 493, 598, 568, 25057921, 3, 16, 1178, 488, 57, 298, 1818, 1249, 109, 1178, 1152, 1346
601, 493, 598, 587, 25057921, 5, 16, 1346, 488, 57, 298, 1818, 1249, 109, 1178, 1152, 1346
601, 493, 601, 592, 25057921, 2, 16, 109, 488, 57, 298, 1818, 1249, 109, 1178, 1152, 1346
601, 493, 601, 618, 25057922, 1, 16, 1249, 488, 57, 298, 1818, 1249, 109, 1178, 1152, 1346
1501, 680, 1501, 718, 25059651, 5, 10, 813, 1018, 57, 298, 1818, 887, 598, 410, 643, 813
1501, 680, 1498, 744, 25059651, 4, 10, 643, 1018, 57, 298, 1818, 887, 598, 410, 643, 813
1501, 680, 1501, 761, 25059651, 2, 10, 598, 1018, 57, 298, 1818, 887, 598, 410, 643, 813
1501, 680, 1498, 792, 25059651, 1, 10, 887, 1018, 57, 298, 1818, 887, 598, 410, 643, 813
1501, 680, 1501, 810, 25059651, 3, 10, 410, 1018, 57, 298, 1818, 887, 598, 410, 643, 813
1498, 792, 1487, 901, 25060065, 5, 11, 1399, 887, 57, 298, 1818, 1110, 1371, 1395, 1394, 1399
1487, 901, 1410, 901, 25076266, 3, 12, 949, 1399, 57, 298, 1818, 644, 733, 949, 516, 336
1487, 901, 1498, 979, 25076266, 5, 12, 336, 1399, 57, 298, 1818, 644, 733, 949, 516, 336
1487, 901, 1361, 901, 25076266, 2, 12, 733, 1399, 57, 298, 1818, 644, 733, 949, 516, 336
1487, 901, 1359, 898, 25076266, 1, 12, 644, 1399, 57, 298, 1818, 644, 733, 949, 516, 336
1487, 901, 1311, 901, 25076266, 4, 12, 516, 1399, 57, 298, 1818, 644, 733, 949, 516, 336
1359, 898, 1311, 901, 25076667, 4, 13, 516, 644, 57, 298, 1818, 134, 319, 996, 516, 777
1359, 898, 1268, 901, 25076667, 2, 13, 319, 644, 57, 298, 1818, 134, 319, 996, 516, 777
1359, 898, 1228, 901, 25076667, 1, 13, 134, 644, 57, 298, 1818, 134, 319, 996, 516, 777
1228, 901, 1121, 898, 25077017, 2, 14, 338, 134, 57, 298, 1818, 577, 338, 996, 777, 365
1228, 901, 1118, 901, 25077017, 3, 14, 996, 134, 57, 298, 1818, 577, 338, 996, 777, 365
1228, 901, 1076, 901, 25077017, 4, 14, 777, 134, 57, 298, 1818, 577, 338, 996, 777, 365
1121, 898, 1076, 901, 25081217, 5, 15, 777, 338, 57, 298, 1818, 10, 182, 365, 577, 777
1121, 898, 1054, 901, 25081217, 4, 15, 577, 338, 57, 298, 1818, 10, 182, 365, 577, 777
1121, 898, 1034, 901, 25081217, 3, 15, 365, 338, 57, 298, 1818, 10, 182, 365, 577, 777
1121, 898, 1015, 901, 25081217, 2, 15, 182, 338, 57, 298, 1818, 10, 182, 365, 577, 777
1121, 898, 934, 901, 25081217, 1, 15, 10, 338, 57, 298, 1818, 10, 182, 365, 577, 777
934, 901, 901, 932, 25081618, 5, 16, 1209, 10, 57, 298, 1818, 287, 886, 1080, 357, 1209
934, 901, 810, 898, 25081619, 4, 16, 357, 10, 57, 298, 1818, 287, 886, 1080, 357, 1209
1498, 979, 1501, 1067, 25092466, 5, 13, 556, 336, 57, 298, 1818, 1219, 961, 296, 1114, 556
1498, 979, 1501, 1089, 25092466, 3, 13, 296, 336, 57, 298, 1818, 1219, 961, 296, 1114, 556
1498, 979, 1498, 1102, 25092466, 2, 13, 961, 336, 57, 298, 1818, 1219, 961, 296, 1114, 556
1498, 979, 1498, 1148, 25092466, 4, 13, 1114, 336, 57, 298, 1818, 1219, 961, 296, 1114, 556
1498, 979, 1498, 1177, 25092466, 1, 13, 1219, 336, 57, 298, 1818, 1219, 961, 296, 1114, 556
1498, 1177, 1501, 1257, 25092920, 5, 14, 1108, 1219, 57, 298, 1818, 454, 755, 943, 549, 1108
1498, 1177, 1498, 1314, 25092920, 1, 14, 454, 1219, 57, 298, 1818, 454, 755, 943, 549, 1108
1498, 1314, 1498, 1487, 25093282, 2, 15, 1297, 454, 57, 298, 1818, 221, 1297, 1261, 1364, 1318
1498, 1314, 1498, 1487, 25093282, 4, 15, 1364, 454, 57, 298, 1818, 221, 1297, 1261, 1364, 1318
1498, 1314, 1498, 1523, 25093283, 1, 15, 221, 454, 57, 298, 1818, 221, 1297, 1261, 1364, 1318
1498, 1523, 1440, 1498, 25093658, 1, 16, 174, 221, 57, 298, 1818, 174, 630, 658, 424, 355
1498, 1523, 1498, 1618, 25093658, 4, 16, 424, 221, 57, 298, 1818, 174, 630, 658, 424, 355
1498, 1523, 1498, 1651, 25093658, 2, 16, 630, 221, 57, 298, 1818, 174, 630, 658, 424, 355
298, 1008, 301, 1025, 26000200, 3, 1, 838, 498, 244, 1830, 901, 242, 926, 838, 782, 10000000
298, 1008, 301, 986, 26000200, 2, 1, 926, 498, 244, 1830, 901, 242, 926, 838, 782, 10000000
298, 1008, 298, 920, 26000200, 1, 1, 242, 498, 244, 1830, 901, 242, 926, 838, 782, 10000000
298, 920, 308, 901, 26000627, 4, 2, 2, 242, 244, 1830, 901, 1143, 1310, 1287, 2, 177
298, 920, 312, 898, 26000627, 3, 2, 1287, 242, 244, 1830, 901, 1143, 1310, 1287, 2, 177
298, 920, 312, 898, 26000627, 2, 2, 1310, 242, 244, 1830, 901, 1143, 1310, 1287, 2, 177
298, 920, 330, 901, 26000627, 5, 2, 177, 242, 244, 1830, 901, 1143, 1310, 1287, 2, 177
298, 920, 351, 898, 26000627, 1, 2, 1143, 242, 244, 1830, 901, 1143, 1310, 1287, 2, 177
48, 1501, 135, 1498, 27000200, 5, 1, 892, 194, 393, 901, 788, 268, 672, 851, 466, 892
48, 1501, 154, 1501, 27000200, 3, 1, 851, 194, 393, 901, 788, 268, 672, 851, 466, 892
48, 1501, 179, 1498, 27000200, 2, 1, 672, 194, 393, 901, 788, 268, 672, 851, 466, 892
48, 1501, 205, 1498, 27000200, 4, 1, 466, 194, 393, 901, 788, 268, 672, 851, 466, 892
179, 1498, 199, 1501, 27004400, 4, 2, 972, 672, 393, 901, 788, 14, 94, 268, 972, 1120
179, 1498, 227, 1498, 27004400, 3, 2, 268, 672, 393, 901, 788, 14, 94, 268, 972, 1120
179, 1498, 228, 1501, 27004400, 5, 2, 1120, 672, 393, 901, 788, 14, 94, 268, 972, 1120
179, 1498, 248, 1498, 27004400, 2, 2, 94, 672, 393, 901, 788, 14, 94, 268, 972, 1120
248, 1498, 298, 1512, 27009304, 3, 3, 58, 94, 393, 901, 788, 14, 291, 58, 951, 200
248, 1498, 308, 1501, 27009304, 1, 3, 14, 94, 393, 901, 788, 14, 291, 58, 951, 200
248, 1498, 298, 1538, 27009304, 5, 3, 200, 94, 393, 901, 788, 14, 291, 58, 951, 200
1208, 1801, 1296, 1801, 28000200, 4, 1, 326, 64, 361, 2098, 1284, 668, 912, 1084, 326, 606
1208, 1801, 1312, 1798, 28000200, 3, 1, 1084, 64, 361, 2098, 1284, 668, 912, 1084, 326, 606
1208, 1801, 1317, 1801, 28000200, 5, 1, 606, 64, 361, 2098, 1284, 668, 912, 1084, 326, 606
1208, 1801, 1342, 1798, 28000200, 2, 1, 912, 64, 361, 2098, 1284, 668, 912, 1084, 326, 606
1296, 1801, 1369, 1801, 28012400, 4, 2, 828, 326, 361, 2098, 1284, 130, 285, 462, 828, 1026
1296, 1801, 1391, 1801, 28012400, 5, 2, 1026, 326, 361, 2098, 1284, 130, 285, 462, 828, 1026
1296, 1801, 1436, 1798, 28012400, 3, 2, 462, 326, 361, 2098, 1284, 130, 285, 462, 828, 1026
1436, 1798, 1487, 1801, 28020600, 5, 3, 1319, 462, 361, 2098, 1284, 353, 90, 1315, 117, 1319
1436, 1798, 1498, 1790, 28020600, 4, 3, 117, 462, 361, 2098, 1284, 353, 90, 1315, 117, 1319
1436, 1798, 1508, 1801, 28020601, 2, 3, 90, 462, 361, 2098, 1284, 353, 90, 1315, 117, 1319
1436, 1798, 1552, 1801, 28020601, 1, 3, 353, 462, 361, 2098, 1284, 353, 90, 1315, 117, 1319
1552, 1801, 1579, 1801, 28021002, 5, 4, 532, 353, 361, 2098, 1284, 651, 438, 964, 762, 532
1552, 1801, 1613, 1801, 28021002, 4, 4, 762, 353, 361, 2098, 1284, 651, 438, 964, 762, 532
1552, 1801, 1688, 1801, 28021002, 3, 4, 964, 353, 361, 2098, 1284, 651, 438, 964, 762, 532
1688, 1801, 1740, 1798, 28029202, 4, 5, 438, 964, 361, 2098, 1284, 1065, 25, 26, 438, 868
1688, 1801, 1791, 1798, 28029202, 3, 5, 26, 964, 361, 2098, 1284, 1065, 25, 26, 438, 868
1791, 1798, 1798, 1739, 28037680, 3, 6, 25, 26, 361, 2098, 1284, 868, 1065, 25, 551, 703
1791, 1798, 1863, 1801, 28037680, 4, 6, 551, 26, 361, 2098, 1284, 868, 1065, 25, 551, 703
1791, 1798, 1899, 1798, 28037680, 2, 6, 1065, 26, 361, 2098, 1284, 868, 1065, 25, 551, 703
1791, 1798, 1997, 1798, 28037681, 5, 6, 703, 26, 361, 2098, 1284, 868, 1065, 25, 551, 703
1899, 1798, 1936, 1798, 28041880, 4, 7, 868, 1065, 361, 2098, 1284, 495, 703, 936, 868, 765
1899, 1798, 1939, 1801, 28041880, 5, 7, 765, 1065, 361, 2098, 1284, 495, 703, 936, 868, 765
1899, 1798, 1968, 1801, 28041880, 3, 7, 936, 1065, 361, 2098, 1284, 495, 703, 936, 868, 765
1899, 1798, 1997, 1798, 28041881, 2, 7, 703, 1065, 361, 2098, 1284, 495, 703, 936, 868, 765
1899, 1798, 2035, 1798, 28041881, 1, 7, 495, 1065, 361, 2098, 1284, 495, 703, 936, 868, 765
2035, 1798, 2087, 1798, 28042217, 1, 8, 311, 495, 361, 2098, 1284, 311, 10000000, 10000000, 10000000, 10000000
2087, 1798, 2098, 1778, 28042501, 4, 9, 1270, 311, 361, 2098, 1284, 1099, 497, 1216, 1270, 10000000
1798, 1739, 1801, 1712, 28045880, 4, 7, 546, 25, 361, 2098, 1284, 642, 937, 781, 546, 431
1798, 1739, 1798, 1637, 28045880, 3, 7, 781, 25, 361, 2098, 1284, 642, 937, 781, 546, 431
1798, 1739, 1798, 1615, 28045880, 1, 7, 642, 25, 361, 2098, 1284, 642, 937, 781, 546, 431
1798, 1615, 1798, 1562, 28046217, 2, 8, 431, 642, 361, 2098, 1284, 294, 431, 10000000, 10000000, 10000000
1798, 1562, 1816, 1501, 28050417, 4, 9, 202, 431, 361, 2098, 1284, 387, 1186, 294, 202, 50
1798, 1562, 1791, 1498, 28050417, 5, 9, 50, 431, 361, 2098, 1284, 387, 1186, 294, 202, 50
2098, 1778, 2098, 1705, 28054701, 5, 10, 1099, 1270, 361, 2098, 1284, 920, 934, 697, 734, 1099
2098, 1778, 2101, 1680, 28054701, 3, 10, 697, 1270, 361, 2098, 1284, 920, 934, 697, 734, 1099
2098, 1778, 2098, 1676, 28054701, 2, 10, 934, 1270, 361, 2098, 1284, 920, 934, 697, 734, 1099
2098, 1778, 2101, 1642, 28054701, 1, 10, 920, 1270, 361, 2098, 1284, 920, 934, 697, 734, 1099
2098, 1778, 2098, 1630, 28054701, 4, 10, 734, 1270, 361, 2098, 1284, 920, 934, 697, 734, 1099
2101, 1642, 2098, 1487, 28055051, 4, 11, 1333, 920, 361, 2098, 1284, 1250, 188, 1367, 1333, 93
2101, 1642, 2098, 1487, 28055051, 3, 11, 1367, 920, 361, 2098, 1284, 1250, 188, 1367, 1333, 93
2101, 1642, 2101, 1482, 28055051, 2, 11, 188, 920, 361, 2098, 1284, 1250, 188, 1367, 1333, 93
2101, 1482, 2098, 1378, 28059251, 5, 12, 1015, 188, 361, 2098, 1284, 566, 806, 809, 361, 1015
2101, 1482, 2101, 1361, 28059251, 2, 12, 806, 188, 361, 2098, 1284, 566, 806, 809, 361, 1015
2101, 1482, 2098, 1350, 28059251, 3, 12, 809, 188, 361, 2098, 1284, 566, 806, 809, 361, 1015
1816, 1501, 1913, 1498, 28062617, 4, 10, 1041, 202, 361, 2098, 1284, 463, 679, 898, 1041, 773
1816, 1501, 1938, 1501, 28062617, 5, 10, 773, 202, 361, 2098, 1284, 463, 679, 898, 1041, 773
1816, 1501, 1943, 1498, 28062617, 3, 10, 898, 202, 361, 2098, 1284, 463, 679, 898, 1041, 773
2101, 1361, 2101, 1312, 28063452, 4, 13, 1014, 806, 361, 2098, 1284, 1158, 361, 566, 1014, 243
2101, 1361, 2098, 1309, 28063452, 3, 13, 566, 806, 361, 2098, 1284, 1158, 361, 566, 1014, 243
2101, 1361, 2101, 1287, 28063452, 1, 13, 1158, 806, 361, 2098, 1284, 1158, 361, 566, 1014, 243
2101, 1361, 2098, 1271, 28063452, 361, 13, 361, 806, 361, 2098, 1284, 1158, 361, 566, 1014, 243
1790, 298, 1705, 298, 29000200, 2, 1, 632, 212, 370, 1539, 1, 924, 632, 1046, 710, 483
1790, 298, 1676, 301, 29000200, 3, 1, 1046, 212, 370, 1539, 1, 924, 632, 1046, 710, 483
1790, 298, 1633, 301, 29000200, 1, 1, 924, 212, 370, 1539, 1, 924, 632, 1046, 710, 483
1633, 301, 1599, 301, 29000484, 5, 2, 710, 924, 370, 1539, 1, 24, 29, 313, 483, 710
1633, 301, 1578, 301, 29000484, 4, 2, 483, 924, 370, 1539, 1, 24, 29, 313, 483, 710
1633, 301, 1557, 301, 29000484, 3, 2, 313, 924, 370, 1539, 1, 24, 29, 313, 483, 710
1557, 301, 1491, 298, 29009213, 1, 3, 29, 313, 370, 1539, 1, 29, 10000000, 10000000, 10000000, 10000000
1491, 298, 1498, 282, 29009484, 4, 4, 1289, 29, 370, 1539, 1, 1161, 448, 1264, 1289, 204
1491, 298, 1501, 281, 29009484, 5, 4, 204, 29, 370, 1539, 1, 1161, 448, 1264, 1289, 204
1491, 298, 1498, 259, 29009484, 3, 4, 1264, 29, 370, 1539, 1, 1161, 448, 1264, 1289, 204
1498, 259, 1498, 207, 29017684, 5, 5, 1161, 1264, 370, 1539, 1, 1151, 797, 1011, 807, 1161
1498, 259, 1498, 165, 29017684, 3, 5, 1011, 1264, 370, 1539, 1, 1151, 797, 1011, 807, 1161
1498, 259, 1501, 149, 29017684, 2, 5, 797, 1264, 370, 1539, 1, 1151, 797, 1011, 807, 1161
1498, 259, 1498, 139, 29017685, 4, 5, 807, 1264, 370, 1539, 1, 1151, 797, 1011, 807, 1161
1501, 149, 1498, 63, 29021885, 5, 6, 412, 797, 370, 1539, 1, 69, 1387, 37, 1245, 412
1501, 149, 1501, 53, 29021885, 4, 6, 1245, 797, 370, 1539, 1, 69, 1387, 37, 1245, 412
1501, 149, 1498, 10, 29021885, 3, 6, 37, 797, 370, 1539, 1, 69, 1387, 37, 1245, 412
1501, 149, 1501, 9, 29021885, 1, 6, 69, 797, 370, 1539, 1, 69, 1387, 37, 1245, 412
1501, 9, 1510, 1, 29022156, 2, 7, 256, 69, 370, 1539, 1, 370, 256, 10000000, 10000000, 10000000
1501, 9, 1528, 1, 29022156, 370, 7, 370, 69, 370, 1539, 1, 370, 256, 10000000, 10000000, 10000000
