source_x,source_y,recv_x,recv_y,time,recv_priority,hopcount,recv_id,source_id,destination_id,destination_x,destination_y,pri_1,pri_2,pri_3,pri_4,pri_5,pri_recover
280, -1, 401, 12, 10300200, 2, 1, 320, 7, 360, 598, 787, 288, 320, 254, 156, 373, 0
280, -1, 401, 12, 10300200, 5, 1, 373, 7, 360, 598, 787, 288, 320, 254, 156, 373, 0
280, -1, 420, -1, 10300200, 1, 1, 288, 7, 360, 598, 787, 288, 320, 254, 156, 373, 0
280, -1, 447, -1, 10300200, 4, 1, 156, 7, 360, 598, 787, 288, 320, 254, 156, 373, 0
420, -1, 587, 1, 10300850, 3, 2, 338, 288, 360, 598, 787, 298, 220, 338, 291, 155, 0
587, 1, 601, 44, 10309499, 5, 3, 155, 338, 360, 598, 787, 285, 183, 91, 12, 155, 0
587, 1, 601, 84, 10309499, 3, 3, 91, 338, 360, 598, 787, 285, 183, 91, 12, 155, 0
587, 1, 598, 111, 10309499, 4, 3, 12, 338, 360, 598, 787, 285, 183, 91, 12, 155, 0
587, 1, 598, 147, 10309499, 2, 3, 183, 338, 360, 598, 787, 285, 183, 91, 12, 155, 0
598, 147, 598, 179, 10314148, 5, 4, 285, 183, 360, 598, 787, 114, 380, 312, 239, 285, 0
598, 147, 587, 201, 10314148, 3, 4, 312, 183, 360, 598, 787, 114, 380, 312, 239, 285, 0
598, 147, 587, 201, 10314148, 2, 4, 380, 183, 360, 598, 787, 114, 380, 312, 239, 285, 0
598, 147, 601, 262, 10314148, 1, 4, 114, 183, 360, 598, 787, 114, 380, 312, 239, 285, 0
601, 262, 598, 315, 10314798, 1, 5, 47, 114, 360, 598, 787, 47, 206, 286, 290, 179, 0
601, 262, 598, 359, 10314798, 2, 5, 206, 114, 360, 598, 787, 47, 206, 286, 290, 179, 0
601, 262, 598, 378, 10314798, 4, 5, 290, 114, 360, 598, 787, 47, 206, 286, 290, 179, 0
601, 262, 601, 419, 10314798, 3, 5, 286, 114, 360, 598, 787, 47, 206, 286, 290, 179, 0
598, 315, 598, 378, 10315447, 5, 6, 290, 47, 360, 598, 787, 21, 179, 286, 347, 290, 0
598, 315, 601, 412, 10315447, 4, 6, 347, 47, 360, 598, 787, 21, 179, 286, 347, 290, 0
598, 315, 601, 419, 10315447, 3, 6, 286, 47, 360, 598, 787, 21, 179, 286, 347, 290, 0
598, 315, 601, 445, 10315447, 2, 6, 179, 47, 360, 598, 787, 21, 179, 286, 347, 290, 0
598, 315, 601, 487, 10315447, 1, 6, 21, 47, 360, 598, 787, 21, 179, 286, 347, 290, 0
601, 487, 598, 515, 10316096, 5, 7, 85, 21, 360, 598, 787, 332, 130, 243, 186, 85, 0
601, 487, 598, 552, 10316096, 2, 7, 130, 21, 360, 598, 787, 332, 130, 243, 186, 85, 0
601, 487, 598, 580, 10316096, 3, 7, 243, 21, 360, 598, 787, 332, 130, 243, 186, 85, 0
601, 487, 598, 587, 10316096, 1, 7, 332, 21, 360, 598, 787, 332, 130, 243, 186, 85, 0
601, 487, 601, 647, 10316097, 4, 7, 186, 21, 360, 598, 787, 332, 130, 243, 186, 85, 0
598, 587, 601, 647, 10316746, 3, 8, 186, 332, 360, 598, 787, 4, 309, 186, 19, 360, 0
598, 587, 601, 689, 10316746, 1, 8, 4, 332, 360, 598, 787, 4, 309, 186, 19, 360, 0
598, 587, 598, 711, 10316746, 4, 8, 19, 332, 360, 598, 787, 4, 309, 186, 19, 360, 0
601, 689, 598, 752, 10317395, 3, 9, 204, 4, 360, 598, 787, 309, 236, 204, 393, 112, 0
601, 689, 598, 778, 10317395, 2, 9, 236, 4, 360, 598, 787, 309, 236, 204, 393, 112, 0
601, 689, 598, 787, 10317395, 1, 9, 309, 4, 360, 598, 787, 309, 236, 204, 393, 112, 0
601, 689, 598, 787, 10317395, 360, 9, 360, 4, 360, 598, 787, 309, 236, 204, 393, 112, 0
99, 201, 201, 212, 11300200, 5, 1, 313, 17, 90, 716, 601, 27, 159, 249, 368, 313, 0
99, 201, 201, 212, 11300200, 4, 1, 368, 17, 90, 716, 601, 27, 159, 249, 368, 313, 0
99, 201, 253, 198, 11300200, 2, 1, 159, 17, 90, 716, 601, 27, 159, 249, 368, 313, 0
253, 198, 293, 198, 11304849, 3, 2, 27, 159, 90, 716, 601, 314, 244, 27, 356, 197, 0
253, 198, 345, 201, 11304849, 5, 2, 197, 159, 90, 716, 601, 314, 244, 27, 356, 197, 0
253, 198, 412, 198, 11304850, 4, 2, 356, 159, 90, 716, 601, 314, 244, 27, 356, 197, 0
253, 198, 413, 198, 11304850, 1, 2, 314, 159, 90, 716, 601, 314, 244, 27, 356, 197, 0
253, 198, 424, 198, 11304850, 2, 2, 244, 159, 90, 716, 601, 314, 244, 27, 356, 197, 0
413, 198, 401, 257, 11305499, 5, 3, 118, 314, 90, 716, 601, 41, 312, 88, 239, 118, 0
413, 198, 510, 198, 11305499, 3, 3, 88, 314, 90, 716, 601, 41, 312, 88, 239, 118, 0
413, 198, 575, 201, 11305499, 4, 3, 239, 314, 90, 716, 601, 41, 312, 88, 239, 118, 0
510, 198, 575, 201, 11314148, 4, 4, 239, 88, 90, 716, 601, 380, 312, 287, 239, 137, 0
510, 198, 587, 201, 11314148, 2, 4, 312, 88, 90, 716, 601, 380, 312, 287, 239, 137, 0
510, 198, 587, 201, 11314148, 1, 4, 380, 88, 90, 716, 601, 380, 312, 287, 239, 137, 0
510, 198, 627, 198, 11314148, 3, 4, 287, 88, 90, 716, 601, 380, 312, 287, 239, 137, 0
510, 198, 659, 198, 11314148, 5, 4, 137, 88, 90, 716, 601, 380, 312, 287, 239, 137, 0
587, 201, 601, 272, 11314797, 2, 5, 114, 380, 90, 716, 601, 47, 114, 206, 213, 102, 0
587, 201, 598, 301, 11314797, 1, 5, 47, 380, 90, 716, 601, 47, 114, 206, 213, 102, 0
587, 201, 692, 198, 11314797, 5, 5, 102, 380, 90, 716, 601, 47, 114, 206, 213, 102, 0
587, 201, 598, 347, 11314798, 3, 5, 206, 380, 90, 716, 601, 47, 114, 206, 213, 102, 0
587, 201, 743, 201, 11314798, 4, 5, 213, 380, 90, 716, 601, 47, 114, 206, 213, 102, 0
598, 301, 601, 412, 11315447, 5, 6, 347, 47, 90, 716, 601, 85, 21, 179, 286, 347, 0
598, 301, 601, 426, 11315447, 4, 6, 286, 47, 90, 716, 601, 85, 21, 179, 286, 347, 0
598, 301, 601, 457, 11315447, 3, 6, 179, 47, 90, 716, 601, 85, 21, 179, 286, 347, 0
598, 301, 598, 503, 11315447, 1, 6, 85, 47, 90, 716, 601, 85, 21, 179, 286, 347, 0
598, 503, 598, 540, 11316096, 5, 7, 130, 85, 90, 716, 601, 332, 243, 273, 186, 130, 0
598, 503, 598, 574, 11316096, 2, 7, 243, 85, 90, 716, 601, 332, 243, 273, 186, 130, 0
598, 503, 598, 587, 11316096, 1, 7, 332, 85, 90, 716, 601, 332, 243, 273, 186, 130, 0
598, 587, 627, 598, 11316746, 3, 8, 273, 332, 90, 716, 601, 128, 84, 273, 10000000, 10000000, 0
401, 257, 401, 300, 11322148, 5, 4, 41, 118, 90, 716, 601, 395, 381, 116, 104, 41, 0
401, 257, 398, 333, 11322148, 3, 4, 116, 118, 90, 716, 601, 395, 381, 116, 104, 41, 0
401, 257, 401, 412, 11322148, 2, 4, 381, 118, 90, 716, 601, 395, 381, 116, 104, 41, 0
627, 598, 654, 598, 11325395, 3, 9, 128, 273, 90, 716, 601, 90, 84, 128, 143, 251, 0
627, 598, 698, 598, 11325395, 2, 9, 84, 273, 90, 716, 601, 90, 84, 128, 143, 251, 0
627, 598, 698, 601, 11325395, 90, 9, 90, 273, 90, 716, 601, 90, 84, 128, 143, 251, 0
198, 185, 201, 271, 12300200, 2, 1, 132, 344, 19, 598, 686, 229, 132, 27, 13, 159, 0
198, 185, 198, 287, 12300200, 4, 1, 13, 344, 19, 598, 686, 229, 132, 27, 13, 159, 0
201, 271, 198, 362, 12304849, 4, 2, 229, 132, 19, 598, 686, 366, 299, 311, 229, 399, 0
201, 271, 198, 387, 12304849, 1, 2, 366, 132, 19, 598, 686, 366, 299, 311, 229, 399, 0
201, 271, 198, 387, 12304849, 5, 2, 399, 132, 19, 598, 686, 366, 299, 311, 229, 399, 0
201, 271, 201, 415, 12304849, 3, 2, 311, 132, 19, 598, 686, 366, 299, 311, 229, 399, 0
201, 271, 201, 434, 12304849, 2, 2, 299, 132, 19, 598, 686, 366, 299, 311, 229, 399, 0
198, 387, 233, 398, 12305498, 4, 3, 274, 366, 19, 598, 686, 65, 188, 205, 274, 45, 0
198, 387, 201, 472, 12305498, 3, 3, 205, 366, 19, 598, 686, 65, 188, 205, 274, 45, 0
198, 387, 201, 512, 12305499, 1, 3, 65, 366, 19, 598, 686, 65, 188, 205, 274, 45, 0
201, 512, 198, 542, 12306148, 3, 4, 222, 65, 19, 598, 686, 210, 276, 222, 45, 67, 0
201, 512, 201, 630, 12306148, 2, 4, 276, 65, 19, 598, 686, 210, 276, 222, 45, 67, 0
201, 512, 201, 671, 12306148, 1, 4, 210, 65, 19, 598, 686, 210, 276, 222, 45, 67, 0
233, 398, 275, 398, 12318147, 3, 4, 188, 274, 19, 598, 686, 372, 45, 188, 278, 395, 0
233, 398, 309, 398, 12318148, 2, 4, 45, 274, 19, 598, 686, 372, 45, 188, 278, 395, 0
233, 398, 364, 401, 12318148, 4, 4, 278, 274, 19, 598, 686, 372, 45, 188, 278, 395, 0
233, 398, 412, 398, 12318148, 1, 4, 372, 274, 19, 598, 686, 372, 45, 188, 278, 395, 0
412, 398, 401, 451, 12318797, 4, 5, 217, 372, 19, 598, 686, 115, 104, 24, 217, 53, 0
412, 398, 490, 401, 12318797, 5, 5, 53, 372, 19, 598, 686, 115, 104, 24, 217, 53, 0
412, 398, 401, 491, 12318797, 2, 5, 104, 372, 19, 598, 686, 115, 104, 24, 217, 53, 0
412, 398, 513, 398, 12318797, 3, 5, 24, 372, 19, 598, 686, 115, 104, 24, 217, 53, 0
412, 398, 398, 510, 12318797, 1, 5, 115, 372, 19, 598, 686, 115, 104, 24, 217, 53, 0
398, 510, 401, 660, 12319447, 1, 6, 154, 115, 19, 598, 686, 154, 79, 162, 182, 96, 0
401, 660, 401, 707, 12320096, 3, 7, 79, 154, 19, 598, 686, 96, 162, 79, 10000000, 10000000, 0
309, 398, 384, 401, 12322797, 4, 5, 335, 45, 19, 598, 686, 388, 381, 300, 335, 53, 0
309, 398, 401, 412, 12322797, 2, 5, 381, 45, 19, 598, 686, 388, 381, 300, 335, 53, 0
309, 398, 401, 412, 12322797, 1, 5, 388, 45, 19, 598, 686, 388, 381, 300, 335, 53, 0
401, 412, 401, 451, 12323446, 4, 6, 217, 388, 19, 598, 686, 115, 104, 24, 217, 166, 0
401, 412, 469, 398, 12323446, 5, 6, 166, 388, 19, 598, 686, 115, 104, 24, 217, 166, 0
401, 412, 401, 491, 12323446, 2, 6, 104, 388, 19, 598, 686, 115, 104, 24, 217, 166, 0
401, 412, 398, 510, 12323446, 1, 6, 115, 388, 19, 598, 686, 115, 104, 24, 217, 166, 0
398, 510, 401, 660, 12324096, 1, 7, 154, 115, 19, 598, 686, 154, 79, 162, 182, 96, 0
401, 660, 401, 707, 12324745, 3, 8, 79, 154, 19, 598, 686, 96, 162, 79, 10000000, 10000000, 0
513, 398, 529, 401, 12327446, 2, 6, 144, 24, 19, 598, 686, 347, 144, 286, 104, 120, 0
513, 398, 601, 414, 12327447, 1, 6, 347, 24, 19, 598, 686, 347, 144, 286, 104, 120, 0
513, 398, 666, 398, 12327447, 5, 6, 120, 24, 19, 598, 686, 347, 144, 286, 104, 120, 0
601, 414, 601, 470, 12328096, 3, 7, 179, 347, 19, 598, 686, 21, 85, 179, 332, 130, 0
601, 414, 598, 490, 12328096, 2, 7, 85, 347, 19, 598, 686, 21, 85, 179, 332, 130, 0
601, 414, 601, 515, 12328096, 1, 7, 21, 347, 19, 598, 686, 21, 85, 179, 332, 130, 0
601, 414, 598, 527, 12328096, 5, 7, 130, 347, 19, 598, 686, 21, 85, 179, 332, 130, 0
601, 515, 598, 527, 12328745, 5, 8, 130, 21, 19, 598, 686, 19, 332, 243, 186, 130, 0
601, 515, 598, 566, 12328745, 3, 8, 243, 21, 19, 598, 686, 19, 332, 243, 186, 130, 0
601, 515, 598, 584, 12328745, 2, 8, 332, 21, 19, 598, 686, 19, 332, 243, 186, 130, 0
601, 515, 601, 673, 12328745, 4, 8, 186, 21, 19, 598, 686, 19, 332, 243, 186, 130, 0
598, 584, 601, 673, 12333394, 1, 9, 186, 332, 19, 598, 686, 186, 4, 19, 204, 273, 0
598, 584, 598, 681, 12333394, 19, 9, 19, 332, 19, 598, 686, 186, 4, 19, 204, 273, 0
-1, 74, 1, 121, 13300200, 5, 1, 11, 29, 393, 598, 787, 176, 284, 346, 379, 11, 0
-1, 74, 1, 212, 13300200, 4, 1, 379, 29, 393, 598, 787, 176, 284, 346, 379, 11, 0
-1, 74, 1, 219, 13300200, 3, 1, 346, 29, 393, 598, 787, 176, 284, 346, 379, 11, 0
-1, 74, 1, 244, 13300200, 2, 1, 284, 29, 393, 598, 787, 176, 284, 346, 379, 11, 0
-1, 74, 1, 289, 13300200, 1, 1, 176, 29, 393, 598, 787, 176, 284, 346, 379, 11, 0
1, 289, -1, 315, 13300849, 4, 2, 174, 176, 393, 598, 787, 282, 32, 348, 174, 191, 0
1, 289, 1, 328, 13300849, 2, 2, 32, 176, 393, 598, 787, 282, 32, 348, 174, 191, 0
1, 289, -1, 356, 13300849, 1, 2, 282, 176, 393, 598, 787, 282, 32, 348, 174, 191, 0
1, 289, -1, 378, 13300850, 3, 2, 348, 176, 393, 598, 787, 282, 32, 348, 174, 191, 0
1, 289, 1, 486, 13300850, 5, 2, 191, 176, 393, 598, 787, 282, 32, 348, 174, 191, 0
-1, 356, 1, 486, 13301499, 3, 3, 191, 282, 393, 598, 787, 43, 201, 191, 50, 370, 0
-1, 356, -1, 487, 13301499, 4, 3, 50, 282, 393, 598, 787, 43, 201, 191, 50, 370, 0
-1, 356, -1, 515, 13301499, 2, 3, 201, 282, 393, 598, 787, 43, 201, 191, 50, 370, 0
-1, 356, 1, 517, 13301499, 1, 3, 43, 282, 393, 598, 787, 43, 201, 191, 50, 370, 0
1, 517, -1, 580, 13302148, 3, 4, 340, 43, 393, 598, 787, 370, 390, 340, 374, 163, 0
1, 517, -1, 587, 13302148, 1, 4, 370, 43, 393, 598, 787, 370, 390, 340, 374, 163, 0
1, 517, -1, 587, 13302148, 2, 4, 390, 43, 393, 598, 787, 370, 390, 340, 374, 163, 0
1, 517, 1, 612, 13302148, 4, 4, 374, 43, 393, 598, 787, 370, 390, 340, 374, 163, 0
-1, 587, 45, 598, 13302797, 2, 5, 259, 370, 393, 598, 787, 134, 259, 103, 34, 242, 0
-1, 587, 66, 601, 13302797, 3, 5, 103, 370, 393, 598, 787, 134, 259, 103, 34, 242, 0
-1, 587, -1, 755, 13302798, 5, 5, 242, 370, 393, 598, 787, 134, 259, 103, 34, 242, 0
45, 598, 65, 601, 13307446, 4, 6, 103, 259, 393, 598, 787, 34, 134, 189, 103, 210, 0
45, 598, 83, 598, 13307446, 2, 6, 134, 259, 393, 598, 787, 34, 134, 189, 103, 210, 0
45, 598, 114, 598, 13307447, 1, 6, 34, 259, 393, 598, 787, 34, 134, 189, 103, 210, 0
45, 598, 125, 601, 13307447, 3, 6, 189, 259, 393, 598, 787, 34, 134, 189, 103, 210, 0
114, 598, 125, 601, 13308096, 1, 7, 189, 34, 393, 598, 787, 189, 107, 210, 276, 20, 0
114, 598, 275, 601, 13308096, 5, 7, 20, 34, 393, 598, 787, 189, 107, 210, 276, 20, 0
125, 601, 313, 598, 13308745, 2, 8, 107, 189, 393, 598, 787, 276, 107, 210, 295, 67, 0
313, 598, 319, 601, 13313394, 1, 9, 182, 107, 393, 598, 787, 182, 162, 96, 154, 16, 0
319, 601, 468, 601, 13314044, 5, 10, 16, 182, 393, 598, 787, 162, 96, 154, 79, 16, 0
319, 601, 490, 598, 13314044, 1, 10, 162, 182, 393, 598, 787, 162, 96, 154, 79, 16, 0
490, 598, 519, 601, 13314693, 4, 11, 173, 162, 393, 598, 787, 90, 273, 96, 173, 128, 0
490, 598, 524, 598, 13314693, 3, 11, 96, 162, 393, 598, 787, 90, 273, 96, 173, 128, 0
490, 598, 644, 598, 13314693, 2, 11, 273, 162, 393, 598, 787, 90, 273, 96, 173, 128, 0
490, 598, 671, 601, 13314693, 1, 11, 90, 162, 393, 598, 787, 90, 273, 96, 173, 128, 0
671, 601, 644, 598, 13315343, 1, 12, 273, 90, 393, 598, 787, 273, 10000000, 10000000, 10000000, 10000000, 0
-1, 755, 12, 798, 13319447, 3, 6, 353, 242, 393, 598, 787, 396, 392, 353, 308, 208, 0
-1, 755, 12, 798, 13319447, 2, 6, 392, 242, 393, 598, 787, 396, 392, 353, 308, 208, 0
-1, 755, 12, 798, 13319447, 1, 6, 396, 242, 393, 598, 787, 396, 392, 353, 308, 208, 0
12, 798, 43, 798, 13320096, 4, 7, 233, 396, 393, 598, 787, 77, 208, 68, 233, 184, 0
12, 798, 64, 801, 13320096, 3, 7, 68, 396, 393, 598, 787, 77, 208, 68, 233, 184, 0
12, 798, 84, 798, 13320096, 2, 7, 208, 396, 393, 598, 787, 77, 208, 68, 233, 184, 0
12, 798, 134, 798, 13320096, 1, 7, 77, 396, 393, 598, 787, 77, 208, 68, 233, 184, 0
134, 798, 201, 819, 13320746, 2, 8, 324, 77, 393, 598, 787, 136, 324, 246, 190, 3, 0
134, 798, 283, 798, 13320746, 1, 8, 136, 77, 393, 598, 787, 136, 324, 246, 190, 3, 0
283, 798, 313, 801, 13321395, 4, 9, 215, 136, 393, 598, 787, 304, 227, 3, 215, 352, 0
283, 798, 317, 798, 13321395, 3, 9, 3, 136, 393, 598, 787, 304, 227, 3, 215, 352, 0
283, 798, 358, 801, 13321395, 2, 9, 227, 136, 393, 598, 787, 304, 227, 3, 215, 352, 0
283, 798, 378, 801, 13321395, 1, 9, 304, 136, 393, 598, 787, 304, 227, 3, 215, 352, 0
283, 798, 387, 801, 13321395, 5, 9, 352, 136, 393, 598, 787, 304, 227, 3, 215, 352, 0
378, 801, 485, 801, 13322044, 5, 10, 33, 304, 393, 598, 787, 82, 257, 181, 141, 33, 0
378, 801, 487, 798, 13322045, 3, 10, 181, 304, 393, 598, 787, 82, 257, 181, 141, 33, 0
378, 801, 511, 801, 13322045, 4, 10, 141, 304, 393, 598, 787, 82, 257, 181, 141, 33, 0
378, 801, 525, 798, 13322045, 1, 10, 82, 304, 393, 598, 787, 82, 257, 181, 141, 33, 0
525, 798, 580, 801, 13322694, 4, 11, 317, 82, 393, 598, 787, 384, 358, 387, 317, 337, 0
525, 798, 587, 801, 13322694, 2, 11, 358, 82, 393, 598, 787, 384, 358, 387, 317, 337, 0
525, 798, 587, 801, 13322694, 1, 11, 384, 82, 393, 598, 787, 384, 358, 387, 317, 337, 0
525, 798, 587, 801, 13322694, 3, 11, 387, 82, 393, 598, 787, 384, 358, 387, 317, 337, 0
525, 798, 619, 798, 13322694, 5, 11, 337, 82, 393, 598, 787, 384, 358, 387, 317, 337, 0
587, 801, 587, 801, 13323343, 5, 12, 358, 384, 393, 598, 787, 393, 360, 309, 387, 358, 0
587, 801, 587, 801, 13323343, 4, 12, 387, 384, 393, 598, 787, 393, 360, 309, 387, 358, 0
587, 801, 598, 787, 13323343, 2, 12, 360, 384, 393, 598, 787, 393, 360, 309, 387, 358, 0
587, 801, 598, 787, 13323343, 393, 12, 393, 384, 393, 598, 787, 393, 360, 309, 387, 358, 0
58, 198, 94, 198, 14300200, 5, 1, 216, 230, 186, 601, 698, 56, 368, 238, 129, 216, 0
58, 198, 109, 201, 14300200, 4, 1, 129, 230, 186, 601, 698, 56, 368, 238, 129, 216, 0
58, 198, 139, 198, 14300200, 1, 1, 56, 230, 186, 601, 698, 56, 368, 238, 129, 216, 0
58, 198, 145, 201, 14300200, 3, 1, 238, 230, 186, 601, 698, 56, 368, 238, 129, 216, 0
58, 198, 201, 212, 14300200, 2, 1, 368, 230, 186, 601, 698, 56, 368, 238, 129, 216, 0
139, 198, 201, 212, 14300849, 2, 2, 368, 56, 186, 601, 698, 71, 368, 159, 27, 313, 0
139, 198, 201, 227, 14300849, 5, 2, 313, 56, 186, 601, 698, 71, 368, 159, 27, 313, 0
139, 198, 277, 201, 14300849, 1, 2, 71, 56, 186, 601, 698, 71, 368, 159, 27, 313, 0
277, 201, 428, 198, 14301499, 2, 3, 314, 71, 186, 601, 698, 356, 314, 378, 325, 260, 0
201, 212, 198, 259, 14305498, 5, 3, 13, 368, 186, 601, 698, 305, 23, 132, 193, 13, 0
201, 212, 198, 296, 14305498, 4, 3, 193, 368, 186, 601, 698, 305, 23, 132, 193, 13, 0
201, 212, 201, 300, 14305498, 3, 3, 132, 368, 186, 601, 698, 305, 23, 132, 193, 13, 0
201, 212, 201, 338, 14305498, 2, 3, 23, 368, 186, 601, 698, 305, 23, 132, 193, 13, 0
201, 212, 198, 375, 14305499, 1, 3, 305, 368, 186, 601, 698, 305, 23, 132, 193, 13, 0
198, 375, 201, 456, 14306148, 5, 4, 299, 305, 186, 601, 698, 65, 205, 113, 188, 299, 0
198, 375, 198, 484, 14306148, 3, 4, 113, 305, 186, 601, 698, 65, 205, 113, 188, 299, 0
198, 375, 201, 499, 14306148, 2, 4, 205, 305, 186, 601, 698, 65, 205, 113, 188, 299, 0
428, 198, 504, 198, 14306148, 5, 4, 117, 314, 186, 601, 698, 380, 41, 88, 118, 117, 0
198, 375, 201, 539, 14306148, 1, 4, 65, 305, 186, 601, 698, 65, 205, 113, 188, 299, 0
428, 198, 554, 198, 14306148, 3, 4, 88, 314, 186, 601, 698, 380, 41, 88, 118, 117, 0
428, 198, 587, 201, 14306148, 1, 4, 380, 314, 186, 601, 698, 380, 41, 88, 118, 117, 0
201, 539, 201, 650, 14306797, 4, 5, 276, 65, 186, 601, 698, 178, 295, 210, 276, 188, 0
587, 201, 598, 261, 14306797, 4, 5, 47, 380, 186, 601, 698, 206, 114, 290, 47, 179, 0
201, 539, 201, 698, 14306798, 3, 5, 210, 65, 186, 601, 698, 178, 295, 210, 276, 188, 0
587, 201, 601, 303, 14306798, 2, 5, 114, 380, 186, 601, 698, 206, 114, 290, 47, 179, 0
587, 201, 598, 306, 14306798, 1, 5, 206, 380, 186, 601, 698, 206, 114, 290, 47, 179, 0
598, 306, 598, 338, 14307447, 5, 6, 290, 206, 186, 601, 698, 179, 286, 21, 347, 290, 0
598, 306, 601, 457, 14307447, 2, 6, 286, 206, 186, 601, 698, 179, 286, 21, 347, 290, 0
598, 306, 601, 496, 14307447, 1, 6, 179, 206, 186, 601, 698, 179, 286, 21, 347, 290, 0
601, 496, 598, 501, 14308096, 4, 7, 130, 179, 186, 601, 698, 21, 243, 332, 130, 4, 0
601, 496, 601, 542, 14308096, 1, 7, 21, 179, 186, 601, 698, 21, 243, 332, 130, 4, 0
601, 496, 598, 547, 14308096, 2, 7, 243, 179, 186, 601, 698, 21, 243, 332, 130, 4, 0
601, 496, 598, 572, 14308096, 3, 7, 332, 179, 186, 601, 698, 21, 243, 332, 130, 4, 0
601, 542, 598, 547, 14308745, 4, 8, 243, 21, 186, 601, 698, 186, 19, 332, 243, 4, 0
601, 542, 598, 572, 14308745, 3, 8, 332, 21, 186, 601, 698, 186, 19, 332, 243, 4, 0
601, 542, 598, 651, 14308746, 2, 8, 19, 21, 186, 601, 698, 186, 19, 332, 243, 4, 0
601, 542, 601, 703, 14308746, 186, 8, 186, 21, 186, 601, 698, 186, 19, 332, 243, 4, 0
1, 148, 1, 215, 15300200, 3, 1, 379, 11, 143, 714, 601, 64, 346, 379, 174, 284, 0
1, 148, 1, 233, 15300200, 2, 1, 346, 11, 143, 714, 601, 64, 346, 379, 174, 284, 0
1, 148, -1, 251, 15300200, 1, 1, 64, 11, 143, 714, 601, 64, 346, 379, 174, 284, 0
1, 148, 1, 267, 15300200, 5, 1, 284, 11, 143, 714, 601, 64, 346, 379, 174, 284, 0
1, 148, -1, 286, 15300200, 4, 1, 174, 11, 143, 714, 601, 64, 346, 379, 174, 284, 0
-1, 251, 1, 320, 15300849, 4, 2, 176, 64, 143, 714, 601, 348, 32, 282, 176, 191, 0
-1, 251, -1, 334, 15300849, 3, 2, 282, 64, 143, 714, 601, 348, 32, 282, 176, 191, 0
-1, 251, 1, 359, 15300849, 2, 2, 32, 64, 143, 714, 601, 348, 32, 282, 176, 191, 0
-1, 251, -1, 361, 15300849, 1, 2, 348, 64, 143, 714, 601, 348, 32, 282, 176, 191, 0
-1, 361, 1, 514, 15301499, 5, 3, 191, 348, 143, 714, 601, 370, 390, 259, 43, 191, 0
-1, 361, 1, 546, 15301499, 4, 3, 43, 348, 143, 714, 601, 370, 390, 259, 43, 191, 0
1, 546, 1, 615, 15314148, 2, 4, 374, 43, 143, 714, 601, 328, 374, 10000000, 10000000, 10000000, 0
1, 546, 1, 637, 15314148, 1, 4, 328, 43, 143, 714, 601, 328, 374, 10000000, 10000000, 10000000, 0
1, 637, 1, 615, 15314797, 1, 5, 374, 328, 143, 714, 601, 374, 259, 134, 34, 10000000, 0
1, 220, -1, 272, 16300200, 5, 1, 174, 379, 240, 674, 798, 176, 282, 56, 284, 174, 0
1, 220, 1, 279, 16300200, 4, 1, 284, 379, 240, 674, 798, 176, 282, 56, 284, 174, 0
1, 220, -1, 322, 16300200, 2, 1, 282, 379, 240, 674, 798, 176, 282, 56, 284, 174, 0
1, 220, 1, 335, 16300200, 1, 1, 176, 379, 240, 674, 798, 176, 282, 56, 284, 174, 0
1, 335, -1, 350, 16300849, 4, 2, 348, 176, 240, 674, 798, 201, 50, 32, 348, 191, 0
1, 335, 1, 374, 16300849, 3, 2, 32, 176, 240, 674, 798, 201, 50, 32, 348, 191, 0
1, 335, -1, 454, 16300849, 2, 2, 50, 176, 240, 674, 798, 201, 50, 32, 348, 191, 0
1, 335, -1, 477, 16300849, 1, 2, 201, 176, 240, 674, 798, 201, 50, 32, 348, 191, 0
1, 335, 1, 528, 16300850, 5, 2, 191, 176, 240, 674, 798, 201, 50, 32, 348, 191, 0
-1, 477, -1, 580, 16301499, 2, 3, 370, 201, 240, 674, 798, 390, 370, 374, 328, 267, 0
-1, 477, -1, 587, 16301499, 1, 3, 390, 201, 240, 674, 798, 390, 370, 374, 328, 267, 0
-1, 587, 91, 601, 16302148, 1, 4, 189, 390, 240, 674, 798, 189, 259, 134, 163, 28, 0
-1, 587, 1, 721, 16302148, 4, 4, 163, 390, 240, 674, 798, 189, 259, 134, 163, 28, 0
91, 601, 124, 598, 16302797, 4, 5, 134, 189, 240, 674, 798, 34, 276, 20, 134, 210, 0
91, 601, 148, 598, 16302797, 1, 5, 34, 189, 240, 674, 798, 34, 276, 20, 134, 210, 0
148, 598, 236, 601, 16303447, 2, 6, 20, 34, 240, 674, 798, 182, 20, 107, 276, 10000000, 0
148, 598, 281, 601, 16303447, 1, 6, 182, 34, 240, 674, 798, 182, 20, 107, 276, 10000000, 0
148, 598, 353, 598, 16303447, 3, 6, 107, 34, 240, 674, 798, 182, 20, 107, 276, 10000000, 0
281, 601, 353, 598, 16304096, 2, 7, 107, 182, 240, 674, 798, 162, 107, 16, 154, 79, 0
281, 601, 427, 601, 16304096, 3, 7, 16, 182, 240, 674, 798, 162, 107, 16, 154, 79, 0
353, 598, 427, 601, 16308745, 1, 8, 16, 107, 240, 674, 798, 16, 173, 162, 10000000, 10000000, 0
427, 601, 485, 601, 16309394, 3, 9, 173, 16, 240, 674, 798, 96, 162, 173, 273, 332, 0
1, 721, 1, 772, 16314797, 1, 5, 28, 163, 240, 674, 798, 28, 89, 134, 10000000, 10000000, 0
1, 721, -1, 840, 16314798, 2, 5, 89, 163, 240, 674, 798, 28, 89, 134, 10000000, 10000000, 0
1, 772, 12, 798, 16315446, 2, 6, 392, 28, 240, 674, 798, 396, 392, 10000000, 10000000, 10000000, 0
1, 772, 12, 798, 16315446, 1, 6, 396, 28, 240, 674, 798, 396, 392, 10000000, 10000000, 10000000, 0
12, 798, 43, 798, 16316096, 4, 7, 308, 396, 240, 674, 798, 77, 208, 233, 308, 184, 0
12, 798, 81, 798, 16316096, 3, 7, 233, 396, 240, 674, 798, 77, 208, 233, 308, 184, 0
12, 798, 82, 801, 16316096, 5, 7, 184, 396, 240, 674, 798, 77, 208, 233, 308, 184, 0
12, 798, 177, 798, 16316096, 1, 7, 77, 396, 240, 674, 798, 77, 208, 233, 308, 184, 0
177, 798, 201, 843, 16316745, 5, 8, 324, 77, 240, 674, 798, 304, 215, 95, 136, 324, 0
177, 798, 233, 801, 16316745, 3, 8, 95, 77, 240, 674, 798, 304, 215, 95, 136, 324, 0
177, 798, 269, 801, 16316745, 2, 8, 215, 77, 240, 674, 798, 304, 215, 95, 136, 324, 0
177, 798, 320, 798, 16316745, 4, 8, 136, 77, 240, 674, 798, 304, 215, 95, 136, 324, 0
177, 798, 352, 801, 16316746, 1, 8, 304, 77, 240, 674, 798, 304, 215, 95, 136, 324, 0
352, 801, 451, 801, 16317395, 5, 9, 33, 304, 240, 674, 798, 317, 82, 181, 141, 33, 0
485, 601, 536, 598, 16318044, 5, 10, 162, 173, 240, 674, 798, 273, 332, 96, 128, 162, 0
485, 601, 565, 598, 16318044, 3, 10, 96, 173, 240, 674, 798, 273, 332, 96, 128, 162, 0
485, 601, 681, 598, 16318044, 1, 10, 273, 173, 240, 674, 798, 273, 332, 96, 128, 162, 0
681, 598, 688, 601, 16318693, 2, 11, 143, 273, 240, 674, 798, 186, 143, 4, 10000000, 10000000, 0
201, 843, 201, 777, 16333394, 4, 9, 67, 324, 240, 674, 798, 271, 136, 3, 67, 10000000, 0
451, 801, 556, 801, 16334044, 5, 10, 317, 33, 240, 674, 798, 387, 358, 384, 82, 317, 0
451, 801, 566, 798, 16334044, 4, 10, 82, 33, 240, 674, 798, 387, 358, 384, 82, 317, 0
451, 801, 580, 801, 16334044, 2, 10, 358, 33, 240, 674, 798, 387, 358, 384, 82, 317, 0
451, 801, 587, 801, 16334044, 3, 10, 384, 33, 240, 674, 798, 387, 358, 384, 82, 317, 0
451, 801, 587, 801, 16334044, 1, 10, 387, 33, 240, 674, 798, 387, 358, 384, 82, 317, 0
536, 598, 565, 598, 16334693, 4, 11, 96, 162, 240, 674, 798, 19, 273, 90, 96, 128, 0
536, 598, 598, 622, 16334693, 1, 11, 19, 162, 240, 674, 798, 19, 273, 90, 96, 128, 0
536, 598, 630, 601, 16334693, 3, 11, 90, 162, 240, 674, 798, 19, 273, 90, 96, 128, 0
587, 801, 598, 787, 16334693, 4, 11, 393, 387, 240, 674, 798, 240, 337, 194, 393, 4, 0
587, 801, 601, 770, 16334693, 5, 11, 4, 387, 240, 674, 798, 240, 337, 194, 393, 4, 0
587, 801, 645, 798, 16334694, 2, 11, 337, 387, 240, 674, 798, 240, 337, 194, 393, 4, 0
587, 801, 678, 798, 16334694, 240, 11, 240, 387, 240, 674, 798, 240, 337, 194, 393, 4, 0
291, -1, 367, -1, 17300200, 4, 1, 7, 266, 112, 601, 952, 320, 373, 61, 7, 200, 0
291, -1, 423, 1, 17300200, 3, 1, 61, 266, 112, 601, 952, 320, 373, 61, 7, 200, 0
423, 1, 506, 1, 17308849, 5, 2, 298, 61, 112, 601, 952, 46, 5, 338, 156, 298, 0
423, 1, 545, -1, 17308849, 4, 2, 156, 61, 112, 601, 952, 46, 5, 338, 156, 298, 0
423, 1, 545, 1, 17308849, 3, 2, 338, 61, 112, 601, 952, 46, 5, 338, 156, 298, 0
423, 1, 580, -1, 17308849, 2, 2, 5, 61, 112, 601, 952, 46, 5, 338, 156, 298, 0
580, -1, 598, 19, 17313499, 2, 3, 12, 5, 112, 601, 952, 183, 12, 46, 338, 207, 0
580, -1, 545, 1, 17313499, 4, 3, 338, 5, 112, 601, 952, 183, 12, 46, 338, 207, 0
580, -1, 623, 1, 17313499, 3, 3, 46, 5, 112, 601, 952, 183, 12, 46, 338, 207, 0
580, -1, 598, 53, 17313499, 1, 3, 183, 5, 112, 601, 952, 183, 12, 46, 338, 207, 0
580, -1, 665, 1, 17313499, 5, 3, 207, 5, 112, 601, 952, 183, 12, 46, 338, 207, 0
598, 53, 598, 97, 17314148, 4, 4, 285, 183, 112, 601, 952, 91, 155, 291, 285, 47, 0
598, 53, 601, 101, 17314148, 3, 4, 291, 183, 112, 601, 952, 91, 155, 291, 285, 47, 0
598, 53, 601, 143, 17314148, 2, 4, 155, 183, 112, 601, 952, 91, 155, 291, 285, 47, 0
598, 53, 601, 174, 17314148, 1, 4, 91, 183, 112, 601, 952, 91, 155, 291, 285, 47, 0
601, 174, 588, 198, 17314797, 5, 5, 88, 91, 112, 601, 952, 290, 206, 114, 47, 88, 0
601, 174, 598, 223, 17314797, 4, 5, 47, 91, 112, 601, 952, 290, 206, 114, 47, 88, 0
601, 174, 598, 265, 17314797, 2, 5, 206, 91, 112, 601, 952, 290, 206, 114, 47, 88, 0
598, 265, 598, 300, 17319446, 5, 6, 290, 206, 112, 601, 952, 130, 347, 286, 114, 290, 0
598, 265, 601, 334, 17319447, 4, 6, 114, 206, 112, 601, 952, 130, 347, 286, 114, 290, 0
598, 265, 601, 458, 17319447, 2, 6, 347, 206, 112, 601, 952, 130, 347, 286, 114, 290, 0
623, 1, 774, 1, 17322148, 1, 4, 357, 112, 112, 601, 952, 357, 357, 357, 357, 357, 1
774, 1, 787, 1, 17322458, 1, 5, 382, 112, 112, 601, 952, 382, 382, 382, 382, 382, 1
787, 1, 798, 103, 17322794, 1, 6, 232, 112, 112, 601, 952, 232, 232, 232, 232, 232, 1
798, 103, 801, 258, 17323183, 2, 6, 319, 232, 112, 601, 952, 250, 319, 187, 40, 126, 0
798, 103, 801, 299, 17323183, 1, 6, 250, 232, 112, 601, 952, 250, 319, 187, 40, 126, 0
801, 299, 801, 347, 17323832, 3, 7, 126, 250, 112, 601, 952, 87, 58, 126, 10000000, 10000000, 0
801, 299, 801, 396, 17323832, 2, 7, 58, 250, 112, 601, 952, 87, 58, 126, 10000000, 10000000, 0
801, 299, 798, 429, 17323833, 1, 7, 87, 250, 112, 601, 952, 87, 58, 126, 10000000, 10000000, 0
601, 458, 601, 503, 17324096, 5, 7, 286, 347, 112, 601, 952, 21, 179, 332, 243, 286, 0
601, 458, 598, 512, 17324096, 4, 7, 243, 347, 112, 601, 952, 21, 179, 332, 243, 286, 0
601, 458, 601, 537, 17324096, 2, 7, 179, 347, 112, 601, 952, 21, 179, 332, 243, 286, 0
601, 458, 598, 539, 17324096, 3, 7, 332, 347, 112, 601, 952, 21, 179, 332, 243, 286, 0
798, 429, 798, 475, 17324482, 5, 8, 146, 87, 112, 601, 952, 334, 111, 371, 280, 146, 0
798, 429, 798, 499, 17324482, 4, 8, 280, 87, 112, 601, 952, 334, 111, 371, 280, 146, 0
798, 429, 801, 555, 17324482, 2, 8, 111, 87, 112, 601, 952, 334, 111, 371, 280, 146, 0
798, 429, 801, 628, 17324482, 3, 8, 371, 87, 112, 601, 952, 334, 111, 371, 280, 146, 0
601, 537, 601, 581, 17328745, 4, 8, 21, 179, 112, 601, 952, 236, 204, 19, 21, 273, 0
601, 537, 598, 611, 17328746, 3, 8, 19, 179, 112, 601, 952, 236, 204, 19, 21, 273, 0
601, 537, 598, 672, 17328746, 2, 8, 204, 179, 112, 601, 952, 236, 204, 19, 21, 273, 0
801, 555, 798, 635, 17329131, 4, 9, 37, 111, 112, 601, 952, 297, 171, 334, 37, 131, 0
801, 555, 801, 662, 17329131, 3, 9, 334, 111, 112, 601, 952, 297, 171, 334, 37, 131, 0
801, 555, 798, 675, 17329131, 2, 9, 171, 111, 112, 601, 952, 297, 171, 334, 37, 131, 0
801, 555, 798, 701, 17329131, 1, 9, 297, 111, 112, 601, 952, 297, 171, 334, 37, 131, 0
798, 701, 801, 724, 17329781, 5, 10, 131, 297, 112, 601, 952, 74, 248, 94, 133, 131, 0
798, 701, 801, 776, 17329781, 3, 10, 94, 297, 112, 601, 952, 74, 248, 94, 133, 131, 0
798, 701, 798, 827, 17329781, 1, 10, 74, 297, 112, 601, 952, 74, 248, 94, 133, 131, 0
798, 827, 801, 897, 17330430, 3, 11, 248, 74, 112, 601, 952, 133, 69, 248, 10000000, 10000000, 0
798, 827, 801, 931, 17330430, 1, 11, 133, 74, 112, 601, 952, 133, 69, 248, 10000000, 10000000, 0
798, 827, 801, 979, 17330430, 2, 11, 69, 74, 112, 601, 952, 133, 69, 248, 10000000, 10000000, 0
801, 931, 801, 979, 17331079, 1, 12, 69, 112, 112, 601, 952, 69, 69, 69, 69, 69, 1
598, 672, 601, 747, 17333395, 5, 9, 186, 204, 112, 601, 952, 109, 393, 4, 360, 186, 0
598, 672, 598, 771, 17333395, 4, 9, 360, 204, 112, 601, 952, 109, 393, 4, 360, 186, 0
598, 672, 601, 781, 17333395, 3, 9, 4, 204, 112, 601, 952, 109, 393, 4, 360, 186, 0
598, 672, 598, 787, 17333395, 2, 9, 393, 204, 112, 601, 952, 109, 393, 4, 360, 186, 0
598, 787, 587, 801, 17338044, 5, 10, 387, 393, 112, 601, 952, 112, 42, 219, 109, 387, 0
598, 787, 598, 832, 17338044, 4, 10, 109, 393, 112, 601, 952, 112, 42, 219, 109, 387, 0
598, 787, 598, 875, 17338044, 3, 10, 219, 393, 112, 601, 952, 112, 42, 219, 109, 387, 0
598, 787, 601, 957, 17338045, 112, 10, 112, 393, 112, 601, 952, 112, 42, 219, 109, 387, 0
389, 198, 398, 281, 18300200, 5, 1, 224, 27, 128, 724, 598, 351, 118, 302, 312, 224, 0
389, 198, 398, 316, 18300200, 3, 1, 302, 27, 128, 724, 598, 351, 118, 302, 312, 224, 0
389, 198, 529, 201, 18300200, 4, 1, 312, 27, 128, 724, 598, 351, 118, 302, 312, 224, 0
389, 198, 401, 350, 18300200, 2, 1, 118, 27, 128, 724, 598, 351, 118, 302, 312, 224, 0
389, 198, 398, 353, 18300200, 1, 1, 351, 27, 128, 724, 598, 351, 118, 302, 312, 224, 0
398, 353, 401, 412, 18300849, 5, 2, 388, 351, 128, 724, 598, 217, 104, 300, 395, 388, 0
398, 353, 401, 412, 18300849, 4, 2, 395, 351, 128, 724, 598, 217, 104, 300, 395, 388, 0
398, 353, 401, 496, 18300849, 3, 2, 300, 351, 128, 724, 598, 217, 104, 300, 395, 388, 0
401, 496, 401, 528, 18309499, 5, 3, 217, 300, 128, 724, 598, 24, 16, 104, 108, 217, 0
401, 496, 401, 561, 18309499, 3, 3, 104, 300, 128, 724, 598, 24, 16, 104, 108, 217, 0
401, 496, 398, 621, 18309499, 4, 3, 108, 300, 128, 724, 598, 24, 16, 104, 108, 217, 0
529, 201, 592, 198, 18312849, 2, 2, 88, 312, 128, 724, 598, 86, 88, 47, 287, 213, 0
529, 201, 598, 212, 18312849, 3, 2, 47, 312, 128, 724, 598, 86, 88, 47, 287, 213, 0
529, 201, 611, 201, 18312849, 1, 2, 86, 312, 128, 724, 598, 86, 88, 47, 287, 213, 0
611, 201, 688, 201, 18313498, 2, 3, 272, 86, 128, 724, 598, 345, 272, 287, 137, 350, 0
611, 201, 711, 198, 18313499, 3, 3, 287, 86, 128, 724, 598, 345, 272, 287, 137, 350, 0
611, 201, 724, 201, 18313499, 1, 3, 345, 86, 128, 724, 598, 345, 272, 287, 137, 350, 0
611, 201, 743, 198, 18313499, 4, 3, 137, 86, 128, 724, 598, 345, 272, 287, 137, 350, 0
611, 201, 763, 201, 18313499, 5, 3, 350, 86, 128, 724, 598, 345, 272, 287, 137, 350, 0
401, 561, 410, 601, 18318148, 1, 4, 16, 104, 128, 724, 598, 16, 10000000, 10000000, 10000000, 10000000, 0
410, 601, 462, 601, 18318797, 3, 5, 173, 16, 128, 724, 598, 96, 162, 173, 332, 273, 0
462, 601, 565, 598, 18327446, 5, 6, 162, 173, 128, 724, 598, 21, 19, 273, 96, 162, 0
462, 601, 598, 605, 18327446, 2, 6, 19, 173, 128, 724, 598, 21, 19, 273, 96, 162, 0
462, 601, 601, 589, 18327446, 1, 6, 21, 173, 128, 724, 598, 21, 19, 273, 96, 162, 0
2, 2, 8, -1, 19300200, 4, 1, 394, 38, 358, 569, 801, 11, 160, 8, 394, 153, 0
2, 2, 161, -1, 19300200, 5, 1, 153, 38, 358, 569, 801, 11, 160, 8, 394, 153, 0
2, 2, 182, -1, 19300200, 3, 1, 8, 38, 358, 569, 801, 11, 160, 8, 394, 153, 0
182, -1, 198, 32, 19308849, 5, 2, 199, 8, 358, 569, 801, 323, 170, 266, 330, 199, 0
182, -1, 201, 79, 19308849, 1, 2, 323, 8, 358, 569, 801, 323, 170, 266, 330, 199, 0
182, -1, 281, -1, 19308849, 4, 2, 330, 8, 358, 569, 801, 323, 170, 266, 330, 199, 0
182, -1, 317, -1, 19308850, 3, 2, 266, 8, 358, 569, 801, 323, 170, 266, 330, 199, 0
201, 79, 201, 157, 19309499, 4, 3, 123, 323, 358, 569, 801, 193, 56, 98, 123, 13, 0
201, 79, 201, 178, 19309499, 3, 3, 98, 323, 358, 569, 801, 193, 56, 98, 123, 13, 0
201, 79, 199, 203, 19309499, 5, 3, 13, 323, 358, 569, 801, 193, 56, 98, 123, 13, 0
201, 79, 198, 228, 19309499, 1, 3, 193, 323, 358, 569, 801, 193, 56, 98, 123, 13, 0
198, 228, 198, 355, 19310148, 5, 4, 366, 193, 358, 569, 801, 363, 399, 386, 132, 366, 0
198, 228, 201, 369, 19310148, 4, 4, 132, 193, 358, 569, 801, 363, 399, 386, 132, 366, 0
198, 228, 198, 387, 19310148, 2, 4, 399, 193, 358, 569, 801, 363, 399, 386, 132, 366, 0
198, 387, 201, 445, 19314798, 5, 5, 363, 399, 358, 569, 801, 299, 205, 311, 168, 363, 0
198, 387, 271, 401, 19314798, 4, 5, 168, 399, 358, 569, 801, 299, 205, 311, 168, 363, 0
198, 387, 201, 477, 19314798, 3, 5, 311, 399, 358, 569, 801, 299, 205, 311, 168, 363, 0
317, -1, 364, -1, 19317499, 5, 3, 170, 266, 358, 569, 801, 61, 7, 100, 373, 170, 0
317, -1, 392, -1, 19317499, 2, 3, 7, 266, 358, 569, 801, 61, 7, 100, 373, 170, 0
317, -1, 398, 8, 19317499, 3, 3, 100, 266, 358, 569, 801, 61, 7, 100, 373, 170, 0
317, -1, 405, 2, 19317499, 1, 3, 61, 266, 358, 569, 801, 61, 7, 100, 373, 170, 0
405, 2, 398, 65, 19318148, 5, 4, 260, 61, 358, 569, 801, 378, 254, 325, 320, 260, 0
405, 2, 401, 81, 19318148, 4, 4, 320, 61, 358, 569, 801, 378, 254, 325, 320, 260, 0
405, 2, 398, 104, 19318148, 3, 4, 325, 61, 358, 569, 801, 378, 254, 325, 320, 260, 0
405, 2, 401, 131, 19318148, 2, 4, 254, 61, 358, 569, 801, 378, 254, 325, 320, 260, 0
401, 131, 401, 170, 19322797, 5, 5, 158, 254, 358, 569, 801, 116, 302, 27, 48, 158, 0
401, 131, 401, 192, 19322797, 4, 5, 48, 254, 358, 569, 801, 116, 302, 27, 48, 158, 0
401, 131, 391, 198, 19322798, 3, 5, 27, 254, 358, 569, 801, 116, 302, 27, 48, 158, 0
401, 131, 398, 222, 19322798, 1, 5, 116, 254, 358, 569, 801, 116, 302, 27, 48, 158, 0
398, 222, 398, 302, 19323447, 4, 6, 302, 116, 358, 569, 801, 41, 118, 349, 302, 351, 0
201, 477, 201, 525, 19323447, 4, 6, 299, 311, 358, 569, 801, 20, 10, 205, 299, 65, 0
398, 222, 398, 341, 19323447, 5, 6, 351, 116, 358, 569, 801, 41, 118, 349, 302, 351, 0
201, 477, 201, 568, 19323447, 3, 6, 205, 311, 358, 569, 801, 20, 10, 205, 299, 65, 0
398, 222, 401, 363, 19323447, 2, 6, 118, 116, 358, 569, 801, 41, 118, 349, 302, 351, 0
201, 477, 198, 581, 19323447, 2, 6, 10, 311, 358, 569, 801, 20, 10, 205, 299, 65, 0
201, 477, 201, 608, 19323447, 5, 6, 65, 311, 358, 569, 801, 20, 10, 205, 299, 65, 0
271, 401, 391, 398, 19327447, 3, 6, 45, 168, 358, 569, 801, 395, 388, 45, 53, 372, 0
271, 401, 401, 412, 19327447, 1, 6, 395, 168, 358, 569, 801, 395, 388, 45, 53, 372, 0
271, 401, 410, 401, 19327447, 4, 6, 53, 168, 358, 569, 801, 395, 388, 45, 53, 372, 0
401, 412, 401, 433, 19328096, 5, 7, 381, 395, 358, 569, 801, 104, 217, 300, 349, 381, 0
401, 412, 401, 466, 19328096, 4, 7, 349, 395, 358, 569, 801, 104, 217, 300, 349, 381, 0
198, 581, 198, 682, 19328096, 5, 7, 295, 10, 358, 569, 801, 210, 107, 276, 182, 295, 0
198, 581, 201, 711, 19328096, 3, 7, 276, 10, 358, 569, 801, 210, 107, 276, 182, 295, 0
201, 711, 201, 765, 19336746, 5, 8, 210, 276, 358, 569, 801, 77, 59, 67, 95, 210, 0
201, 711, 200, 793, 19336746, 3, 8, 67, 276, 358, 569, 801, 77, 59, 67, 95, 210, 0
201, 711, 192, 798, 19336746, 1, 8, 77, 276, 358, 569, 801, 77, 59, 67, 95, 210, 0
201, 711, 209, 801, 19336746, 4, 8, 95, 276, 358, 569, 801, 77, 59, 67, 95, 210, 0
201, 711, 198, 806, 19336746, 2, 8, 59, 276, 358, 569, 801, 77, 59, 67, 95, 210, 0
192, 798, 228, 801, 19337395, 5, 9, 215, 77, 358, 569, 801, 136, 271, 304, 227, 215, 0
192, 798, 278, 801, 19337395, 4, 9, 227, 77, 358, 569, 801, 136, 271, 304, 227, 215, 0
410, 401, 401, 466, 19340096, 3, 7, 349, 53, 358, 569, 801, 217, 300, 349, 81, 166, 0
410, 401, 401, 512, 19340096, 2, 7, 300, 53, 358, 569, 801, 217, 300, 349, 81, 166, 0
410, 401, 550, 398, 19340097, 5, 7, 166, 53, 358, 569, 801, 217, 300, 349, 81, 166, 0
410, 401, 612, 401, 19340097, 4, 7, 81, 53, 358, 569, 801, 217, 300, 349, 81, 166, 0
401, 466, 401, 512, 19340745, 3, 8, 300, 349, 358, 569, 801, 104, 217, 300, 16, 10000000, 0
401, 466, 401, 542, 19340746, 2, 8, 217, 349, 358, 569, 801, 104, 217, 300, 16, 10000000, 0
401, 466, 401, 572, 19340746, 1, 8, 104, 349, 358, 569, 801, 104, 217, 300, 16, 10000000, 0
401, 466, 407, 601, 19340746, 4, 8, 16, 349, 358, 569, 801, 104, 217, 300, 16, 10000000, 0
401, 572, 407, 601, 19341395, 3, 9, 16, 104, 358, 569, 801, 107, 108, 16, 154, 10000000, 0
401, 572, 387, 598, 19341395, 1, 9, 107, 104, 358, 569, 801, 107, 108, 16, 154, 10000000, 0
401, 572, 398, 608, 19341395, 2, 9, 108, 104, 358, 569, 801, 107, 108, 16, 154, 10000000, 0
401, 572, 401, 749, 19341395, 4, 9, 154, 104, 358, 569, 801, 107, 108, 16, 154, 10000000, 0
387, 598, 398, 608, 19342044, 5, 10, 108, 107, 358, 569, 801, 154, 96, 173, 162, 108, 0
387, 598, 451, 601, 19342044, 3, 10, 173, 107, 358, 569, 801, 154, 96, 173, 162, 108, 0
387, 598, 401, 749, 19342044, 1, 10, 154, 107, 358, 569, 801, 154, 96, 173, 162, 108, 0
387, 598, 575, 598, 19342044, 4, 10, 162, 107, 358, 569, 801, 154, 96, 173, 162, 108, 0
401, 749, 401, 800, 19342693, 1, 11, 79, 154, 358, 569, 801, 79, 52, 10000000, 10000000, 10000000, 0
401, 749, 398, 812, 19342693, 2, 11, 52, 154, 358, 569, 801, 79, 52, 10000000, 10000000, 10000000, 0
401, 800, 417, 801, 19343342, 5, 12, 33, 79, 358, 569, 801, 181, 384, 257, 141, 33, 0
401, 800, 437, 801, 19343343, 4, 12, 141, 79, 358, 569, 801, 181, 384, 257, 141, 33, 0
401, 800, 467, 801, 19343343, 3, 12, 257, 79, 358, 569, 801, 181, 384, 257, 141, 33, 0
278, 801, 355, 801, 19350044, 4, 10, 352, 227, 358, 569, 801, 33, 79, 3, 352, 136, 0
278, 801, 357, 798, 19350044, 5, 10, 136, 227, 358, 569, 801, 33, 79, 3, 352, 136, 0
278, 801, 389, 798, 19350044, 3, 10, 3, 227, 358, 569, 801, 33, 79, 3, 352, 136, 0
278, 801, 401, 800, 19350044, 2, 10, 79, 227, 358, 569, 801, 33, 79, 3, 352, 136, 0
278, 801, 417, 801, 19350045, 1, 10, 33, 227, 358, 569, 801, 33, 79, 3, 352, 136, 0
