source_id,source_x,source_y,time,hop,pri_1_id,pri_2_id,pri_3_id,pri_4_id,pri_5_id,pri_1_r,pri_2_r,pri_3_r,pri_4_r,pri_5_r,des_id,inter_1id ,inter_2id ,inter_3id ,inter_4id ,inter_5id ,send_log
142, 847, 598, 10299999, 1, 90, 84, 137, 273, 228, 1, 0.884593, 1, 1, 1, 164, 0, 0, 0, 1, 0, 1
273, 787, 601, 10300200, 2, 87, 90, 140, 137, 122, 0.969284, 0.968233, 1, 1, 0.5398, 164, 0, 0, 0, 0, 0, 0
228, 781, 601, 10300200, 2, 122, 250, 90, 87, 84, 0.920302, 0.864409, 1, 0.861586, 0.794574, 164, 0, 0, 0, 0, 0, 0
137, 754, 601, 10300200, 2, 90, 250, 122, 84, 87, 1, 0.648307, 0.64776, 0.647243, 0.646189, 164, 0, 0, 0, 0, 0, 0
90, 713, 601, 10300200, 2, 122, 250, 84, 167, 10000000, 0.796301, 0.70013, 0.755117, 0.361954, 0, 164, 0, 0, 0, 0, 1, 1
84, 685, 598, 10300635, 3, 167, 287, 220, 16, 124, 1, 0.756712, 0.753866, 0.860436, 0.538999, 164, 0, 1, 1, 0, 1, 0
122, 642, 598, 10300635, 3, 16, 167, 220, 287, 96, 0.967991, 1, 0.969257, 1, 0.758949, 164, 0, 0, 1, 1, 0, 1
250, 620, 598, 10300635, 3, 156, 96, 16, 85, 124, 1, 1, 0.967991, 0.86053, 0.970199, 164, 0, 0, 0, 0, 0, 0
287, 598, 587, 10301070, 4, 85, 21, 16, 124, 167, 1, 0.845619, 1, 1, 1, 164, 0, 0, 0, 0, 0, 0
167, 550, 601, 10301070, 4, 16, 85, 96, 156, 124, 0.967945, 0.645367, 0.647201, 0.538313, 0.754563, 164, 0, 0, 0, 0, 0, 1
16, 510, 601, 10305506, 5, 156, 96, 85, 10000000, 10000000, 0.944145, 0.646892, 0.43004, 0, 0, 164, 0, 0, 0, 1, 1, 1
96, 484, 598, 10305506, 5, 20, 156, 148, 10000000, 10000000, 0.968611, 1, 0.647612, 0, 0, 164, 0, 0, 1, 1, 1, 0
156, 447, 598, 10305506, 5, 20, 107, 256, 10000000, 10000000, 1, 0.539357, 0.159675, 0, 0, 164, 0, 0, 1, 1, 1, 0
96, 484, 598, 10305941, 6, 20, 156, 148, 10000000, 10000000, 0.96856, 1, 0.647582, 0, 0, 164, 0, 0, 1, 1, 1, 0
156, 447, 598, 10305941, 6, 20, 107, 256, 10000000, 10000000, 1, 0.539331, 0.159664, 0, 0, 164, 0, 0, 1, 1, 1, 1
20, 315, 601, 10306376, 7, 107, 10000000, 10000000, 10000000, 10000000, 0.823841, 0, 0, 0, 0, 164, 0, 1, 1, 1, 1, 1
107, 271, 598, 10306376, 7, 10000000, 10000000, 10000000, 10000000, 10000000, 0, 0, 0, 0, 0, 164, 1, 1, 1, 1, 1, 0
107, 271, 598, 10306811, 8, 10000000, 10000000, 10000000, 10000000, 10000000, 0, 0, 0, 0, 0, 164, 1, 1, 1, 1, 1, 0
94, 801, 692, 11299999, 1, 87, 140, 228, 273, 137, 0.968257, 1, 1, 1, 0.862164, 247, 0, 0, 0, 1, 0, 0
273, 787, 601, 11300200, 2, 90, 87, 140, 137, 122, 1, 0.968236, 1, 1, 0.645635, 247, 0, 0, 0, 0, 0, 1
140, 798, 541, 11300200, 2, 167, 87, 260, 90, 211, 0.120835, 1, 0.537738, 0.646631, 0.377974, 247, 1, 0, 1, 0, 1, 0
87, 798, 505, 11300200, 2, 211, 260, 40, 90, 118, 0.612301, 0.604267, 0.483165, 0.431088, 0.15973, 247, 1, 1, 0, 0, 1, 1
260, 787, 401, 11300635, 3, 81, 190, 35, 114, 118, 1, 0.137745, 0.845338, 0.760285, 1, 247, 0, 1, 0, 0, 0, 1
40, 798, 310, 11300636, 3, 75, 190, 209, 274, 227, 1, 1, 1, 0.970548, 0.689484, 247, 0, 0, 0, 1, 0, 1
118, 746, 401, 11305071, 4, 35, 81, 114, 40, 53, 1, 1, 0.723651, 0.64778, 0.242227, 247, 0, 0, 0, 0, 0, 0
35, 695, 398, 11305071, 4, 53, 138, 114, 187, 47, 0.97138, 1, 1, 0.647335, 0.430172, 247, 0, 0, 0, 1, 0, 1
114, 655, 398, 11305071, 4, 53, 160, 138, 187, 47, 1, 0.874624, 1, 0.755224, 0.645258, 247, 0, 0, 0, 0, 0, 0
227, 801, 226, 11309071, 4, 86, 194, 249, 75, 102, 1, 1, 1, 1, 0.722773, 247, 0, 0, 0, 0, 0, 0
274, 801, 212, 11309071, 4, 131, 102, 86, 194, 249, 1, 1, 1, 1, 1, 247, 0, 0, 0, 0, 0, 0
209, 798, 175, 11309071, 4, 86, 194, 298, 75, 249, 0.862155, 0.97091, 1, 1, 1, 247, 0, 0, 1, 0, 0, 0
190, 798, 143, 11309071, 4, 298, 202, 293, 269, 188, 0.758429, 0.603298, 0.566567, 0.322478, 0.107602, 247, 1, 1, 1, 1, 1, 1
137, 743, 601, 11312635, 3, 122, 90, 84, 250, 87, 0.960026, 1, 0.958233, 0.752446, 0.644628, 247, 0, 0, 0, 0, 0, 1
140, 798, 541, 11312635, 3, 167, 87, 260, 90, 211, 0.120654, 1, 0.537019, 0.645766, 0.377088, 247, 1, 0, 1, 0, 1, 1
122, 653, 598, 11312635, 3, 16, 167, 220, 287, 96, 0.969408, 1, 0.966661, 1, 0.795868, 247, 0, 0, 1, 1, 0, 0
114, 655, 398, 11313506, 5, 53, 138, 160, 187, 47, 1, 1, 0.871409, 0.754537, 0.644673, 247, 0, 0, 0, 0, 0, 0
269, 787, 1, 11313507, 5, 298, 293, 46, 188, 105, 1, 1, 1, 1, 0.796914, 247, 1, 1, 0, 0, 0, 0
293, 787, 1, 11313507, 5, 46, 188, 105, 202, 298, 1, 1, 0.723616, 1, 1, 247, 0, 0, 0, 0, 1, 0
298, 787, 1, 11313507, 5, 181, 105, 46, 188, 202, 1, 0.969468, 1, 1, 1, 247, 0, 0, 0, 0, 0, 1
202, 773, 1, 11313942, 6, 105, 46, 188, 253, 181, 1, 1, 1, 0.483152, 0.361427, 247, 0, 0, 0, 0, 0, 0
188, 742, 1, 11313942, 6, 105, 46, 181, 10000000, 10000000, 1, 1, 0.361427, 0, 0, 247, 0, 0, 0, 1, 1, 0
46, 702, 1, 11313942, 6, 253, 105, 181, 61, 10000000, 0.696502, 1, 0.539031, 0.27363, 0, 247, 0, 0, 0, 0, 1, 0
105, 687, -1, 11313942, 6, 61, 181, 253, 149, 5, 1, 1, 1, 0.645431, 0.483057, 247, 0, 0, 0, 1, 0, 1
253, 573, 1, 11318378, 7, 61, 150, 181, 5, 143, 1, 0.823952, 1, 0.603498, 0.273967, 247, 0, 0, 0, 0, 0, 0
181, 551, 1, 11318378, 7, 62, 61, 150, 5, 143, 0.780968, 1, 0.846058, 0.537503, 0.322587, 247, 0, 0, 0, 0, 0, 1
5, 502, -1, 11318378, 7, 62, 143, 275, 231, 150, 1, 1, 0.969488, 0.861403, 1, 247, 0, 0, 1, 1, 0, 0
87, 798, 504, 11321070, 4, 211, 260, 40, 90, 118, 0.608414, 0.602747, 0.48195, 0.43012, 0.159199, 247, 1, 1, 0, 0, 1, 1
260, 787, 401, 11321070, 4, 81, 190, 35, 114, 118, 1, 0.137358, 0.843257, 0.757344, 1, 247, 0, 1, 0, 0, 0, 0
138, 543, 401, 11321941, 6, 162, 53, 24, 160, 47, 0.764262, 1, 0.860862, 0.643765, 0.536741, 247, 0, 0, 0, 0, 0, 0
53, 504, 401, 11321941, 6, 160, 24, 162, 18, 10000000, 0.964688, 0.753254, 0.301196, 0.274094, 0, 247, 0, 0, 0, 0, 1, 1
160, 456, 398, 11321942, 6, 255, 18, 162, 45, 256, 0.968429, 1, 1, 0.908673, 0.969251, 247, 1, 0, 0, 0, 1, 0
24, 499, 398, 11322376, 7, 18, 162, 256, 255, 160, 1, 1, 0.969205, 0.968383, 1, 247, 0, 0, 1, 1, 0, 0
160, 456, 398, 11322377, 7, 255, 18, 162, 45, 256, 0.968383, 1, 1, 0.908553, 0.969205, 247, 1, 0, 0, 0, 1, 1
162, 344, 401, 11322812, 8, 239, 172, 18, 45, 111, 0.480652, 1, 1, 0.858683, 0.644586, 247, 1, 0, 0, 0, 0, 0
18, 298, 401, 11322812, 8, 251, 83, 172, 45, 151, 0.95542, 1, 0.961323, 1, 0.684735, 247, 0, 0, 0, 0, 0, 1
61, 502, 1, 11322813, 8, 143, 150, 62, 5, 10000000, 0.644866, 0.753796, 0.411198, 0.644696, 0, 247, 0, 0, 0, 0, 1, 1
5, 502, -1, 11322813, 8, 62, 143, 275, 231, 150, 1, 1, 0.969025, 0.860992, 1, 247, 0, 0, 1, 1, 0, 0
150, 460, -1, 11322813, 8, 62, 143, 275, 231, 152, 1, 1, 1, 0.968616, 0.753342, 247, 0, 0, 1, 1, 0, 0
90, 699, 601, 11325070, 4, 250, 122, 167, 84, 10000000, 0.753326, 0.821478, 0.429497, 0.858753, 0, 247, 0, 0, 0, 0, 1, 0
84, 698, 598, 11325070, 4, 167, 16, 250, 122, 287, 1, 0.860544, 1, 1, 0.753303, 247, 0, 0, 0, 0, 1, 0
122, 654, 598, 11325070, 4, 16, 167, 220, 287, 96, 0.968112, 1, 0.965372, 1, 0.794296, 247, 0, 0, 1, 1, 0, 1
250, 627, 598, 11325070, 4, 156, 96, 16, 124, 85, 1, 1, 1, 0.965903, 0.860753, 247, 0, 0, 0, 0, 0, 0
260, 787, 401, 11325505, 5, 81, 190, 35, 114, 118, 1, 0.137274, 0.842807, 0.756708, 1, 247, 0, 1, 0, 0, 0, 0
167, 538, 601, 11325506, 5, 16, 96, 85, 156, 10000000, 1, 0.843676, 0.645534, 0.645764, 0, 247, 0, 0, 0, 0, 1, 0
96, 497, 598, 11325506, 5, 20, 156, 148, 79, 10000000, 0.862139, 1, 0.646491, 0.429025, 0, 247, 0, 0, 1, 0, 1, 0
45, 296, 398, 11327247, 9, 254, 265, 259, 206, 251, 0.861599, 0.858443, 0.96827, 0.751581, 1, 247, 1, 1, 1, 1, 0, 0
172, 260, 398, 11327247, 9, 259, 206, 174, 251, 239, 1, 0.966318, 0.752262, 1, 1, 247, 1, 1, 0, 0, 0, 0
251, 226, 398, 11327247, 9, 174, 13, 206, 259, 239, 0.967194, 0.722697, 1, 1, 1, 247, 0, 0, 0, 1, 0, 1
5, 502, -1, 11327248, 9, 62, 143, 275, 231, 150, 1, 1, 0.968563, 0.860581, 1, 247, 0, 0, 1, 1, 0, 0
150, 460, -1, 11327248, 9, 62, 143, 275, 231, 152, 1, 1, 1, 0.968154, 0.752982, 247, 0, 0, 1, 1, 0, 0
143, 341, 1, 11327248, 9, 164, 285, 62, 7, 243, 0.945192, 0.819028, 1, 0.84484, 0.548568, 247, 0, 1, 0, 0, 1, 1
62, 305, 1, 11327248, 9, 243, 285, 164, 247, 7, 1, 0.842508, 0.859683, 0.538517, 0.861501, 247, 0, 1, 0, 0, 0, 0
259, 198, 387, 11327682, 10, 13, 174, 126, 206, 267, 1, 1, 0.602371, 1, 0.548834, 247, 0, 0, 0, 0, 1, 0
239, 172, 401, 11327683, 10, 174, 13, 206, 259, 251, 0.967148, 0.722659, 1, 1, 1, 247, 0, 0, 0, 1, 0, 0
62, 305, 1, 11327683, 10, 243, 285, 164, 247, 7, 1, 0.842464, 0.859643, 0.538491, 0.861461, 247, 0, 1, 0, 0, 0, 0
7, 293, -1, 11327683, 10, 247, 278, 285, 144, 243, 1, 1, 1, 1, 1, 247, 0, 1, 1, 0, 0, 0
164, 261, -1, 11327684, 10, 247, 278, 212, 285, 144, 1, 1, 0.968387, 1, 1, 247, 0, 1, 1, 1, 0, 1
285, 212, -1, 11328119, 11, 247, 278, 212, 10000000, 10000000, 1, 1, 1, 0, 0, 247, 0, 1, 0, 1, 1, 0
278, 201, 12, 11328119, 11, 247, 10000000, 10000000, 10000000, 10000000, 1, 0, 0, 0, 0, 247, 0, 1, 1, 1, 1, 0
144, 144, 1, 11328119, 11, 247, 278, 212, 285, 10000000, 1, 1, 1, 1, 0, 247, 0, 1, 0, 1, 1, 0
118, 746, 401, 11329941, 6, 35, 81, 114, 40, 53, 1, 1, 0.721487, 0.646045, 0.2415, 247, 0, 0, 0, 0, 0, 0
81, 705, 401, 11329941, 6, 114, 138, 35, 53, 10000000, 1, 0.538466, 0.962693, 0.31713, 0, 247, 0, 0, 0, 0, 1, 0
96, 497, 598, 11329941, 6, 20, 156, 148, 79, 10000000, 0.861727, 1, 0.646182, 0.428821, 0, 247, 0, 0, 1, 0, 1, 0
16, 495, 601, 11329941, 6, 156, 96, 85, 10000000, 10000000, 0.949332, 0.95691, 0.430151, 0, 0, 247, 0, 0, 0, 1, 1, 0
156, 460, 598, 11329941, 6, 20, 107, 256, 10000000, 10000000, 1, 0.537626, 0.137227, 0, 0, 247, 0, 0, 1, 1, 1, 0
114, 656, 398, 11329941, 6, 53, 138, 160, 187, 47, 1, 1, 0.865214, 0.753203, 0.643537, 247, 0, 0, 0, 0, 0, 0
35, 695, 398, 11330376, 7, 53, 138, 114, 187, 47, 0.968734, 1, 1, 0.645572, 0.429005, 247, 0, 0, 0, 1, 0, 0
96, 497, 598, 11330376, 7, 20, 156, 148, 79, 10000000, 0.861686, 1, 0.646152, 0.428801, 0, 247, 0, 0, 1, 0, 1, 0
156, 460, 598, 11330376, 7, 20, 107, 256, 10000000, 10000000, 1, 0.537601, 0.137219, 0, 0, 247, 0, 0, 1, 1, 1, 0
114, 656, 398, 11330376, 7, 53, 138, 160, 187, 47, 1, 1, 0.865051, 0.753168, 0.643507, 247, 0, 0, 0, 0, 0, 0
138, 543, 401, 11330376, 7, 162, 53, 24, 160, 47, 0.759367, 1, 0.860082, 0.643183, 0.536256, 247, 0, 0, 0, 0, 0, 0
138, 543, 401, 11330811, 8, 162, 53, 24, 160, 47, 0.759116, 1, 0.860041, 0.643153, 0.536231, 247, 0, 0, 0, 0, 0, 0
20, 302, 601, 11330811, 8, 107, 103, 10000000, 10000000, 10000000, 0.842623, 0.376424, 0, 0, 0, 247, 0, 0, 1, 1, 1, 0
107, 285, 598, 11330811, 8, 103, 34, 10000000, 10000000, 10000000, 1, 0.474309, 0, 0, 0, 247, 0, 0, 1, 1, 1, 0
107, 285, 598, 11331246, 9, 103, 34, 10000000, 10000000, 10000000, 1, 0.474277, 0, 0, 0, 247, 0, 0, 1, 1, 1, 0
53, 504, 401, 11335246, 9, 160, 24, 162, 18, 10000000, 0.963143, 0.752178, 0.299994, 0.273596, 0, 247, 0, 0, 0, 0, 1, 0
24, 499, 398, 11335246, 9, 18, 162, 256, 255, 160, 1, 1, 0.967864, 0.967044, 1, 247, 0, 0, 1, 1, 0, 0
160, 456, 398, 11335247, 9, 255, 18, 162, 45, 256, 0.967044, 1, 1, 0.905025, 0.967864, 247, 1, 0, 0, 0, 1, 0
24, 499, 398, 11339681, 10, 18, 162, 256, 255, 160, 1, 1, 0.967402, 0.966584, 1, 247, 0, 0, 1, 1, 0, 0
160, 456, 398, 11339682, 10, 255, 18, 162, 45, 256, 0.966584, 1, 1, 0.903816, 0.967402, 247, 1, 0, 0, 0, 1, 0
162, 344, 401, 11339682, 10, 239, 172, 18, 45, 111, 0.47968, 1, 1, 0.85713, 0.643419, 247, 1, 0, 0, 0, 0, 0
162, 344, 401, 11340117, 11, 239, 172, 18, 45, 111, 0.479655, 1, 1, 0.857091, 0.643389, 247, 1, 0, 0, 0, 0, 0
18, 298, 401, 11340117, 11, 251, 83, 172, 45, 151, 0.952794, 1, 0.959043, 1, 0.683116, 247, 0, 0, 0, 0, 0, 0
45, 296, 398, 11340117, 11, 254, 265, 259, 206, 251, 0.860406, 0.857259, 0.966931, 0.750544, 1, 247, 1, 1, 1, 1, 0, 0
206, 198, 371, 11340117, 11, 13, 267, 174, 226, 23, 1, 0.72341, 1, 0.645842, 0.749611, 247, 0, 1, 0, 0, 0, 0
174, 198, 337, 11340118, 11, 267, 23, 13, 126, 240, 0.750369, 1, 1, 0.752891, 0.474278, 247, 1, 0, 0, 0, 1, 0
13, 198, 300, 11340118, 11, 180, 126, 215, 267, 240, 0.854847, 0.968285, 0.749674, 0.750369, 0.546253, 247, 0, 0, 1, 1, 0, 0
126, 201, 258, 11340118, 11, 60, 180, 240, 215, 123, 1, 1, 1, 1, 1, 247, 0, 0, 0, 0, 0, 0
126, 201, 258, 11340553, 12, 60, 180, 240, 215, 123, 1, 1, 1, 1, 1, 247, 0, 0, 0, 0, 0, 0
267, 201, 213, 11340553, 12, 60, 98, 180, 240, 215, 1, 0.948004, 1, 1, 1, 247, 0, 0, 0, 0, 0, 0
180, 198, 140, 11340553, 12, 117, 278, 60, 212, 247, 1, 0.822027, 1, 0.822482, 0.537746, 247, 0, 1, 0, 0, 1, 0
60, 198, 89, 11340988, 13, 278, 212, 117, 247, 98, 1, 1, 0.750574, 0.430177, 1, 247, 1, 0, 0, 1, 0, 0
117, 201, 62, 11340989, 13, 247, 278, 212, 285, 144, 1, 1, 1, 1, 1, 247, 0, 1, 0, 1, 0, 0
212, 201, 24, 11340989, 13, 247, 278, 285, 10000000, 10000000, 1, 1, 1, 0, 0, 247, 0, 1, 1, 1, 1, 0
212, 201, 24, 11341424, 14, 247, 278, 285, 10000000, 10000000, 1, 1, 1, 0, 0, 247, 0, 1, 1, 1, 1, 0
278, 201, 12, 11341424, 14, 247, 10000000, 10000000, 10000000, 10000000, 1, 0, 0, 0, 0, 247, 0, 1, 1, 1, 1, 0
259, 198, 387, 11344118, 11, 13, 174, 126, 206, 267, 1, 1, 0.601181, 1, 0.547599, 247, 0, 0, 0, 0, 1, 0
251, 226, 398, 11344118, 11, 174, 13, 206, 259, 239, 0.965443, 0.721232, 1, 1, 1, 247, 0, 0, 0, 1, 0, 0
45, 296, 398, 11344552, 12, 254, 265, 259, 206, 251, 0.859996, 0.856852, 0.966471, 0.750187, 1, 247, 1, 1, 1, 1, 0, 0
172, 260, 398, 11344552, 12, 259, 206, 174, 251, 239, 1, 0.964526, 0.750865, 1, 1, 247, 1, 1, 0, 0, 0, 0
251, 226, 398, 11344552, 12, 174, 13, 206, 259, 239, 0.965398, 0.721194, 1, 1, 1, 247, 0, 0, 0, 1, 0, 0
83, 108, 401, 11344553, 12, 259, 206, 174, 251, 239, 1, 0.857356, 0.643599, 1, 1, 247, 1, 1, 1, 0, 0, 0
259, 198, 387, 11344987, 13, 13, 174, 126, 206, 267, 1, 1, 0.601118, 1, 0.547534, 247, 0, 0, 0, 0, 1, 0
239, 172, 401, 11344988, 13, 174, 13, 206, 259, 251, 0.965353, 0.721156, 1, 1, 1, 247, 0, 0, 0, 1, 0, 0
239, 172, 401, 11348988, 13, 174, 13, 206, 259, 251, 0.964939, 0.72081, 1, 1, 1, 247, 0, 0, 0, 1, 0, 0
251, 226, 398, 11348988, 13, 174, 13, 206, 259, 239, 0.964939, 0.72081, 1, 1, 1, 247, 0, 0, 0, 1, 0, 0
206, 198, 371, 11357422, 14, 13, 267, 174, 226, 23, 1, 0.721904, 1, 0.644641, 0.748224, 247, 0, 1, 0, 0, 0, 0
174, 198, 337, 11357423, 14, 23, 267, 13, 126, 240, 1, 0.747941, 1, 0.750447, 0.472984, 247, 0, 1, 0, 0, 1, 0
13, 198, 300, 11357423, 14, 180, 126, 215, 267, 240, 0.84857, 0.966486, 0.748288, 0.747941, 0.544965, 247, 0, 0, 1, 1, 0, 0
126, 201, 258, 11357423, 14, 60, 180, 240, 215, 123, 1, 1, 1, 1, 1, 247, 0, 0, 0, 0, 0, 0
126, 201, 258, 11357858, 15, 60, 180, 240, 215, 123, 1, 1, 1, 1, 1, 247, 0, 0, 0, 0, 0, 0
267, 201, 213, 11357858, 15, 60, 98, 180, 240, 215, 1, 0.945419, 1, 1, 1, 247, 0, 0, 0, 0, 0, 0
180, 198, 139, 11357858, 15, 117, 278, 60, 212, 247, 1, 0.820083, 1, 0.820536, 0.536747, 247, 0, 1, 0, 0, 1, 0
60, 198, 88, 11358293, 16, 278, 212, 117, 247, 98, 1, 1, 0.749184, 0.429378, 1, 247, 1, 0, 0, 1, 0, 0
117, 201, 63, 11358294, 16, 247, 278, 212, 285, 144, 1, 1, 1, 1, 1, 247, 0, 1, 0, 1, 0, 0
212, 201, 24, 11358294, 16, 247, 278, 285, 10000000, 10000000, 1, 1, 1, 0, 0, 247, 0, 1, 1, 1, 1, 0
278, 201, 12, 11358294, 16, 247, 10000000, 10000000, 10000000, 10000000, 1, 0, 0, 0, 0, 247, 0, 1, 1, 1, 1, 0
212, 201, 24, 11358729, 17, 247, 278, 285, 10000000, 10000000, 1, 1, 1, 0, 0, 247, 0, 1, 1, 1, 1, 0
278, 201, 12, 11358729, 17, 247, 10000000, 10000000, 10000000, 10000000, 1, 0, 0, 0, 0, 247, 0, 1, 1, 1, 1, 0
215, 174, 201, 11362293, 16, 60, 180, 240, 10000000, 10000000, 0.857695, 0.961984, 1, 0, 0, 247, 0, 0, 0, 1, 1, 0
240, 198, 172, 11362293, 16, 117, 98, 60, 180, 278, 0.953681, 1, 1, 1, 0.427623, 247, 0, 0, 0, 0, 1, 0
180, 198, 139, 11362293, 16, 117, 278, 60, 212, 247, 1, 0.819586, 1, 0.820039, 0.536492, 247, 0, 1, 0, 0, 1, 0
60, 198, 88, 11366728, 17, 278, 212, 117, 247, 98, 1, 1, 0.748508, 0.428989, 1, 247, 1, 0, 0, 1, 0, 0
117, 201, 63, 11366729, 17, 247, 278, 212, 285, 144, 1, 1, 1, 1, 1, 247, 0, 1, 0, 1, 0, 0
212, 201, 25, 11366729, 17, 247, 278, 285, 10000000, 10000000, 1, 1, 1, 0, 0, 247, 0, 1, 1, 1, 1, 0
278, 201, 12, 11366729, 17, 247, 10000000, 10000000, 10000000, 10000000, 1, 0, 0, 0, 0, 247, 0, 1, 1, 1, 1, 0
200, 835, 798, 12299999, 1, 165, 37, 272, 6, 234, 0.860605, 0.753455, 1, 0.726014, 0.137402, 180, 0, 0, 1, 0, 1, 0
272, 814, 798, 12300200, 2, 37, 165, 6, 175, 217, 0.861072, 0.860586, 0.689357, 0.638013, 0.442912, 180, 0, 0, 0, 0, 0, 1
6, 713, 798, 12300200, 2, 294, 296, 263, 213, 135, 1, 0.972269, 0.971159, 0.756384, 0.969273, 180, 1, 1, 1, 1, 0, 0
6, 713, 798, 12308635, 3, 294, 296, 263, 213, 135, 1, 0.971384, 0.970276, 0.755695, 0.968393, 180, 1, 1, 1, 1, 0, 0
175, 675, 798, 12308635, 3, 294, 33, 135, 296, 263, 1, 0.969429, 1, 1, 1, 180, 1, 0, 0, 1, 1, 0
294, 587, 801, 12317070, 4, 185, 33, 135, 213, 19, 1, 1, 1, 1, 0.754678, 180, 0, 0, 0, 0, 0, 1
213, 598, 760, 12317505, 5, 19, 185, 4, 287, 33, 1, 1, 0.842588, 0.603105, 0.753281, 180, 0, 0, 0, 1, 0, 1
135, 524, 801, 12317506, 5, 288, 33, 19, 82, 185, 0.606852, 1, 0.53903, 0.861098, 0.646638, 180, 1, 0, 0, 0, 0, 0
33, 496, 801, 12317506, 5, 204, 258, 288, 196, 185, 1, 0.844528, 0.821996, 0.755923, 0.538865, 180, 0, 1, 1, 0, 1, 1
288, 387, 801, 12321941, 6, 248, 108, 95, 196, 204, 0.361293, 0.8628, 1, 1, 1, 180, 1, 0, 0, 0, 0, 0
258, 383, 801, 12321941, 6, 108, 130, 95, 3, 196, 0.8628, 1, 1, 0.958794, 1, 180, 0, 0, 0, 0, 0, 0
204, 367, 801, 12321941, 6, 108, 95, 196, 3, 248, 0.75495, 1, 1, 0.722027, 0.602155, 180, 0, 0, 0, 0, 0, 1
196, 328, 801, 12322376, 7, 248, 3, 95, 108, 130, 1, 1, 1, 0.539225, 0.796728, 180, 0, 0, 0, 0, 0, 0
3, 303, 798, 12322376, 7, 248, 130, 10, 77, 10000000, 1, 1, 0.215102, 0.411939, 0, 180, 0, 0, 0, 0, 1, 0
95, 290, 801, 12322376, 7, 248, 130, 3, 108, 10000000, 1, 1, 0.967311, 0.43138, 0, 180, 0, 0, 0, 0, 1, 1
248, 237, 798, 12322376, 7, 10, 10000000, 10000000, 10000000, 10000000, 0.752856, 0, 0, 0, 0, 180, 0, 1, 1, 1, 1, 0
3, 304, 798, 12326811, 8, 248, 130, 10, 77, 10000000, 1, 1, 0.214999, 0.411689, 0, 180, 0, 0, 0, 0, 1, 0
130, 272, 798, 12326811, 8, 10, 248, 10000000, 10000000, 10000000, 0.537498, 1, 0, 0, 0, 180, 0, 0, 1, 1, 1, 0
248, 237, 798, 12326811, 8, 10, 10000000, 10000000, 10000000, 10000000, 0.752497, 0, 0, 0, 0, 180, 0, 1, 1, 1, 1, 1
185, 598, 729, 12329941, 6, 220, 19, 287, 4, 10000000, 0.911126, 1, 0.633775, 0.858079, 0, 180, 0, 0, 1, 0, 1, 0
4, 601, 717, 12329941, 6, 85, 124, 220, 287, 167, 1, 0.969616, 1, 1, 0.752247, 180, 0, 0, 0, 1, 0, 0
19, 598, 681, 12329941, 6, 85, 124, 287, 220, 167, 1, 1, 1, 0.823769, 0.241181, 180, 0, 0, 1, 0, 1, 1
287, 598, 584, 12329941, 6, 85, 21, 16, 124, 167, 1, 1, 0.967911, 1, 1, 180, 0, 0, 0, 0, 0, 0
287, 598, 584, 12330376, 7, 85, 21, 16, 124, 167, 1, 1, 0.967866, 1, 1, 180, 0, 0, 0, 0, 0, 1
220, 598, 565, 12330376, 7, 85, 21, 124, 16, 167, 1, 1, 1, 0.752785, 0.85967, 180, 0, 0, 0, 0, 0, 0
124, 598, 527, 12338811, 8, 85, 21, 187, 10000000, 10000000, 1, 1, 0.430962, 0, 0, 180, 0, 0, 0, 1, 1, 0
21, 601, 515, 12338811, 8, 187, 47, 138, 53, 85, 1, 0.859358, 0.752871, 0.645824, 1, 180, 0, 0, 0, 0, 0, 0
85, 598, 490, 12338811, 8, 187, 47, 10000000, 10000000, 10000000, 1, 0.430753, 0, 0, 0, 180, 0, 0, 1, 1, 1, 1
187, 598, 333, 12339247, 9, 266, 47, 53, 138, 12, 0.792406, 1, 0.538161, 0.752836, 0, 180, 1, 0, 0, 0, 0, 1
47, 598, 290, 12339682, 10, 266, 216, 53, 138, 10000000, 0.955161, 0.410551, 0.322882, 0.537715, 0, 180, 1, 1, 0, 1, 1, 1
266, 584, 201, 12344117, 11, 264, 268, 49, 116, 88, 1, 0.903389, 1, 1, 0.964221, 180, 1, 1, 0, 0, 0, 1
116, 526, 201, 12344553, 12, 264, 292, 268, 221, 49, 1, 0.941161, 0.841346, 0.840333, 1, 180, 1, 1, 1, 0, 0, 0
88, 525, 198, 12344553, 12, 71, 178, 218, 264, 292, 0.966748, 1, 1, 0.966973, 1, 180, 0, 0, 0, 1, 1, 0
49, 488, 201, 12344553, 12, 218, 292, 268, 221, 178, 0.962977, 1, 1, 0.960381, 0.632534, 180, 0, 1, 1, 0, 0, 1
221, 433, 198, 12352988, 13, 71, 178, 218, 264, 280, 1, 1, 1, 1, 1, 180, 0, 0, 0, 1, 1, 0
268, 416, 198, 12352988, 13, 71, 178, 218, 264, 132, 1, 1, 1, 1, 1, 180, 0, 0, 0, 1, 0, 0
292, 412, 198, 12352988, 13, 71, 178, 218, 153, 264, 1, 1, 1, 0.696898, 1, 180, 0, 0, 0, 0, 1, 0
218, 366, 201, 12352988, 13, 71, 153, 178, 27, 123, 1, 0.840057, 1, 0.718602, 0.240563, 180, 0, 0, 0, 0, 1, 1
178, 331, 201, 12353423, 14, 215, 153, 71, 27, 10000000, 1, 1, 1, 0.966774, 0, 180, 0, 0, 0, 0, 1, 0
27, 310, 198, 12353423, 14, 215, 123, 153, 267, 240, 0.963273, 1, 1, 0.859535, 0.749817, 180, 0, 0, 0, 1, 1, 0
71, 299, 201, 12353423, 14, 215, 153, 56, 123, 10000000, 1, 1, 1, 0.642931, 0, 180, 0, 0, 0, 0, 1, 1
153, 267, 198, 12353423, 14, 267, 240, 215, 180, 226, 1, 0.856934, 1, 0.644154, 0.750508, 180, 1, 1, 0, 0, 1, 0
153, 267, 198, 12353858, 15, 267, 240, 215, 180, 226, 1, 0.856894, 1, 0.644124, 0.750473, 180, 1, 1, 0, 0, 1, 0
56, 113, 198, 12353859, 15, 215, 123, 267, 153, 226, 1, 0.964351, 0.537184, 0.536158, 0.428842, 180, 0, 0, 1, 0, 1, 0
215, 166, 201, 12358294, 16, 180, 240, 60, 10000000, 10000000, 0.858423, 0.963548, 0.748499, 0, 0, 180, 0, 0, 0, 1, 1, 1
192, 889, 798, 13299999, 1, 272, 200, 6, 225, 165, 1, 1, 0.548735, 0.754706, 0.431161, 243, 0, 0, 0, 1, 0, 0
200, 845, 798, 13300200, 2, 165, 234, 37, 6, 272, 0.754515, 0.120801, 0.646389, 0.755572, 1, 243, 0, 1, 0, 0, 0, 0
272, 818, 798, 13300200, 2, 37, 165, 6, 175, 87, 0.75412, 0.754515, 0.726996, 0.550247, 0.242264, 243, 0, 0, 0, 0, 0, 1
6, 727, 798, 13300635, 3, 234, 271, 294, 135, 217, 1, 1, 1, 0.860191, 1, 243, 0, 0, 1, 0, 0, 1
175, 689, 798, 13300635, 3, 294, 296, 263, 135, 234, 1, 1, 0.968448, 1, 1, 243, 1, 1, 1, 0, 0, 0
217, 640, 798, 13309070, 4, 294, 33, 135, 296, 263, 1, 0.968219, 1, 1, 0.967569, 243, 1, 0, 0, 1, 1, 0
294, 587, 801, 13309071, 4, 258, 185, 213, 33, 135, 1, 0.970742, 1, 1, 1, 243, 0, 0, 0, 0, 0, 0
234, 554, 801, 13309071, 4, 288, 33, 135, 19, 213, 0.646505, 1, 1, 0.647652, 0.862624, 243, 1, 0, 0, 0, 0, 1
135, 511, 801, 13309506, 5, 288, 196, 33, 185, 258, 0.699676, 0.87269, 1, 0.539276, 0.566555, 243, 1, 0, 0, 0, 0, 0
33, 485, 801, 13309506, 5, 288, 130, 204, 258, 196, 0.844258, 1, 1, 0.862008, 0.636583, 243, 1, 0, 0, 0, 0, 1
288, 387, 801, 13313941, 6, 79, 108, 95, 3, 196, 1, 0.753509, 1, 0.951709, 1, 243, 0, 0, 0, 0, 0, 1
258, 378, 801, 13313941, 6, 108, 130, 95, 3, 196, 0.753509, 1, 1, 0.964687, 1, 243, 0, 0, 0, 0, 0, 0
204, 358, 801, 13313941, 6, 108, 130, 95, 196, 3, 0.645865, 1, 1, 1, 0.752531, 243, 0, 0, 0, 0, 0, 0
3, 318, 798, 13314376, 7, 248, 130, 95, 10, 10000000, 1, 1, 1, 0, 0, 243, 0, 0, 0, 0, 1, 0
196, 313, 801, 13314376, 7, 248, 95, 108, 3, 130, 1, 1, 0.430557, 1, 0.825574, 243, 0, 0, 0, 0, 0, 0
79, 401, 720, 13314376, 7, 148, 108, 20, 156, 198, 1, 1, 0.430647, 0.430523, 0.107437, 243, 0, 0, 0, 1, 1, 1
95, 276, 801, 13314377, 7, 248, 130, 108, 3, 10000000, 1, 1, 0.322917, 1, 0, 243, 0, 0, 0, 0, 1, 1
108, 398, 688, 13314812, 8, 148, 10000000, 10000000, 10000000, 10000000, 0.953086, 0, 0, 0, 0, 243, 0, 1, 1, 1, 1, 0
148, 401, 673, 13314812, 8, 198, 20, 156, 255, 96, 0.567538, 0.538284, 0.538128, 0.379202, 0.430104, 243, 0, 0, 0, 1, 0, 1
130, 284, 798, 13322812, 8, 10, 248, 10000000, 10000000, 10000000, 0.430749, 1, 0, 0, 0, 243, 0, 0, 1, 1, 1, 0
248, 248, 798, 13322812, 8, 10, 10000000, 10000000, 10000000, 10000000, 0.646123, 0, 0, 0, 0, 243, 0, 1, 1, 1, 1, 1
3, 318, 798, 13322812, 8, 248, 130, 95, 10, 10000000, 1, 1, 1, 0, 0, 243, 0, 0, 0, 0, 1, 0
225, 801, 861, 14299999, 1, 37, 272, 165, 94, 125, 1, 0.969245, 1, 1, 0.568686, 226, 0, 1, 0, 0, 0, 0
94, 801, 733, 14300200, 2, 273, 238, 228, 140, 37, 0.968724, 1, 0.755749, 0.754655, 0.970604, 226, 1, 0, 0, 0, 0, 0
165, 798, 709, 14300200, 2, 294, 273, 238, 228, 37, 0.108085, 0.56647, 1, 0.241307, 1, 226, 1, 1, 0, 1, 0, 1
37, 798, 672, 14308635, 3, 273, 228, 137, 140, 238, 0.962466, 0.323598, 0.215408, 0.605281, 0.967341, 226, 1, 1, 1, 0, 0, 0
238, 801, 654, 14308635, 3, 140, 228, 137, 273, 87, 1, 1, 0.861632, 1, 0.755621, 226, 0, 0, 0, 0, 0, 1
273, 774, 601, 14317070, 4, 250, 90, 122, 137, 84, 1, 1, 1, 1, 1, 226, 0, 0, 0, 0, 0, 1
140, 798, 507, 14317071, 4, 211, 87, 260, 90, 10000000, 0.240725, 1, 0.723586, 0.323198, 0, 226, 1, 0, 1, 0, 1, 1
87, 798, 465, 14317071, 4, 118, 120, 58, 260, 211, 0.107788, 1, 1, 0.754796, 0.318307, 226, 1, 0, 0, 0, 1, 0
87, 798, 465, 14317506, 5, 118, 120, 58, 260, 211, 0.107783, 1, 1, 0.75476, 0.318285, 226, 1, 0, 0, 0, 1, 1
84, 737, 598, 14329506, 5, 250, 90, 167, 122, 137, 1, 1, 0.754173, 1, 1, 226, 0, 0, 0, 0, 0, 0
137, 711, 601, 14329506, 5, 250, 90, 122, 10000000, 10000000, 1, 1, 1, 0, 0, 226, 0, 0, 0, 1, 1, 0
122, 690, 598, 14329506, 5, 167, 287, 96, 250, 90, 1, 0.858019, 0.752743, 1, 1, 226, 0, 1, 0, 0, 0, 0
90, 659, 601, 14329506, 5, 96, 16, 167, 250, 10000000, 1, 0.86971, 0.646434, 0.841931, 0, 226, 0, 0, 0, 0, 1, 0
250, 656, 598, 14329506, 5, 16, 167, 96, 156, 287, 0.967153, 0.969651, 1, 0.926989, 0.965271, 226, 0, 0, 0, 0, 1, 1
96, 538, 598, 14329941, 6, 16, 156, 167, 20, 148, 1, 1, 1, 0.643687, 0.322128, 226, 0, 0, 0, 0, 1, 0
156, 506, 598, 14329941, 6, 20, 16, 107, 148, 10000000, 0.965531, 1, 0.564262, 0.429504, 0, 226, 0, 0, 0, 0, 1, 0
167, 505, 601, 14329941, 6, 16, 156, 85, 10000000, 10000000, 1, 0.858348, 0.322025, 0, 0, 226, 0, 0, 0, 1, 1, 1
156, 506, 598, 14334376, 7, 20, 16, 107, 148, 10000000, 0.965071, 1, 0.563792, 0.4293, 0, 226, 0, 0, 0, 0, 1, 0
16, 454, 601, 14334376, 7, 20, 10000000, 10000000, 10000000, 10000000, 0.434803, 0, 0, 0, 0, 226, 0, 1, 1, 1, 1, 1
20, 263, 601, 14334812, 8, 34, 10000000, 10000000, 10000000, 10000000, 1, 0, 0, 0, 0, 226, 0, 1, 1, 1, 1, 1
34, 125, 598, 14335248, 9, 10000000, 10000000, 10000000, 10000000, 10000000, 0, 0, 0, 0, 0, 226, 1, 1, 1, 1, 1, 0
238, 801, 666, 15299999, 1, 140, 228, 273, 137, 87, 1, 1, 1, 0.756041, 0.647973, 285, 0, 0, 0, 0, 0, 0
9, 962, 598, 16299999, 1, 273, 70, 183, 228, 233, 1, 1, 0.971754, 0.755831, 0.972138, 240, 0, 0, 0, 0, 0, 0
233, 916, 601, 16300200, 2, 84, 273, 70, 183, 228, 1, 1, 1, 1, 0.363136, 240, 0, 0, 0, 0, 0, 0
183, 871, 601, 16300200, 2, 137, 84, 228, 273, 70, 0.946286, 0.869735, 0.758523, 0.755568, 1, 240, 0, 0, 0, 0, 0, 0
70, 841, 601, 16300200, 2, 250, 122, 228, 84, 137, 1, 1, 1, 1, 0.846343, 240, 0, 0, 0, 0, 0, 1
84, 762, 598, 16304635, 3, 96, 90, 250, 137, 122, 1, 1, 1, 1, 1, 240, 0, 0, 0, 0, 0, 0
228, 719, 601, 16304635, 3, 96, 90, 250, 137, 122, 1, 1, 1, 1, 0.971478, 240, 0, 0, 0, 0, 0, 0
122, 715, 598, 16304635, 3, 167, 156, 96, 90, 250, 0.96994, 1, 0.968728, 1, 1, 240, 0, 0, 0, 0, 0, 0
137, 689, 601, 16304635, 3, 156, 96, 90, 250, 10000000, 1, 1, 1, 1, 0, 240, 0, 0, 0, 0, 1, 0
250, 681, 598, 16304635, 3, 96, 167, 16, 156, 90, 1, 0.862168, 0.752973, 0.794891, 1, 240, 0, 0, 0, 0, 0, 1
90, 632, 601, 16305071, 4, 167, 156, 96, 16, 10000000, 0.960783, 1, 1, 0.467816, 0, 240, 0, 0, 0, 0, 1, 0
96, 564, 598, 16305071, 4, 16, 167, 156, 20, 10000000, 1, 1, 1, 0.430813, 0, 240, 0, 0, 0, 0, 1, 1
156, 536, 598, 16305071, 4, 16, 167, 107, 20, 148, 1, 1, 0.685701, 0.753923, 0.215387, 240, 0, 0, 0, 0, 0, 0
156, 536, 598, 16305506, 5, 16, 167, 107, 20, 148, 1, 1, 0.68566, 0.753888, 0.215377, 240, 0, 0, 0, 0, 0, 0
167, 482, 601, 16305506, 5, 16, 107, 10000000, 10000000, 10000000, 1, 0.782689, 0, 0, 0, 240, 0, 0, 1, 1, 1, 0
16, 427, 601, 16305506, 5, 107, 20, 10000000, 10000000, 10000000, 1, 0.468272, 0, 0, 0, 240, 0, 0, 1, 1, 1, 1
107, 353, 598, 16305942, 6, 20, 34, 10000000, 10000000, 10000000, 1, 0.379869, 0, 0, 0, 240, 0, 0, 1, 1, 1, 1
20, 238, 601, 16306377, 7, 34, 10000000, 10000000, 10000000, 10000000, 1, 0, 0, 0, 0, 240, 0, 1, 1, 1, 1, 1
34, 148, 598, 16306812, 8, 10000000, 10000000, 10000000, 10000000, 10000000, 0, 0, 0, 0, 0, 240, 1, 1, 1, 1, 1, 0
165, 798, 676, 17299999, 1, 37, 140, 273, 10000000, 10000000, 1, 0.318375, 0.361631, 0, 0, 144, 0, 0, 1, 1, 1, 0
37, 798, 637, 17300200, 2, 84, 140, 273, 10000000, 10000000, 1, 0.645943, 0.648185, 0, 0, 144, 0, 0, 1, 1, 1, 1
84, 774, 598, 17300635, 3, 96, 90, 137, 250, 228, 1, 1, 1, 1, 1, 144, 0, 0, 0, 0, 0, 1
228, 705, 601, 17301070, 4, 96, 90, 137, 250, 87, 1, 0.97264, 1, 1, 0.216089, 144, 0, 0, 0, 0, 0, 0
250, 694, 598, 17301070, 4, 96, 90, 167, 156, 287, 1, 1, 0.752867, 0.68619, 0.647281, 144, 0, 0, 0, 0, 1, 0
137, 677, 601, 17301070, 4, 156, 96, 90, 10000000, 10000000, 1, 1, 1, 0, 0, 144, 0, 0, 0, 1, 1, 0
90, 620, 601, 17301070, 4, 167, 156, 96, 19, 16, 0.965983, 1, 1, 1, 0.379422, 144, 0, 0, 0, 1, 0, 1
19, 598, 611, 17305505, 5, 124, 167, 220, 287, 85, 0.96487, 1, 1, 1, 0.760618, 144, 0, 0, 0, 0, 0, 0
96, 576, 598, 17305505, 5, 16, 167, 156, 20, 10000000, 0.96823, 1, 1, 0.323155, 0, 144, 0, 0, 0, 0, 1, 0
156, 551, 598, 17305506, 5, 16, 167, 107, 20, 10000000, 1, 1, 0.723568, 0.646309, 0, 144, 0, 0, 0, 0, 1, 0
167, 471, 601, 17305506, 5, 107, 16, 10000000, 10000000, 10000000, 0.878099, 1, 0, 0, 0, 144, 0, 0, 1, 1, 1, 1
16, 416, 601, 17305941, 6, 107, 20, 10000000, 10000000, 10000000, 1, 0.379402, 0, 0, 0, 144, 0, 0, 1, 1, 1, 0
107, 367, 598, 17305941, 6, 20, 103, 34, 10000000, 10000000, 1, 0.43137, 0.319235, 0, 0, 144, 0, 0, 0, 1, 1, 1
20, 226, 601, 17306377, 7, 34, 128, 236, 10000000, 10000000, 1, 0.876475, 0.441806, 0, 0, 144, 0, 0, 0, 1, 1, 1
34, 160, 598, 17306812, 8, 236, 128, 103, 245, 10000000, 1, 1, 1, 0.21503, 0, 144, 0, 0, 0, 1, 1, 1
128, 137, 598, 17306812, 8, 236, 245, 10000000, 10000000, 10000000, 1, 0.322544, 0, 0, 0, 144, 0, 1, 1, 1, 1, 0
236, 97, 598, 17306812, 8, 245, 168, 182, 50, 10000000, 0.430059, 0.107818, 0.322772, 0.215145, 0, 144, 0, 0, 0, 0, 1, 0
128, 137, 598, 17307247, 9, 236, 245, 10000000, 10000000, 10000000, 1, 0.322529, 0, 0, 0, 144, 0, 1, 1, 1, 1, 0
236, 97, 598, 17307247, 9, 245, 168, 182, 50, 10000000, 0.430039, 0.107813, 0.322757, 0.215135, 0, 144, 0, 0, 0, 0, 1, 1
103, 16, 601, 17307247, 9, 236, 128, 10000000, 10000000, 10000000, 1, 1, 0, 0, 0, 144, 0, 0, 1, 1, 1, 0
272, 865, 798, 18299999, 1, 175, 6, 51, 177, 217, 0.967175, 1, 1, 1, 0.363302, 215, 0, 1, 0, 0, 0, 0
177, 853, 801, 18300200, 2, 175, 217, 6, 51, 10000000, 1, 0.883776, 1, 1, 0, 215, 0, 0, 1, 0, 1, 0
51, 829, 801, 18300200, 2, 217, 175, 6, 74, 10000000, 0.883776, 1, 1, 1, 0, 215, 0, 0, 1, 0, 1, 0
6, 787, 798, 18300200, 2, 271, 294, 217, 175, 82, 0.86113, 0.861875, 1, 1, 0.361773, 215, 0, 0, 0, 0, 0, 0
175, 759, 798, 18300200, 2, 294, 271, 217, 82, 296, 0.969609, 0.86113, 1, 0.754054, 0.647646, 215, 0, 0, 0, 0, 1, 1
217, 703, 798, 18300200, 2, 271, 294, 234, 82, 296, 1, 1, 0.862534, 0.964728, 0.755587, 215, 0, 0, 0, 0, 1, 0
217, 703, 798, 18300635, 3, 271, 294, 234, 82, 296, 1, 1, 0.862493, 0.964677, 0.755552, 215, 0, 0, 0, 0, 1, 1
294, 566, 801, 18309070, 4, 3, 33, 135, 234, 271, 0, 1, 1, 1, 1, 215, 0, 0, 0, 0, 0, 1
271, 532, 801, 18313506, 5, 258, 33, 3, 135, 234, 1, 1, 0.883017, 1, 1, 215, 0, 0, 0, 0, 0, 0
234, 483, 801, 18313506, 5, 248, 3, 288, 33, 135, 1, 1, 0.965274, 1, 1, 215, 0, 0, 0, 0, 0, 0
135, 450, 801, 18313506, 5, 258, 130, 3, 288, 33, 1, 0.913068, 1, 0.753361, 1, 215, 0, 0, 0, 0, 0, 0
3, 383, 798, 18313506, 5, 67, 95, 196, 204, 248, 1, 1, 1, 1, 1, 215, 1, 1, 0, 0, 0, 1
248, 320, 798, 18313941, 6, 77, 95, 196, 204, 189, 1, 1, 1, 1, 0.410212, 215, 1, 1, 0, 0, 0, 0
204, 292, 801, 18313941, 6, 67, 77, 95, 196, 10000000, 1, 1, 1, 1, 0, 215, 1, 1, 1, 0, 1, 0
196, 241, 801, 18313942, 6, 95, 77, 67, 210, 189, 1, 0.937401, 1, 0.781482, 0.434501, 215, 1, 1, 1, 0, 0, 0
67, 201, 792, 18313942, 6, 10, 191, 210, 189, 10000000, 0.968325, 1, 1, 1, 0, 215, 1, 0, 0, 0, 1, 1
191, 201, 756, 18314377, 7, 10, 65, 186, 10000000, 10000000, 0.860693, 0.751583, 0.466633, 0, 0, 215, 1, 1, 0, 1, 1, 1
189, 140, 798, 18314377, 7, 210, 262, 28, 219, 10000000, 1, 1, 1, 0.214845, 0, 215, 0, 0, 1, 1, 1, 0
210, 113, 798, 18314377, 7, 219, 195, 262, 10000000, 10000000, 0.322267, 0.215688, 1, 0, 0, 215, 0, 0, 0, 1, 1, 1
262, 69, 798, 18322812, 8, 2, 219, 195, 210, 10000000, 0.215153, 0.536625, 0.430983, 1, 0, 215, 0, 0, 0, 0, 1, 1
210, 114, 798, 18331247, 9, 219, 195, 262, 10000000, 10000000, 0.321684, 0.215296, 1, 0, 0, 215, 0, 0, 0, 1, 1, 1
262, 70, 798, 18343682, 10, 2, 219, 195, 210, 10000000, 0.214671, 0.535426, 0.430016, 1, 0, 215, 0, 0, 0, 0, 1, 1
210, 114, 798, 18352118, 11, 219, 195, 262, 10000000, 10000000, 0.320966, 0.214813, 1, 0, 0, 215, 0, 0, 0, 1, 1, 1
262, 70, 798, 18364553, 12, 2, 219, 195, 210, 10000000, 0.214191, 0.534232, 0.429054, 1, 0, 215, 0, 0, 0, 0, 1, 1
210, 114, 798, 18372988, 13, 219, 262, 195, 10000000, 10000000, 0.32025, 1, 0.214333, 0, 0, 215, 0, 0, 0, 1, 1, 1
262, 70, 798, 18385423, 14, 2, 219, 195, 210, 10000000, 0.213713, 0.533043, 0.428095, 1, 0, 215, 0, 0, 0, 0, 1, 1
210, 114, 798, 18389858, 15, 219, 262, 195, 10000000, 10000000, 0.319675, 1, 0.213946, 0, 0, 215, 0, 0, 0, 1, 1, 1
262, 70, 798, 18402293, 16, 2, 219, 195, 210, 10000000, 0.213329, 0.532086, 0.427324, 1, 0, 215, 0, 0, 0, 0, 1, 1
210, 115, 798, 18406728, 17, 219, 262, 195, 10000000, 10000000, 0.319101, 1, 0.213561, 0, 0, 215, 0, 0, 0, 1, 1, 1
262, 71, 798, 18419164, 18, 2, 219, 195, 210, 10000000, 0.212945, 0.531133, 0.426555, 1, 0, 215, 0, 0, 0, 0, 1, 1
210, 115, 798, 18423599, 19, 219, 262, 195, 10000000, 10000000, 0.31853, 1, 0.213177, 0, 0, 215, 0, 0, 0, 1, 1, 1
262, 71, 798, 18436034, 20, 2, 219, 195, 210, 10000000, 0.212564, 0.530183, 0.425789, 1, 0, 215, 0, 0, 0, 0, 1, 1
210, 115, 798, 18440469, 21, 219, 262, 195, 10000000, 10000000, 0.31796, 1, 0.212794, 0, 0, 215, 0, 0, 0, 1, 1, 1
69, 801, 991, 19299999, 1, 74, 225, 127, 230, 134, 0.972131, 1, 1, 1, 1, 60, 0, 0, 0, 0, 0, 0
134, 769, 998, 19300200, 2, 36, 42, 141, 297, 277, 1, 0.863235, 1, 1, 1, 60, 1, 1, 0, 0, 0, 0
127, 801, 954, 19300200, 2, 6, 74, 94, 225, 125, 1, 1, 0.863176, 1, 0.412111, 60, 1, 1, 1, 0, 0, 0
230, 733, 998, 19300200, 2, 42, 36, 141, 297, 277, 1, 1, 1, 1, 1, 60, 1, 1, 0, 0, 0, 1
225, 801, 921, 19300200, 2, 125, 6, 74, 94, 238, 1, 1, 1, 1, 0.757277, 60, 0, 1, 1, 0, 0, 1
74, 798, 800, 19304635, 3, 238, 217, 125, 165, 175, 1, 1, 1, 0.647147, 1, 60, 0, 0, 0, 0, 0, 0
6, 791, 798, 19304635, 3, 84, 165, 238, 217, 294, 1, 1, 1, 1, 0.752442, 60, 1, 0, 0, 0, 0, 0
94, 802, 793, 19304635, 3, 6, 37, 165, 238, 217, 1, 1, 1, 1, 1, 60, 1, 0, 0, 0, 0, 0
125, 801, 759, 19304635, 3, 37, 165, 238, 273, 228, 1, 1, 1, 0.538704, 0.322471, 60, 0, 0, 0, 0, 0, 1
238, 801, 716, 19305070, 4, 84, 37, 165, 228, 273, 1, 1, 1, 0.644912, 0.646414, 60, 1, 0, 0, 0, 0, 0
165, 798, 653, 19305071, 4, 70, 84, 37, 273, 140, 1, 1, 1, 0.323207, 0.241342, 60, 1, 1, 0, 1, 0, 0
37, 798, 614, 19305071, 4, 140, 250, 122, 84, 273, 1, 1, 1, 1, 0.538678, 60, 0, 0, 0, 1, 0, 1
84, 791, 598, 19305506, 5, 156, 90, 58, 96, 137, 1, 1, 1, 0.915819, 1, 60, 0, 1, 0, 1, 0, 0
122, 753, 598, 19305506, 5, 156, 90, 96, 137, 228, 1, 1, 0.965544, 1, 1, 60, 0, 1, 0, 0, 0, 0
250, 719, 598, 19305506, 5, 19, 96, 90, 21, 137, 1, 1, 1, 1, 1, 60, 1, 1, 1, 1, 0, 1
273, 718, 601, 19305506, 5, 19, 87, 90, 21, 96, 1, 0.215864, 1, 1, 0.796268, 60, 1, 0, 1, 1, 0, 0
140, 798, 454, 19305506, 5, 227, 120, 35, 274, 87, 1, 1, 1, 0.782, 1, 60, 0, 0, 1, 0, 1, 1
87, 798, 407, 19305941, 6, 81, 118, 211, 260, 274, 1, 1, 1, 1, 1, 60, 1, 0, 0, 0, 0, 0
35, 788, 398, 19305941, 6, 81, 118, 211, 260, 114, 1, 1, 1, 1, 1, 60, 1, 0, 0, 0, 0, 0
120, 801, 376, 19305942, 6, 40, 102, 295, 270, 274, 1, 1, 0.432091, 0.322541, 1, 60, 0, 1, 1, 1, 0, 0
227, 801, 328, 19305942, 6, 102, 44, 40, 295, 209, 1, 1, 1, 0.648136, 0.754563, 60, 1, 1, 0, 1, 0, 1
40, 798, 212, 19306377, 7, 131, 209, 190, 102, 75, 1, 1, 0.96957, 1, 0.361274, 60, 0, 0, 0, 1, 0, 0
44, 807, 201, 19306377, 7, 249, 131, 190, 194, 102, 1, 1, 1, 0.722705, 1, 60, 0, 0, 0, 0, 1, 0
102, 791, 198, 19306377, 7, 86, 194, 249, 131, 190, 0.96938, 1, 1, 1, 1, 60, 1, 0, 0, 0, 0, 1
131, 754, 198, 19306812, 8, 88, 47, 86, 194, 266, 1, 1, 0.969335, 1, 0.753284, 60, 1, 1, 0, 0, 0, 0
194, 657, 201, 19306813, 8, 221, 112, 216, 268, 47, 1, 1, 0.796173, 0.785639, 1, 60, 0, 0, 0, 0, 1, 1
137, 655, 601, 19309941, 6, 156, 167, 96, 21, 19, 1, 0.788437, 1, 1, 1, 60, 0, 0, 1, 1, 1, 0
90, 608, 601, 19309941, 6, 24, 124, 220, 287, 167, 1, 1, 1, 1, 0.842524, 60, 1, 0, 0, 0, 0, 0
21, 601, 592, 19309941, 6, 24, 96, 85, 124, 220, 1, 1, 1, 1, 1, 60, 1, 1, 1, 0, 0, 0
19, 600, 601, 19309941, 6, 220, 124, 287, 167, 85, 1, 0.863109, 1, 0.879095, 0.688391, 60, 0, 0, 0, 0, 1, 1
96, 592, 598, 19309941, 6, 24, 220, 16, 167, 287, 1, 1, 0.966989, 1, 1, 60, 1, 0, 1, 0, 0, 0
287, 598, 516, 19310377, 7, 24, 85, 124, 220, 167, 1, 1, 1, 1, 0.323129, 60, 1, 1, 0, 0, 0, 0
220, 598, 485, 19310377, 7, 24, 85, 124, 10000000, 10000000, 1, 1, 1, 0, 0, 60, 1, 1, 0, 1, 1, 1
167, 448, 601, 19310377, 7, 107, 16, 108, 10000000, 10000000, 0.93403, 1, 1, 0, 0, 60, 1, 1, 1, 1, 1, 0
124, 598, 436, 19310377, 7, 24, 85, 187, 10000000, 10000000, 1, 1, 0.10762, 0, 0, 60, 1, 1, 0, 1, 1, 0
124, 598, 436, 19310812, 8, 24, 85, 187, 10000000, 10000000, 1, 1, 0.107615, 0, 0, 60, 1, 1, 0, 1, 1, 0
85, 598, 410, 19310812, 8, 88, 53, 160, 24, 187, 1, 1, 1, 1, 0.43046, 60, 1, 1, 0, 1, 0, 0
24, 591, 398, 19310812, 8, 53, 138, 160, 45, 162, 0.966963, 0.968585, 1, 0.323869, 0.322674, 60, 0, 0, 0, 0, 0, 1
160, 548, 398, 19311247, 9, 41, 53, 45, 138, 172, 1, 1, 0.962688, 1, 0.606275, 60, 1, 1, 1, 0, 0, 1
138, 435, 401, 19311248, 9, 251, 45, 172, 41, 53, 1, 1, 0.932249, 1, 1, 60, 0, 1, 0, 1, 1, 0
53, 411, 401, 19311248, 9, 162, 251, 172, 45, 41, 0.957989, 0.907924, 1, 0.955264, 1, 60, 0, 0, 0, 1, 1, 1
47, 598, 206, 19311248, 9, 48, 49, 292, 216, 268, 1, 1, 1, 1, 1, 60, 1, 1, 0, 0, 0, 0
112, 573, 198, 19311248, 9, 264, 153, 49, 116, 292, 0.969563, 1, 1, 1, 1, 60, 0, 0, 1, 0, 0, 0
221, 518, 198, 19311248, 9, 264, 218, 49, 116, 292, 1, 0.860777, 1, 1, 1, 60, 0, 0, 1, 0, 0, 1
268, 485, 198, 19311248, 9, 218, 264, 27, 48, 49, 0.968374, 1, 1, 1, 1, 60, 0, 0, 1, 1, 1, 0
41, 401, 403, 19311683, 10, 111, 23, 201, 256, 162, 1, 0, 1, 1, 1, 60, 0, 1, 0, 0, 0, 0
45, 391, 398, 19311683, 10, 256, 18, 162, 251, 172, 1, 0.968857, 1, 1, 1, 60, 0, 1, 0, 0, 0, 0
172, 373, 398, 19311683, 10, 23, 18, 265, 259, 162, 1, 1, 0.323399, 0.322935, 1, 60, 1, 1, 1, 1, 0, 0
251, 334, 398, 19311683, 10, 18, 23, 162, 110, 259, 1, 1, 1, 0.755727, 0.43058, 60, 1, 1, 0, 0, 1, 0
162, 272, 401, 19311683, 10, 18, 23, 110, 10000000, 10000000, 1, 1, 0.466098, 0, 0, 60, 1, 1, 0, 1, 1, 1
292, 446, 198, 19311683, 10, 218, 264, 178, 153, 48, 1, 1, 0.860528, 0.966772, 1, 60, 0, 0, 0, 0, 1, 0
116, 431, 201, 19311683, 10, 218, 153, 264, 48, 27, 0.957728, 1, 0.822358, 1, 0.953748, 60, 0, 0, 0, 1, 1, 0
18, 208, 401, 19312118, 11, 206, 226, 259, 56, 174, 1, 1, 1, 0.769356, 0.773934, 60, 0, 0, 0, 1, 0, 1
23, 201, 392, 19312118, 11, 174, 206, 13, 267, 226, 1, 1, 0.860737, 1, 1, 60, 0, 0, 1, 0, 0, 0
110, 165, 398, 19312119, 11, 23, 10000000, 10000000, 10000000, 10000000, 1, 0, 0, 0, 0, 60, 1, 1, 1, 1, 1, 0
259, 198, 322, 19312554, 12, 117, 56, 13, 174, 206, 1, 1, 1, 0.968506, 0.966712, 60, 0, 1, 1, 0, 0, 0
226, 201, 317, 19312554, 12, 98, 56, 13, 174, 206, 1, 1, 1, 1, 1, 60, 0, 1, 1, 0, 0, 0
206, 198, 276, 19312554, 12, 240, 212, 117, 56, 13, 1, 1, 1, 1, 1, 60, 0, 0, 0, 1, 1, 1
277, 688, 998, 19312635, 3, 282, 176, 42, 36, 141, 1, 1, 1, 1, 1, 60, 0, 0, 1, 1, 0, 0
297, 648, 998, 19312635, 3, 176, 208, 42, 36, 141, 1, 0.95537, 1, 1, 1, 60, 0, 0, 1, 1, 0, 0
141, 626, 1001, 19312635, 3, 282, 208, 176, 42, 36, 1, 1, 1, 1, 1, 60, 0, 0, 0, 1, 1, 0
42, 598, 990, 19312635, 3, 31, 282, 208, 176, 161, 0, 1, 1, 1, 0.24061, 60, 1, 0, 0, 0, 0, 1
13, 199, 204, 19312989, 13, 278, 180, 212, 240, 117, 1, 0.860634, 1, 0.863277, 1, 60, 0, 0, 0, 0, 0, 0
56, 192, 198, 19312989, 13, 278, 240, 212, 117, 98, 1, 1, 1, 1, 1, 60, 0, 0, 0, 0, 0, 0
117, 201, 157, 19312989, 13, 180, 60, 278, 240, 212, 1, 0.966454, 1, 1, 1, 60, 0, 1, 0, 0, 0, 1
176, 540, 998, 19313070, 4, 199, 31, 282, 106, 208, 1, 1, 1, 0.754098, 1, 60, 0, 1, 0, 1, 0, 0
208, 518, 998, 19313070, 4, 31, 106, 199, 282, 161, 1, 0.969555, 0.753413, 1, 0.647271, 60, 1, 1, 0, 0, 0, 0
282, 483, 998, 19313071, 4, 106, 31, 199, 161, 163, 1, 1, 0.953208, 0.75515, 0.322853, 60, 1, 1, 0, 0, 0, 0
31, 401, 991, 19313071, 4, 52, 163, 288, 79, 258, 1, 1, 0.753712, 0.612363, 0.430214, 60, 0, 0, 1, 0, 1, 1
163, 398, 845, 19313506, 5, 148, 130, 3, 79, 52, 1, 1, 1, 0.95385, 1, 60, 0, 0, 1, 1, 1, 0
52, 398, 810, 19313506, 5, 148, 204, 248, 130, 288, 0.947048, 1, 1, 1, 1, 60, 0, 0, 0, 0, 0, 1
79, 401, 800, 19313506, 5, 108, 148, 204, 248, 258, 1, 1, 1, 1, 1, 60, 0, 0, 0, 0, 0, 0
130, 358, 798, 19313942, 6, 59, 279, 95, 67, 77, 1, 0.322616, 1, 1, 0.960441, 60, 1, 1, 1, 1, 1, 0
288, 356, 801, 19313942, 6, 59, 95, 77, 67, 196, 1, 0.861657, 0.604268, 0.767892, 1, 60, 1, 0, 1, 1, 0, 0
148, 401, 749, 19313942, 6, 107, 108, 104, 198, 10000000, 1, 1, 0.941399, 0.316828, 0, 60, 1, 1, 0, 0, 1, 1
248, 333, 798, 19313942, 6, 59, 95, 77, 67, 196, 1, 1, 1, 1, 1, 60, 1, 1, 1, 1, 0, 0
204, 278, 801, 19313942, 6, 67, 77, 95, 196, 10000000, 1, 1, 1, 1, 0, 60, 1, 1, 1, 0, 1, 1
108, 398, 608, 19314377, 7, 255, 198, 104, 107, 16, 1, 0.927309, 1, 1, 1, 60, 0, 0, 0, 1, 1, 0
107, 387, 598, 19314377, 7, 20, 104, 65, 34, 10, 1, 1, 1, 0.241738, 0, 60, 1, 0, 1, 0, 1, 1
104, 401, 573, 19314812, 8, 45, 255, 41, 198, 256, 1, 1, 0.754521, 1, 0.754735, 60, 1, 0, 1, 0, 0, 1
196, 228, 801, 19318377, 7, 67, 77, 95, 189, 210, 1, 0.948488, 1, 0.604974, 0.437818, 60, 1, 1, 1, 0, 0, 0
95, 209, 801, 19318377, 7, 191, 67, 77, 189, 210, 1, 1, 1, 0.943887, 0.933142, 60, 0, 1, 1, 0, 0, 0
67, 200, 794, 19318377, 7, 10, 191, 10000000, 10000000, 10000000, 1, 1, 0, 0, 0, 60, 1, 0, 1, 1, 1, 1
77, 191, 798, 19318377, 7, 10, 191, 67, 10000000, 10000000, 0.767207, 1, 1, 0, 0, 60, 1, 0, 1, 1, 1, 0
191, 201, 768, 19318812, 8, 10, 65, 186, 10000000, 10000000, 0.841757, 0.845359, 0.378039, 0, 0, 60, 1, 1, 0, 1, 1, 0
198, 401, 542, 19319247, 9, 45, 256, 41, 255, 162, 1, 0.754375, 0.861898, 1, 0.322381, 60, 1, 0, 1, 0, 0, 0
255, 401, 514, 19319247, 9, 256, 41, 201, 162, 45, 1, 0.969635, 0.754482, 0.429841, 0.323575, 60, 0, 1, 0, 0, 1, 0
45, 391, 398, 19319248, 9, 256, 18, 162, 251, 172, 1, 0.968069, 1, 1, 1, 60, 0, 1, 0, 0, 0, 1
256, 398, 301, 19319683, 10, 231, 27, 111, 152, 201, 1, 1, 1, 0.874762, 1, 60, 0, 1, 0, 0, 0, 1
201, 398, 268, 19320118, 11, 275, 231, 152, 27, 48, 1, 1, 1, 1, 1, 60, 0, 0, 0, 1, 1, 0
111, 398, 222, 19320118, 11, 237, 275, 280, 231, 153, 1, 1, 0.960856, 1, 1, 60, 0, 0, 0, 0, 0, 0
27, 391, 198, 19320118, 11, 71, 178, 132, 218, 237, 1, 1, 1, 1, 1, 60, 0, 0, 0, 0, 0, 0
152, 401, 170, 19320119, 11, 100, 132, 237, 275, 280, 1, 0.966938, 1, 1, 1, 60, 1, 0, 0, 0, 0, 0
212, 201, 112, 19321424, 14, 60, 62, 180, 278, 240, 1, 1, 1, 1, 1, 60, 1, 1, 0, 0, 0, 0
240, 198, 98, 19321424, 14, 62, 180, 60, 278, 10000000, 1, 1, 0.858293, 1, 0, 60, 1, 0, 1, 0, 1, 0
278, 201, 79, 19321424, 14, 60, 62, 8, 180, 147, 1, 1, 1, 1, 0.361954, 60, 1, 1, 0, 0, 0, 0
180, 198, 32, 19321425, 14, 60, 62, 8, 10000000, 10000000, 1, 1, 1, 0, 0, 60, 1, 1, 0, 1, 1, 0
62, 196, 1, 19321860, 15, 60, 10000000, 10000000, 10000000, 10000000, 1, 0, 0, 0, 0, 60, 1, 1, 1, 1, 1, 0
8, 180, -1, 19321860, 15, 60, 62, 10000000, 10000000, 10000000, 1, 1, 0, 0, 0, 60, 1, 1, 1, 1, 1, 0
65, 201, 609, 19323248, 9, 265, 254, 18, 186, 20, 1, 1, 0.778759, 1, 1, 60, 0, 0, 1, 0, 1, 0
48, 401, 191, 19324118, 11, 71, 178, 132, 100, 237, 1, 1, 1, 0.970456, 1, 60, 0, 0, 0, 0, 0, 0
27, 391, 198, 19324118, 11, 71, 178, 132, 218, 237, 1, 1, 1, 1, 1, 60, 0, 0, 0, 0, 0, 0
153, 362, 198, 19324119, 11, 56, 71, 178, 218, 267, 1, 1, 1, 1, 0.323283, 60, 1, 0, 0, 0, 1, 0
264, 318, 201, 19324119, 11, 132, 56, 13, 71, 178, 0.322174, 1, 0, 1, 1, 60, 0, 1, 1, 0, 0, 0
218, 277, 201, 19324554, 12, 56, 71, 13, 197, 178, 1, 1, 1, 1, 1, 60, 1, 0, 1, 0, 0, 0
237, 398, 74, 19324554, 12, 61, 100, 7, 132, 10000000, 1, 1, 0, 1, 0, 60, 1, 1, 1, 0, 1, 0
178, 240, 201, 19324554, 12, 56, 71, 13, 197, 10000000, 0.931465, 1, 1, 1, 0, 60, 1, 0, 1, 0, 1, 0
132, 398, 33, 19324554, 12, 164, 7, 100, 10000000, 10000000, 1, 1, 1, 0, 0, 60, 0, 1, 1, 1, 1, 0
71, 219, 201, 19324554, 12, 56, 10000000, 10000000, 10000000, 10000000, 0.965433, 0, 0, 0, 0, 60, 1, 1, 1, 1, 1, 0
56, 192, 198, 19324989, 13, 278, 240, 212, 117, 98, 1, 1, 1, 1, 1, 60, 0, 0, 0, 0, 0, 0
98, 201, 178, 19325424, 14, 60, 180, 278, 240, 212, 1, 1, 1, 1, 1, 60, 1, 0, 0, 0, 0, 0
117, 201, 157, 19325424, 14, 180, 60, 278, 240, 212, 1, 0.965165, 1, 1, 1, 60, 0, 1, 0, 0, 0, 0
212, 201, 112, 19325424, 14, 60, 62, 180, 278, 240, 1, 1, 1, 1, 1, 60, 1, 1, 0, 0, 0, 0
240, 198, 98, 19325424, 14, 62, 180, 60, 278, 10000000, 1, 1, 0.857924, 1, 0, 60, 1, 0, 1, 0, 1, 0
278, 201, 79, 19325424, 14, 60, 62, 8, 180, 147, 1, 1, 1, 1, 0.361779, 60, 1, 1, 0, 0, 0, 0
208, 518, 998, 19325505, 5, 31, 106, 199, 282, 161, 1, 0.968258, 0.752406, 1, 0.646404, 60, 1, 1, 0, 0, 0, 0
282, 483, 998, 19325506, 5, 106, 31, 199, 161, 163, 1, 1, 0.951329, 0.754138, 0.322421, 60, 1, 1, 0, 0, 0, 0
106, 391, 998, 19325506, 5, 15, 31, 161, 199, 30, 0.965321, 1, 1, 1, 0.322993, 60, 1, 1, 0, 0, 0, 0
199, 346, 998, 19325506, 5, 15, 30, 161, 158, 10000000, 1, 0.633867, 1, 0.321904, 0, 60, 1, 0, 0, 0, 1, 0
180, 198, 32, 19325860, 15, 60, 62, 8, 10000000, 10000000, 1, 1, 1, 0, 0, 60, 1, 1, 0, 1, 1, 0
62, 196, 1, 19325860, 15, 60, 10000000, 10000000, 10000000, 10000000, 1, 0, 0, 0, 0, 60, 1, 1, 1, 1, 1, 0
8, 180, -1, 19325860, 15, 60, 62, 10000000, 10000000, 10000000, 1, 1, 0, 0, 0, 60, 1, 1, 1, 1, 1, 0
161, 233, 1001, 19325941, 6, 55, 158, 30, 15, 10000000, 1, 1, 0.945583, 1, 0, 60, 1, 0, 0, 1, 1, 0
15, 207, 1001, 19325941, 6, 191, 279, 223, 173, 55, 1, 1, 1, 1, 1, 60, 0, 0, 0, 0, 1, 0
158, 162, 998, 19325942, 6, 30, 10000000, 10000000, 10000000, 10000000, 1, 0, 0, 0, 0, 60, 0, 1, 1, 1, 1, 0
55, 201, 987, 19326377, 7, 77, 95, 59, 166, 279, 1, 1, 0.967863, 1, 0.966556, 60, 1, 1, 0, 0, 0, 0
173, 201, 968, 19326377, 7, 77, 59, 95, 166, 279, 1, 1, 1, 1, 1, 60, 1, 0, 1, 0, 0, 0
223, 201, 918, 19326377, 7, 67, 77, 59, 95, 166, 1, 1, 1, 1, 1, 60, 1, 1, 0, 1, 0, 0
20, 210, 601, 19327683, 10, 265, 254, 186, 10, 34, 1, 1, 1, 1, 0.948742, 60, 0, 0, 0, 1, 0, 0
186, 201, 568, 19327683, 10, 23, 265, 259, 254, 126, 0.858945, 1, 0.752219, 1, 0.463305, 60, 1, 0, 0, 0, 0, 0
254, 201, 523, 19327683, 10, 259, 23, 18, 206, 126, 1, 1, 1, 0.750668, 0.819037, 60, 0, 1, 1, 0, 0, 0
265, 201, 479, 19327683, 10, 259, 206, 126, 23, 18, 1, 0.857906, 1, 1, 1, 60, 0, 0, 0, 1, 1, 0
18, 208, 401, 19328118, 11, 206, 226, 259, 56, 174, 1, 1, 1, 0.760001, 0.764468, 60, 0, 0, 0, 1, 0, 0
23, 201, 392, 19328118, 11, 174, 206, 13, 267, 226, 1, 1, 0.859258, 1, 1, 60, 0, 0, 1, 0, 0, 0
126, 201, 371, 19328119, 11, 56, 13, 174, 206, 267, 1, 1, 1, 1, 1, 60, 1, 1, 0, 0, 0, 0
259, 198, 322, 19328119, 11, 117, 56, 13, 174, 206, 1, 1, 1, 0.966887, 0.965099, 60, 0, 1, 1, 0, 0, 0
206, 198, 275, 19328119, 11, 240, 212, 117, 56, 13, 1, 1, 1, 1, 1, 60, 0, 0, 0, 1, 1, 0
206, 198, 275, 19328554, 12, 240, 212, 117, 56, 13, 1, 1, 1, 1, 1, 60, 0, 0, 0, 1, 1, 0
174, 198, 228, 19328554, 12, 212, 240, 117, 56, 13, 1, 0.943285, 1, 1, 1, 60, 0, 0, 0, 1, 1, 0
13, 199, 204, 19328554, 12, 278, 180, 212, 240, 117, 1, 0.859196, 1, 0.86183, 1, 60, 0, 0, 0, 0, 0, 0
56, 192, 198, 19328554, 12, 278, 240, 212, 117, 98, 1, 1, 1, 1, 1, 60, 0, 0, 0, 0, 0, 0
117, 201, 157, 19328554, 12, 180, 60, 278, 240, 212, 1, 0.964841, 1, 1, 1, 60, 0, 1, 0, 0, 0, 0
212, 201, 112, 19328989, 13, 60, 62, 180, 278, 240, 1, 1, 1, 1, 1, 60, 1, 1, 0, 0, 0, 0
240, 198, 98, 19328989, 13, 62, 180, 60, 278, 10000000, 1, 1, 0.857597, 1, 0, 60, 1, 0, 1, 0, 1, 0
278, 201, 79, 19328989, 13, 60, 62, 8, 180, 147, 1, 1, 1, 1, 0.361624, 60, 1, 1, 0, 0, 0, 0
180, 198, 32, 19328990, 13, 60, 62, 8, 10000000, 10000000, 1, 1, 1, 0, 0, 60, 1, 1, 0, 1, 1, 0
62, 196, 1, 19329425, 14, 60, 10000000, 10000000, 10000000, 10000000, 1, 0, 0, 0, 0, 60, 1, 1, 1, 1, 1, 0
8, 180, -1, 19329425, 14, 60, 62, 10000000, 10000000, 10000000, 1, 1, 0, 0, 0, 60, 1, 1, 1, 1, 1, 0
100, 398, 8, 19332989, 13, 243, 143, 285, 164, 7, 1, 0.7782, 0.758692, 1, 1, 60, 0, 0, 0, 0, 1, 0
7, 391, -1, 19332989, 13, 143, 285, 60, 62, 243, 1, 1, 0.858824, 0.860671, 1, 60, 0, 0, 1, 0, 0, 0
164, 363, -1, 19332989, 13, 60, 62, 143, 285, 241, 1, 1, 1, 1, 0.866615, 60, 1, 1, 0, 0, 0, 0
285, 283, -1, 19333424, 14, 60, 62, 8, 143, 147, 1, 1, 1, 1, 0.635325, 60, 1, 1, 0, 0, 0, 0
143, 240, 1, 19333425, 14, 60, 62, 8, 147, 10000000, 1, 1, 1, 1, 0, 60, 1, 1, 0, 0, 1, 0
166, 198, 831, 19334812, 8, 191, 67, 77, 189, 95, 0.89988, 1, 1, 1, 1, 60, 0, 1, 1, 0, 1, 0
59, 198, 807, 19334812, 8, 191, 67, 77, 189, 95, 1, 1, 1, 1, 1, 60, 0, 1, 1, 0, 1, 0
95, 209, 801, 19334812, 8, 191, 67, 77, 189, 210, 1, 1, 1, 0.940968, 0.929578, 60, 0, 1, 1, 0, 0, 0
77, 191, 798, 19334812, 8, 10, 191, 67, 10000000, 10000000, 0.757653, 1, 1, 0, 0, 60, 1, 0, 1, 1, 1, 0
67, 200, 794, 19334812, 8, 10, 191, 10000000, 10000000, 10000000, 1, 1, 0, 0, 0, 60, 1, 0, 1, 1, 1, 0
191, 201, 768, 19335247, 9, 10, 65, 186, 10000000, 10000000, 0.840097, 0.843685, 0.376868, 0, 0, 60, 1, 1, 0, 1, 1, 0
65, 201, 610, 19339683, 10, 265, 254, 18, 186, 20, 1, 1, 0.768917, 1, 1, 60, 0, 0, 1, 0, 1, 0
20, 210, 601, 19344118, 11, 265, 254, 186, 10, 34, 1, 1, 1, 1, 0.946282, 60, 0, 0, 0, 1, 0, 0
186, 201, 568, 19344118, 11, 23, 265, 259, 254, 126, 0.857432, 1, 0.750893, 1, 0.461548, 60, 1, 0, 0, 0, 0, 0
254, 201, 524, 19344118, 11, 259, 23, 18, 206, 126, 1, 1, 1, 0.749347, 0.817204, 60, 0, 1, 1, 0, 0, 0
265, 201, 480, 19344118, 11, 259, 206, 126, 23, 18, 1, 0.856396, 1, 1, 1, 60, 0, 0, 0, 1, 1, 0
18, 208, 401, 19344118, 11, 206, 226, 259, 56, 174, 1, 1, 1, 0.75087, 0.75523, 60, 0, 0, 0, 1, 0, 0
259, 198, 322, 19344554, 12, 117, 56, 13, 174, 206, 1, 1, 1, 0.965183, 0.963401, 60, 0, 1, 1, 0, 0, 0
206, 198, 275, 19344554, 12, 240, 212, 117, 56, 13, 1, 1, 1, 1, 1, 60, 0, 0, 0, 1, 1, 0
13, 199, 204, 19344989, 13, 278, 180, 212, 240, 117, 1, 0.857682, 1, 0.860307, 1, 60, 0, 0, 0, 0, 0, 0
56, 192, 198, 19344989, 13, 278, 240, 212, 117, 98, 1, 1, 1, 1, 1, 60, 0, 0, 0, 0, 0, 0
117, 201, 157, 19344989, 13, 180, 60, 278, 240, 212, 1, 0.963144, 1, 1, 1, 60, 0, 1, 0, 0, 0, 0
212, 201, 112, 19344989, 13, 60, 62, 180, 278, 240, 1, 1, 1, 1, 1, 60, 1, 1, 0, 0, 0, 0
240, 198, 98, 19344989, 13, 62, 180, 60, 278, 10000000, 1, 1, 0.856128, 1, 0, 60, 1, 0, 1, 0, 1, 0
278, 201, 79, 19345424, 14, 60, 62, 8, 180, 147, 1, 1, 1, 1, 0.360909, 60, 1, 1, 0, 0, 0, 0
180, 198, 32, 19357860, 15, 60, 62, 8, 10000000, 10000000, 1, 1, 1, 0, 0, 60, 1, 1, 0, 1, 1, 0
62, 195, 1, 19357860, 15, 60, 10000000, 10000000, 10000000, 10000000, 1, 0, 0, 0, 0, 60, 1, 1, 1, 1, 1, 0
8, 181, -1, 19357860, 15, 60, 62, 10000000, 10000000, 10000000, 1, 1, 0, 0, 0, 60, 1, 1, 1, 1, 1, 0
10, 198, 581, 19360553, 12, 265, 254, 186, 18, 10000000, 1, 0.865139, 1, 0, 0, 60, 0, 0, 0, 1, 1, 0
34, 183, 598, 19360553, 12, 10, 10000000, 10000000, 10000000, 10000000, 1, 0, 0, 0, 0, 60, 1, 1, 1, 1, 1, 0
186, 201, 568, 19360553, 12, 23, 265, 259, 254, 126, 0.855924, 1, 0.749571, 1, 0.459804, 60, 1, 0, 0, 0, 0, 0
254, 201, 524, 19360553, 12, 259, 23, 18, 206, 126, 1, 1, 1, 0.748031, 0.815379, 60, 0, 1, 1, 0, 0, 0
117, 201, 158, 19361424, 14, 180, 60, 278, 240, 212, 1, 0.961453, 1, 1, 1, 60, 0, 1, 0, 0, 0, 0
212, 201, 112, 19361424, 14, 60, 62, 180, 278, 240, 1, 1, 1, 1, 1, 60, 1, 1, 0, 0, 0, 0
240, 198, 98, 19361424, 14, 62, 180, 60, 278, 10000000, 1, 1, 0.854625, 1, 0, 60, 1, 0, 1, 0, 1, 0
18, 208, 401, 19364988, 13, 206, 226, 259, 56, 174, 1, 1, 1, 0.739285, 0.743511, 60, 0, 0, 0, 1, 0, 0
23, 201, 392, 19364989, 13, 174, 206, 13, 267, 226, 1, 1, 0.855869, 1, 1, 60, 0, 0, 1, 0, 0, 0
226, 201, 318, 19369424, 14, 98, 56, 13, 174, 206, 1, 1, 1, 1, 1, 60, 0, 1, 1, 0, 0, 0
267, 201, 293, 19369424, 14, 117, 98, 13, 56, 174, 1, 0.96338, 1, 0.960233, 1, 60, 0, 0, 1, 1, 0, 0
206, 198, 275, 19369424, 14, 240, 212, 117, 56, 13, 1, 1, 1, 1, 1, 60, 0, 0, 0, 1, 1, 0
240, 198, 98, 19369859, 15, 62, 180, 60, 278, 10000000, 1, 1, 0.853856, 1, 0, 60, 1, 0, 1, 0, 1, 0
278, 201, 80, 19369859, 15, 60, 62, 8, 180, 147, 1, 1, 1, 1, 0.359851, 60, 1, 1, 0, 0, 0, 0
180, 198, 32, 19369860, 15, 60, 62, 8, 10000000, 10000000, 1, 1, 1, 0, 0, 60, 1, 1, 0, 1, 1, 0
62, 195, 1, 19369860, 15, 60, 10000000, 10000000, 10000000, 10000000, 1, 0, 0, 0, 0, 60, 1, 1, 1, 1, 1, 0
62, 195, 1, 19370295, 16, 60, 10000000, 10000000, 10000000, 10000000, 1, 0, 0, 0, 0, 60, 1, 1, 1, 1, 1, 0
8, 181, -1, 19370295, 16, 60, 62, 10000000, 10000000, 10000000, 1, 1, 0, 0, 0, 60, 1, 1, 1, 1, 1, 0
10, 198, 581, 19376988, 13, 265, 254, 186, 18, 10000000, 1, 0.859032, 1, 0, 0, 60, 0, 0, 0, 1, 1, 0
186, 201, 569, 19377423, 14, 23, 265, 259, 254, 126, 0.854382, 1, 0.748219, 1, 0.458028, 60, 1, 0, 0, 0, 0, 0
254, 201, 524, 19377423, 14, 259, 23, 18, 206, 126, 1, 1, 1, 0.746685, 0.813514, 60, 0, 1, 1, 0, 0, 0
265, 201, 480, 19377423, 14, 259, 206, 126, 23, 18, 1, 0.853354, 1, 1, 1, 60, 0, 0, 0, 1, 1, 0
18, 208, 401, 19377424, 14, 206, 226, 259, 56, 174, 1, 1, 1, 0.73255, 0.736699, 60, 0, 0, 0, 1, 0, 0
18, 208, 401, 19377859, 15, 206, 226, 259, 56, 174, 1, 1, 1, 0.732317, 0.736463, 60, 0, 0, 0, 1, 0, 0
23, 201, 392, 19377859, 15, 174, 206, 13, 267, 226, 1, 1, 0.854692, 1, 1, 60, 0, 0, 1, 0, 0, 0
126, 201, 372, 19377859, 15, 56, 13, 174, 206, 267, 1, 1, 1, 1, 1, 60, 1, 1, 0, 0, 0, 0
206, 198, 275, 19385859, 15, 240, 212, 117, 56, 13, 1, 1, 1, 1, 1, 60, 0, 0, 0, 1, 1, 0
174, 198, 227, 19385859, 15, 212, 240, 117, 56, 13, 1, 0.933196, 1, 1, 1, 60, 0, 0, 0, 1, 1, 0
13, 199, 203, 19385859, 15, 278, 180, 212, 240, 117, 1, 0.85394, 1, 0.856542, 1, 60, 0, 0, 0, 0, 0, 0
56, 192, 198, 19385859, 15, 278, 240, 212, 117, 98, 1, 1, 1, 1, 1, 60, 0, 0, 0, 0, 0, 0
98, 201, 179, 19385859, 15, 60, 180, 278, 240, 212, 1, 1, 1, 1, 1, 60, 1, 0, 0, 0, 0, 0
212, 201, 112, 19386294, 16, 60, 62, 180, 278, 240, 1, 1, 1, 1, 1, 60, 1, 1, 0, 0, 0, 0
240, 198, 97, 19386295, 16, 62, 180, 60, 278, 10000000, 1, 1, 0.85236, 1, 0, 60, 1, 0, 1, 0, 1, 0
278, 201, 80, 19386295, 16, 60, 62, 8, 180, 147, 1, 1, 1, 1, 0.359143, 60, 1, 1, 0, 0, 0, 0
180, 198, 31, 19386295, 16, 60, 62, 8, 10000000, 10000000, 1, 1, 1, 0, 0, 60, 1, 1, 0, 1, 1, 0
62, 195, 1, 19390730, 17, 60, 10000000, 10000000, 10000000, 10000000, 1, 0, 0, 0, 0, 60, 1, 1, 1, 1, 1, 0
8, 181, -1, 19390730, 17, 60, 62, 10000000, 10000000, 10000000, 1, 1, 0, 0, 0, 60, 1, 1, 1, 1, 1, 0
