source_id,source_x,source_y,time,hop,pri_1_id,pri_2_id,pri_3_id,pri_4_id,pri_5_id,pri_1_r,pri_2_r,pri_3_r,pri_4_r,pri_5_r,des_id,inter_1id ,inter_2id ,inter_3id ,inter_4id ,inter_5id 
98, 201, 76, 10299999, 1, 344, 368, 313, 199, 263, 0.914907, 0.760063, 0.647111, 0.84618, 0.755347, 151, 1, 1, 1, 0, 0, 1
199, 198, 153, 10300200, 2, 23, 368, 313, 132, 344, 0.972263, 1, 1, 1, 1, 151, 0, 1, 1, 0, 1, 0
263, 198, 179, 10300200, 2, 13, 193, 23, 368, 313, 1, 0.888245, 0.972263, 1, 1, 151, 0, 0, 0, 1, 1, 0
313, 201, 212, 10300200, 2, 305, 386, 23, 366, 299, 0.687088, 0.646598, 0.972263, 0.323246, 0.362345, 151, 1, 1, 0, 1, 1, 0
368, 201, 212, 10300200, 2, 305, 386, 399, 366, 299, 1, 0.538832, 0.482907, 0.361951, 0.362345, 151, 1, 1, 1, 1, 1, 1
399, 198, 387, 10304401, 3, 45, 188, 65, 205, 274, 0.863204, 0.972431, 1, 1, 1, 151, 0, 0, 0, 0, 0, 1
274, 219, 398, 10312601, 4, 45, 188, 18, 395, 65, 0.970245, 1, 0.644364, 0.478555, 0.859262, 151, 0, 0, 0, 1, 0, 0
188, 248, 398, 10312601, 4, 372, 278, 45, 335, 168, 1, 0.796076, 0.970245, 0.646782, 0.647587, 151, 1, 0, 0, 1, 0, 1
205, 201, 446, 10312601, 4, 210, 65, 188, 222, 45, 0.778343, 1, 0.863618, 0.753377, 0.539025, 151, 0, 0, 0, 0, 0, 0
65, 201, 486, 10312601, 4, 210, 276, 222, 113, 45, 0.756939, 0.695839, 0.634444, 0.723152, 0.43122, 151, 0, 0, 0, 0, 0, 1
45, 283, 398, 10316801, 5, 300, 395, 278, 166, 372, 0.964758, 0.913926, 0.861503, 0.699379, 0.684987, 151, 1, 1, 0, 0, 1, 0
168, 354, 401, 10316801, 5, 24, 166, 104, 217, 279, 1, 1, 0.970205, 1, 1, 151, 0, 0, 0, 0, 0, 0
278, 379, 401, 10316801, 5, 351, 302, 154, 24, 166, 1, 0.970246, 0.159216, 1, 1, 151, 1, 1, 1, 0, 0, 0
335, 387, 401, 10316801, 5, 351, 302, 347, 24, 115, 1, 1, 1, 1, 1, 151, 1, 1, 1, 0, 0, 0
372, 412, 398, 10316801, 5, 144, 53, 24, 166, 104, 0.940953, 0.950985, 0.96232, 1, 1, 151, 0, 0, 0, 0, 0, 1
166, 445, 398, 10317215, 6, 24, 53, 144, 347, 286, 1, 0.751717, 0.539156, 0.317214, 0.231786, 151, 0, 0, 0, 1, 1, 0
104, 401, 467, 10317215, 6, 115, 24, 154, 10000000, 10000000, 0.862696, 0.64558, 0.482837, 0, 0, 151, 0, 0, 0, 1, 1, 1
24, 485, 398, 10317215, 6, 144, 286, 120, 53, 347, 1, 0.724206, 0.548667, 0.751717, 0.431576, 151, 0, 1, 0, 0, 1, 0
144, 554, 401, 10317216, 6, 367, 35, 179, 120, 21, 1, 1, 1, 0.966867, 0.861434, 151, 1, 0, 0, 0, 0, 1
179, 601, 445, 10317539, 7, 332, 21, 186, 35, 85, 0.56924, 1, 0.188218, 0.646164, 0.537525, 151, 1, 0, 1, 0, 0, 1
120, 642, 398, 10317539, 7, 367, 398, 306, 124, 81, 0.755336, 0.685755, 0.684863, 0.758545, 0.752304, 151, 1, 1, 1, 0, 0, 0
35, 683, 398, 10317539, 7, 283, 234, 398, 124, 367, 0.942621, 1, 0.753079, 0.948181, 0.548071, 151, 0, 0, 1, 0, 1, 1
113, 198, 532, 10320801, 5, 295, 67, 210, 276, 107, 0.189492, 0.97078, 1, 0.967202, 0.643793, 151, 1, 0, 0, 0, 0, 0
222, 198, 564, 10320801, 5, 184, 246, 271, 136, 67, 0.120651, 0.137138, 0.188471, 0.187982, 1, 151, 1, 1, 1, 1, 0, 0
276, 201, 618, 10320801, 5, 324, 107, 67, 210, 55, 0.30488, 0.96569, 0.97078, 0.966708, 0.159376, 151, 1, 0, 0, 0, 0, 0
210, 201, 645, 10320801, 5, 55, 107, 67, 10, 295, 0.214948, 0.751092, 0.97078, 0.793959, 0.603585, 151, 1, 0, 0, 0, 0, 1
67, 201, 691, 10321203, 6, 107, 246, 324, 10000000, 10000000, 0.429177, 0.905733, 0.844231, 0, 0, 151, 1, 0, 1, 1, 1, 1
10, 198, 712, 10321203, 6, 324, 271, 136, 3, 246, 0.969822, 0.859797, 0.644468, 0.537161, 1, 151, 1, 1, 1, 0, 0, 0
295, 198, 780, 10321203, 6, 136, 3, 271, 324, 246, 0.966702, 0.859457, 1, 1, 1, 151, 0, 0, 0, 1, 0, 0
124, 757, 401, 10321739, 8, 111, 283, 93, 398, 367, 0.96636, 0.966225, 1, 1, 1, 151, 0, 1, 0, 1, 1, 0
234, 779, 401, 10321739, 8, 111, 93, 76, 139, 280, 1, 1, 0.861505, 1, 0.606098, 151, 0, 0, 0, 0, 1, 0
367, 787, 401, 10321740, 8, 87, 111, 371, 93, 139, 0.955221, 1, 0.758242, 0.969783, 1, 151, 0, 0, 1, 0, 0, 0
398, 787, 401, 10321740, 8, 111, 93, 87, 139, 283, 1, 1, 0.696991, 1, 1, 151, 0, 0, 0, 0, 0, 0
283, 819, 398, 10321740, 8, 111, 245, 127, 93, 139, 0.96636, 0.159251, 0.136978, 1, 1, 151, 0, 1, 1, 0, 0, 1
139, 843, 398, 10322063, 9, 245, 127, 93, 76, 111, 0.610202, 0.322524, 1, 0.793481, 0.751587, 151, 1, 1, 0, 0, 0, 0
93, 882, 398, 10322063, 9, 245, 76, 111, 10000000, 10000000, 0.483172, 0.952177, 0.644218, 0, 0, 151, 1, 0, 0, 1, 1, 1
21, 601, 488, 10325739, 8, 332, 130, 186, 243, 85, 1, 0.842188, 0.547734, 0.538726, 0.685248, 151, 1, 0, 0, 0, 0, 0
85, 598, 515, 10325739, 8, 332, 4, 273, 186, 243, 1, 1, 0.858814, 1, 1, 151, 1, 0, 1, 0, 0, 0
332, 598, 587, 10325739, 8, 84, 128, 4, 186, 273, 0.862134, 1, 1, 1, 0.966166, 151, 0, 0, 0, 0, 1, 1
273, 620, 598, 10326023, 9, 90, 84, 371, 143, 128, 0.942479, 1, 0.701105, 0.685882, 1, 151, 0, 0, 1, 0, 0, 0
128, 642, 598, 10326024, 9, 371, 377, 84, 261, 90, 1, 0.860801, 1, 0.694478, 0.841345, 151, 1, 1, 0, 1, 0, 1
186, 601, 647, 10326024, 9, 309, 360, 393, 84, 19, 0.794582, 0.322843, 0.214492, 0.754344, 1, 151, 1, 1, 1, 0, 0, 0
4, 601, 690, 10326024, 9, 309, 393, 360, 84, 204, 0.953499, 0.722382, 0.645687, 0.538817, 0.860868, 151, 1, 1, 1, 0, 0, 1
324, 201, 812, 10329403, 7, 3, 136, 271, 10000000, 10000000, 1, 1, 1, 0, 0, 151, 0, 0, 0, 1, 1, 0
246, 201, 820, 10329403, 7, 3, 136, 271, 10000000, 10000000, 0.966038, 1, 1, 0, 0, 151, 0, 0, 0, 1, 1, 1
84, 685, 598, 10330224, 10, 9, 318, 251, 148, 261, 1, 1, 0.9629, 0.754956, 0.755752, 151, 0, 1, 0, 0, 1, 0
90, 712, 601, 10330224, 10, 9, 148, 261, 371, 334, 0.967731, 1, 1, 1, 1, 151, 0, 0, 0, 1, 1, 0
377, 787, 601, 10330224, 10, 256, 297, 9, 94, 148, 1, 1, 0.967731, 1, 1, 151, 0, 0, 0, 0, 0, 0
371, 801, 612, 10330224, 10, 9, 94, 148, 248, 131, 0.967731, 1, 1, 0.755926, 1, 151, 0, 0, 0, 1, 0, 1
131, 801, 640, 10330612, 11, 133, 94, 171, 9, 297, 0.188608, 1, 0.698668, 0.645127, 0.535994, 151, 1, 0, 0, 0, 0, 0
148, 841, 598, 10330612, 11, 202, 376, 9, 341, 70, 0.861384, 0.683799, 0.967691, 0.321848, 0.643785, 151, 0, 1, 0, 1, 0, 0
94, 801, 683, 10330612, 11, 171, 37, 9, 297, 248, 0.943116, 0.84294, 0.645127, 0.535994, 0.42886, 151, 0, 0, 0, 0, 0, 1
115, 398, 533, 10333416, 7, 79, 154, 162, 96, 215, 0.965608, 1, 0.752349, 0.538418, 0.187506, 151, 0, 0, 0, 0, 1, 1
154, 401, 638, 10333416, 7, 31, 162, 96, 108, 79, 0.120391, 0.967306, 0.753785, 1, 1, 151, 1, 0, 0, 0, 0, 0
271, 220, 798, 10333603, 8, 215, 3, 95, 352, 136, 0.819869, 0.965603, 0.793952, 0.645715, 1, 151, 0, 0, 0, 1, 0, 0
154, 401, 638, 10333843, 8, 31, 162, 96, 108, 79, 0.120385, 0.967262, 0.75375, 1, 1, 151, 1, 0, 0, 0, 0, 0
79, 401, 680, 10333843, 8, 96, 162, 108, 177, 292, 0.646072, 0.752315, 1, 0.865061, 0.546535, 151, 0, 0, 0, 0, 0, 1
108, 398, 728, 10334179, 9, 82, 181, 292, 10000000, 10000000, 0.752035, 0.751688, 1, 0, 0, 151, 0, 0, 0, 1, 1, 0
204, 598, 751, 10334224, 10, 194, 240, 6, 337, 10000000, 0.859762, 1, 0.646144, 1, 0, 151, 0, 0, 0, 1, 1, 0
309, 598, 787, 10334224, 10, 6, 194, 240, 337, 248, 1, 1, 1, 0.967135, 0.232247, 151, 0, 0, 0, 1, 1, 1
360, 598, 787, 10334224, 10, 6, 194, 240, 337, 248, 1, 1, 1, 0.967135, 0.37777, 151, 0, 0, 0, 1, 1, 0
393, 598, 787, 10334224, 10, 6, 194, 240, 337, 133, 1, 1, 1, 0.967135, 0.158315, 151, 0, 0, 0, 1, 1, 0
76, 922, 401, 10334263, 10, 127, 25, 245, 10000000, 10000000, 0.858938, 0.752158, 1, 0, 0, 151, 0, 0, 0, 1, 1, 0
337, 612, 798, 10334677, 11, 301, 6, 194, 240, 223, 1, 1, 1, 1, 0.158787, 151, 1, 0, 0, 0, 1, 0
240, 618, 798, 10334677, 11, 6, 194, 211, 301, 223, 1, 1, 0.37501, 0.300792, 0.274493, 151, 0, 0, 1, 1, 1, 0
194, 646, 798, 10334677, 11, 6, 223, 301, 248, 211, 1, 0.482007, 0.481457, 0.240244, 0.1202, 151, 0, 1, 1, 1, 1, 0
6, 685, 798, 10334677, 11, 301, 248, 223, 211, 57, 0.872589, 0.857347, 0.482007, 0.435234, 0.315922, 151, 1, 1, 0, 0, 0, 1
37, 798, 719, 10334812, 12, 301, 223, 211, 57, 297, 0.964911, 0.857954, 0.646036, 0.536504, 1, 151, 1, 1, 1, 0, 0, 0
171, 798, 755, 10334813, 12, 301, 211, 223, 57, 10000000, 1, 0.861381, 0.965198, 0.643805, 0, 151, 1, 0, 1, 0, 1, 1
297, 798, 777, 10334813, 12, 211, 57, 223, 301, 10000000, 0.969054, 0.751105, 1, 1, 0, 151, 0, 0, 0, 1, 1, 0
248, 801, 821, 10334813, 12, 211, 57, 223, 301, 297, 0.969054, 0.751105, 1, 1, 1, 151, 0, 0, 0, 1, 0, 0
301, 812, 798, 10334949, 12, 355, 51, 57, 196, 211, 1, 1, 1, 0.842029, 1, 151, 1, 0, 0, 0, 0, 1
223, 822, 798, 10334949, 12, 196, 57, 51, 211, 355, 0.938211, 1, 0.821041, 1, 0.606096, 151, 0, 0, 0, 0, 1, 0
211, 849, 798, 10334949, 12, 196, 57, 51, 355, 226, 0.842029, 1, 0.860118, 0.698566, 0.636174, 151, 0, 0, 0, 1, 1, 0
301, 812, 798, 10335201, 13, 355, 51, 57, 196, 211, 1, 1, 1, 0.842003, 1, 151, 1, 0, 0, 0, 0, 1
211, 849, 798, 10335563, 13, 196, 57, 51, 355, 226, 0.841967, 1, 0.860062, 0.698467, 0.636112, 151, 0, 0, 0, 1, 1, 0
57, 889, 798, 10335563, 13, 196, 329, 355, 252, 307, 1, 0.912914, 0.940886, 0.750949, 0.751218, 151, 0, 1, 1, 0, 1, 0
51, 920, 801, 10335563, 13, 329, 252, 355, 307, 226, 1, 1, 1, 1, 1, 151, 1, 0, 1, 1, 0, 0
196, 956, 801, 10335563, 13, 355, 307, 151, 329, 252, 1, 1, 0.858198, 1, 1, 151, 1, 1, 0, 1, 0, 0
355, 1001, 812, 10335563, 13, 151, 329, 252, 307, 10000000, 1, 1, 1, 1, 0, 151, 0, 1, 0, 1, 1, 1
307, 1001, 812, 10335873, 14, 151, 329, 252, 355, 10000000, 1, 0.967225, 1, 0.966183, 0, 151, 0, 1, 0, 1, 1, 0
329, 987, 801, 10335873, 14, 151, 10000000, 10000000, 10000000, 10000000, 1, 0, 0, 0, 0, 151, 0, 1, 1, 1, 1, 0
252, 980, 801, 10335873, 14, 151, 329, 10000000, 10000000, 10000000, 1, 1, 0, 0, 0, 151, 0, 1, 1, 1, 1, 0
211, 849, 798, 10336184, 14, 196, 57, 51, 355, 226, 0.841904, 1, 0.860004, 0.698366, 0.636049, 151, 0, 0, 0, 1, 1, 0
57, 889, 798, 10336184, 14, 196, 329, 355, 252, 307, 1, 0.912742, 0.940776, 0.750899, 0.751131, 151, 0, 1, 1, 0, 1, 0
51, 920, 801, 10336184, 14, 329, 252, 355, 307, 226, 1, 1, 1, 1, 1, 151, 1, 0, 1, 1, 0, 0
196, 956, 801, 10336184, 14, 355, 307, 151, 329, 252, 1, 1, 0.85814, 1, 1, 151, 1, 1, 0, 1, 0, 0
251, 780, 601, 10338424, 11, 9, 94, 255, 148, 131, 0.966878, 1, 0.77471, 1, 1, 151, 0, 0, 1, 0, 0, 0
318, 787, 601, 10338424, 11, 256, 9, 94, 148, 131, 1, 0.966878, 1, 1, 1, 151, 0, 0, 0, 0, 0, 0
9, 887, 598, 10338812, 12, 376, 256, 255, 202, 70, 1, 0.961077, 0.749616, 0.860624, 1, 151, 1, 0, 1, 0, 0, 0
70, 915, 601, 10338812, 12, 255, 145, 54, 376, 341, 1, 0.858034, 0.752294, 1, 1, 151, 0, 0, 0, 1, 1, 0
202, 955, 601, 10338813, 12, 145, 54, 255, 376, 341, 1, 0.859764, 1, 1, 1, 151, 0, 0, 0, 1, 1, 0
341, 987, 601, 10338813, 12, 54, 145, 39, 151, 255, 1, 1, 0.749969, 0.68377, 1, 151, 0, 0, 0, 0, 0, 0
376, 987, 601, 10338813, 12, 355, 54, 145, 255, 151, 1, 1, 1, 1, 0.547016, 151, 1, 0, 0, 0, 0, 0
341, 987, 601, 10339227, 13, 54, 145, 39, 151, 255, 1, 1, 0.749936, 0.683731, 1, 151, 0, 0, 0, 0, 0, 0
376, 987, 601, 10339227, 13, 355, 54, 145, 255, 151, 1, 1, 1, 1, 0.546985, 151, 1, 0, 0, 0, 0, 0
255, 1001, 620, 10339227, 13, 151, 226, 54, 39, 145, 0.942798, 0.925168, 1, 0.722574, 1, 151, 0, 0, 0, 0, 0, 0
145, 1001, 643, 10339227, 13, 54, 151, 39, 203, 307, 1, 0.683731, 0.749936, 0.760376, 0.435822, 151, 0, 0, 0, 0, 1, 0
54, 1001, 683, 10339537, 14, 151, 39, 226, 203, 307, 1, 1, 0.794637, 0.863927, 0.375329, 151, 0, 0, 0, 0, 1, 0
39, 998, 711, 10339537, 14, 151, 307, 329, 252, 355, 1, 1, 0.859417, 0.857862, 0.965804, 151, 0, 1, 1, 1, 1, 0
307, 1001, 812, 10339537, 14, 151, 329, 252, 355, 10000000, 1, 0.966845, 1, 0.965804, 0, 151, 0, 1, 0, 1, 1, 0
39, 998, 711, 10339977, 15, 151, 307, 329, 252, 355, 1, 1, 0.859377, 0.857822, 0.965758, 151, 0, 1, 1, 1, 1, 0
226, 1001, 818, 10339977, 15, 151, 329, 252, 355, 307, 1, 0.966799, 1, 1, 1, 151, 0, 1, 0, 1, 1, 0
203, 1001, 841, 10339977, 15, 151, 252, 329, 355, 307, 1, 1, 0.966799, 1, 1, 151, 0, 0, 1, 1, 1, 0
252, 980, 801, 10340385, 15, 151, 329, 10000000, 10000000, 10000000, 1, 1, 0, 0, 0, 151, 0, 1, 1, 1, 1, 0
329, 987, 801, 10340385, 15, 151, 10000000, 10000000, 10000000, 10000000, 1, 0, 0, 0, 0, 151, 0, 1, 1, 1, 1, 0
307, 1001, 812, 10340385, 15, 151, 329, 252, 355, 10000000, 1, 0.966757, 1, 0.965716, 0, 151, 0, 1, 0, 1, 1, 0
355, 1001, 812, 10340385, 15, 151, 329, 252, 307, 10000000, 1, 1, 1, 1, 0, 151, 0, 1, 0, 1, 1, 0
226, 1001, 818, 10340385, 15, 151, 329, 252, 355, 307, 1, 0.966757, 1, 1, 1, 151, 0, 1, 0, 1, 1, 0
136, 247, 798, 10341803, 9, 215, 3, 227, 292, 352, 0.792488, 0.964754, 0.537564, 0.436043, 0.322573, 151, 0, 0, 1, 1, 1, 0
3, 276, 798, 10341803, 9, 352, 292, 181, 227, 215, 0.843717, 0.790121, 0.602219, 0.645077, 0.68246, 151, 1, 1, 0, 1, 0, 0
95, 318, 801, 10341803, 9, 82, 181, 292, 352, 304, 0.96611, 1, 1, 1, 1, 151, 0, 0, 0, 1, 1, 0
215, 354, 801, 10341804, 9, 289, 169, 82, 181, 292, 0.214173, 0.136918, 1, 1, 0.96577, 151, 1, 1, 0, 0, 0, 0
292, 401, 821, 10342101, 10, 82, 181, 10000000, 10000000, 10000000, 0.858737, 1, 0, 0, 0, 151, 0, 0, 1, 1, 1, 0
181, 444, 798, 10342101, 10, 358, 317, 384, 82, 257, 0.956297, 0.74949, 0.723075, 1, 0.642302, 151, 1, 1, 1, 0, 0, 0
82, 484, 798, 10342101, 10, 337, 194, 257, 358, 387, 1, 0.924357, 1, 0.964572, 0.95061, 151, 1, 0, 0, 1, 1, 0
292, 401, 821, 10342380, 10, 82, 181, 10000000, 10000000, 10000000, 0.858712, 1, 0, 0, 0, 151, 0, 0, 1, 1, 1, 0
307, 1001, 812, 10344177, 16, 151, 329, 252, 355, 10000000, 1, 0.966363, 1, 0.965323, 0, 151, 0, 1, 0, 1, 1, 0
355, 1001, 812, 10344177, 16, 151, 329, 252, 307, 10000000, 1, 1, 1, 1, 0, 151, 0, 1, 0, 1, 1, 0
355, 1001, 812, 10348377, 17, 151, 329, 252, 307, 10000000, 1, 1, 1, 1, 0, 151, 0, 1, 0, 1, 1, 0
329, 987, 801, 10348377, 17, 151, 10000000, 10000000, 10000000, 10000000, 1, 0, 0, 0, 0, 151, 0, 1, 1, 1, 1, 0
252, 980, 801, 10348377, 17, 151, 329, 10000000, 10000000, 10000000, 1, 1, 0, 0, 0, 151, 0, 1, 1, 1, 1, 0
257, 578, 801, 10350301, 11, 6, 194, 240, 337, 236, 1, 1, 1, 0.965467, 1, 151, 0, 0, 0, 1, 0, 0
358, 587, 801, 10350301, 11, 6, 194, 240, 337, 236, 1, 1, 1, 1, 1, 151, 0, 0, 0, 1, 0, 0
387, 587, 801, 10350301, 11, 6, 194, 240, 337, 236, 1, 1, 1, 0.965467, 1, 151, 0, 0, 0, 1, 0, 0
337, 612, 798, 10350301, 11, 301, 6, 194, 240, 223, 1, 1, 1, 1, 0.158394, 151, 1, 0, 0, 0, 1, 0
194, 646, 798, 10350301, 11, 6, 223, 301, 248, 211, 1, 0.481101, 0.480554, 0.239794, 0.119975, 151, 0, 1, 1, 1, 1, 0
240, 618, 798, 10350663, 12, 6, 194, 211, 301, 223, 1, 1, 0.373889, 0.299352, 0.273892, 151, 0, 0, 1, 1, 1, 0
194, 646, 798, 10350663, 12, 6, 223, 301, 248, 211, 1, 0.48108, 0.480533, 0.239783, 0.119969, 151, 0, 1, 1, 1, 1, 0
6, 686, 798, 10350664, 12, 301, 248, 223, 211, 57, 0.866545, 0.85588, 0.48108, 0.432226, 0.315126, 151, 1, 1, 0, 0, 0, 0
301, 812, 798, 10354864, 13, 355, 51, 57, 196, 211, 1, 1, 1, 0.840016, 1, 151, 1, 0, 0, 0, 0, 0
223, 822, 798, 10354864, 13, 196, 57, 51, 211, 355, 0.934718, 1, 0.818809, 1, 0.60246, 151, 0, 0, 0, 0, 1, 0
211, 849, 798, 10354864, 13, 196, 57, 51, 355, 226, 0.840016, 1, 0.858281, 0.695342, 0.634165, 151, 0, 0, 0, 1, 1, 0
211, 849, 798, 10355187, 14, 196, 57, 51, 355, 226, 0.839984, 1, 0.858251, 0.69529, 0.634133, 151, 0, 0, 0, 1, 1, 0
57, 890, 798, 10355187, 14, 196, 355, 329, 252, 307, 1, 0.937424, 0.907495, 0.749372, 0.74846, 151, 0, 1, 1, 0, 1, 0
51, 920, 801, 10355187, 14, 329, 252, 355, 307, 226, 1, 1, 1, 1, 1, 151, 1, 0, 1, 1, 0, 0
196, 956, 801, 10355188, 14, 355, 307, 151, 329, 252, 1, 1, 0.856395, 1, 1, 151, 1, 1, 0, 1, 0, 0
252, 980, 801, 10359388, 15, 151, 329, 10000000, 10000000, 10000000, 1, 1, 0, 0, 0, 151, 0, 1, 1, 1, 1, 0
329, 987, 801, 10359388, 15, 151, 10000000, 10000000, 10000000, 10000000, 1, 0, 0, 0, 0, 151, 0, 1, 1, 1, 1, 0
307, 1001, 812, 10359388, 15, 151, 329, 252, 355, 10000000, 1, 0.964787, 1, 0.963751, 0, 151, 0, 1, 0, 1, 1, 0
355, 1001, 812, 10359388, 15, 151, 329, 252, 307, 10000000, 1, 1, 1, 1, 0, 151, 0, 1, 0, 1, 1, 0
226, 1001, 818, 10359388, 15, 151, 329, 252, 355, 307, 1, 0.964787, 1, 1, 1, 151, 0, 1, 0, 1, 1, 0
160, 1, 52, 11299999, 1, 176, 379, 11, 165, 8, 1, 1, 1, 0.845188, 0.753734, 321, 0, 1, 0, 0, 0, 0
11, 1, 95, 11300200, 2, 346, 150, 270, 343, 32, 1, 0.241458, 0.121139, 0.120831, 0.760605, 321, 1, 1, 1, 1, 0, 1
165, -1, 137, 11300200, 2, 32, 176, 379, 346, 284, 0.970831, 1, 1, 1, 1, 321, 0, 0, 1, 1, 0, 0
379, 1, 212, 11300200, 2, 56, 348, 32, 216, 176, 0.972064, 0.864479, 1, 1, 1, 321, 0, 1, 0, 0, 0, 1
176, 1, 259, 11304400, 3, 348, 191, 32, 56, 64, 1, 0.702214, 1, 0.755707, 0.757921, 321, 1, 0, 0, 0, 0, 0
216, 57, 198, 11304400, 3, 129, 56, 368, 17, 249, 0.843685, 1, 0.483266, 0.636138, 0.465491, 321, 0, 0, 1, 0, 1, 0
32, 1, 297, 11304400, 3, 348, 174, 282, 191, 43, 0.972098, 1, 0.724953, 0.483573, 0.411902, 321, 1, 0, 0, 0, 0, 0
348, -1, 386, 11304401, 3, 110, 390, 43, 221, 191, 0.970596, 0.883033, 1, 1, 1, 321, 0, 1, 0, 0, 0, 1
346, 1, 213, 11308400, 3, 348, 191, 56, 32, 216, 0.647785, 0.158798, 0.971203, 1, 1, 321, 1, 1, 0, 0, 0, 1
221, 40, 398, 11308601, 4, 262, 110, 83, 363, 157, 0.845016, 1, 0.753164, 0.484125, 0.539484, 321, 0, 0, 0, 1, 0, 0
191, 1, 459, 11308601, 4, 328, 370, 374, 390, 340, 1, 0.755392, 0.684857, 0.64705, 0.323276, 321, 1, 1, 1, 1, 1, 0
43, 1, 488, 11308601, 4, 370, 390, 340, 267, 328, 1, 0.754891, 0.538794, 0.938395, 0.476443, 321, 1, 1, 1, 0, 1, 0
216, 57, 198, 11309028, 4, 129, 56, 368, 17, 249, 0.843215, 1, 0.482996, 0.63567, 0.46499, 321, 0, 0, 1, 0, 1, 0
32, 1, 297, 11309028, 4, 348, 174, 282, 191, 43, 0.971612, 1, 0.724548, 0.483303, 0.411641, 321, 1, 0, 0, 0, 0, 0
348, -1, 386, 11309029, 4, 110, 390, 43, 221, 191, 0.970112, 0.881232, 1, 1, 1, 321, 0, 1, 0, 0, 0, 1
221, 40, 398, 11309417, 5, 262, 110, 83, 363, 157, 0.844933, 1, 0.753098, 0.484078, 0.539437, 321, 0, 0, 0, 1, 0, 0
191, 1, 459, 11309417, 5, 328, 370, 374, 390, 340, 1, 0.755326, 0.68478, 0.646993, 0.323248, 321, 1, 1, 1, 1, 1, 0
43, 1, 488, 11309417, 5, 370, 390, 340, 267, 328, 1, 0.754825, 0.538746, 0.938216, 0.476381, 321, 1, 1, 1, 0, 1, 0
390, -1, 587, 11309417, 5, 103, 34, 134, 28, 259, 1, 0.967535, 1, 1, 1, 321, 0, 0, 0, 0, 0, 1
259, 25, 598, 11313618, 6, 34, 103, 189, 134, 210, 1, 0.956652, 0.697839, 1, 0.430275, 321, 0, 0, 0, 0, 1, 0
134, 55, 598, 11313618, 6, 103, 34, 189, 276, 210, 0.967146, 1, 0.483298, 0.362566, 0.273518, 321, 0, 0, 0, 1, 1, 0
103, 95, 601, 11313618, 6, 107, 276, 210, 189, 67, 0.971167, 1, 0.86055, 1, 0.754016, 321, 0, 0, 0, 0, 0, 1
189, 146, 601, 11314019, 7, 107, 210, 276, 20, 67, 1, 1, 1, 0.795915, 0.861695, 321, 0, 0, 0, 0, 0, 1
110, 72, 398, 11321617, 6, 311, 262, 188, 157, 83, 1, 0.966591, 0.75821, 0.861964, 0.966999, 321, 1, 0, 0, 0, 0, 0
83, 109, 401, 11321617, 6, 188, 274, 299, 45, 363, 1, 1, 1, 0.862704, 1, 321, 0, 0, 0, 0, 1, 0
157, 144, 401, 11321617, 6, 45, 188, 205, 274, 299, 0.970542, 1, 1, 1, 1, 321, 0, 0, 0, 0, 0, 0
262, 173, 401, 11321617, 6, 168, 45, 65, 188, 205, 1, 1, 1, 1, 1, 321, 0, 0, 0, 0, 0, 1
363, 201, 412, 11321617, 6, 222, 65, 188, 205, 45, 0.965639, 1, 1, 1, 0.754866, 321, 0, 0, 0, 0, 0, 0
205, 201, 459, 11322071, 7, 276, 222, 65, 188, 113, 1, 0.858304, 1, 0.85875, 0.644712, 321, 0, 0, 0, 0, 0, 0
188, 261, 398, 11322071, 7, 372, 335, 45, 278, 395, 1, 0.751652, 1, 0.685845, 0.604072, 321, 1, 1, 0, 0, 1, 0
45, 296, 398, 11322071, 7, 381, 335, 395, 278, 300, 1, 1, 0.932877, 0.965552, 0.860446, 321, 1, 1, 1, 0, 1, 1
56, 97, 198, 11325229, 5, 27, 129, 313, 238, 368, 1, 0.968347, 0.63621, 0.604043, 0.537446, 321, 0, 0, 1, 0, 1, 0
17, 98, 201, 11325229, 5, 159, 249, 368, 313, 27, 1, 1, 1, 1, 0.861441, 321, 0, 0, 1, 1, 0, 0
129, 148, 201, 11325229, 5, 344, 260, 325, 27, 132, 1, 0.233653, 0.136989, 0.969122, 1, 321, 1, 1, 1, 0, 0, 1
368, 201, 212, 11325229, 5, 305, 386, 399, 366, 363, 1, 0.602431, 0.429729, 0.322115, 0.362365, 321, 1, 1, 1, 1, 1, 0
344, 198, 187, 11325617, 6, 229, 71, 27, 132, 363, 1, 1, 1, 1, 0.757929, 321, 0, 0, 0, 0, 1, 1
27, 294, 198, 11325617, 6, 241, 356, 314, 310, 117, 0.959888, 0.636727, 0.56597, 0.602734, 0.686457, 321, 0, 1, 1, 1, 0, 1
340, -1, 587, 11325617, 6, 34, 134, 214, 28, 259, 0.965853, 1, 1, 1, 1, 321, 0, 0, 0, 0, 0, 0
370, -1, 587, 11325617, 6, 103, 34, 134, 28, 259, 1, 0.965853, 1, 1, 1, 321, 0, 0, 0, 0, 0, 0
374, 1, 612, 11325618, 6, 34, 134, 28, 259, 275, 0.965853, 1, 1, 1, 0.697486, 321, 0, 0, 0, 0, 1, 0
328, 1, 613, 11325618, 6, 34, 134, 28, 242, 259, 0.858536, 1, 1, 0.819475, 1, 321, 0, 0, 0, 0, 0, 1
132, 201, 257, 11326005, 7, 311, 305, 399, 366, 386, 0.90544, 0.793028, 0.751963, 0.698046, 0.546678, 321, 1, 1, 1, 1, 1, 1
229, 198, 371, 11326005, 7, 336, 399, 386, 366, 305, 0.966699, 1, 1, 1, 1, 321, 1, 1, 1, 1, 1, 1
259, 25, 598, 11326058, 7, 34, 103, 189, 134, 210, 1, 0.954759, 0.695826, 1, 0.4297, 321, 0, 0, 0, 0, 1, 0
28, 1, 698, 11326058, 7, 242, 275, 214, 34, 142, 0.970248, 0.724863, 0.724209, 0.536559, 0.321883, 321, 0, 0, 0, 0, 0, 1
276, 201, 624, 11326219, 8, 107, 324, 67, 210, 10, 0.969848, 0.233351, 1, 1, 0.603126, 321, 0, 1, 0, 0, 0, 0
20, 300, 601, 11326219, 8, 96, 162, 154, 79, 182, 1, 1, 0.860828, 0.753695, 1, 321, 0, 0, 0, 0, 0, 1
278, 372, 401, 11326271, 8, 302, 351, 372, 339, 335, 1, 1, 1, 1, 1, 321, 1, 1, 1, 1, 1, 0
335, 387, 401, 11326271, 8, 372, 339, 290, 24, 115, 1, 1, 0.303347, 1, 0.941327, 321, 1, 1, 1, 0, 0, 0
381, 401, 412, 11326271, 8, 24, 115, 104, 166, 217, 1, 0.904778, 1, 1, 1, 321, 0, 0, 0, 0, 0, 1
395, 401, 412, 11326271, 8, 154, 24, 104, 166, 115, 0.240527, 1, 1, 1, 0.754217, 321, 1, 0, 0, 0, 0, 0
305, 198, 387, 11326381, 8, 65, 188, 45, 205, 274, 1, 1, 0.862261, 1, 1, 321, 0, 0, 0, 0, 0, 0
366, 198, 387, 11326381, 8, 65, 188, 45, 205, 274, 1, 1, 0.862261, 1, 1, 321, 0, 0, 0, 0, 0, 0
386, 198, 387, 11326381, 8, 65, 188, 45, 205, 274, 1, 1, 0.862261, 1, 1, 321, 0, 0, 0, 0, 0, 0
399, 198, 387, 11326381, 8, 65, 188, 45, 205, 274, 1, 1, 0.862261, 1, 1, 321, 0, 0, 0, 0, 0, 1
217, 401, 440, 11326646, 9, 115, 104, 24, 154, 166, 1, 1, 0.750825, 0.430394, 0.965442, 321, 0, 0, 0, 1, 0, 0
166, 457, 398, 11326646, 9, 144, 53, 24, 104, 347, 1, 0.961388, 1, 0.751124, 0.273436, 321, 0, 0, 0, 0, 1, 1
104, 401, 479, 11326646, 9, 115, 154, 10000000, 10000000, 10000000, 1, 0.537993, 0, 0, 0, 321, 0, 0, 1, 1, 1, 0
115, 398, 521, 11326646, 9, 79, 154, 162, 96, 215, 1, 1, 0.75155, 0.537479, 0.158068, 321, 0, 0, 0, 0, 1, 1
274, 225, 398, 11330581, 9, 45, 18, 188, 65, 395, 1, 0.843832, 1, 0.859273, 0.548934, 321, 0, 0, 0, 0, 1, 0
188, 261, 398, 11330581, 9, 372, 335, 45, 278, 395, 1, 0.750966, 1, 0.685045, 0.603452, 321, 1, 1, 0, 0, 1, 0
205, 201, 459, 11330581, 9, 276, 222, 65, 188, 113, 1, 0.857521, 1, 0.857966, 0.644123, 321, 0, 0, 0, 0, 0, 0
65, 201, 499, 11330581, 9, 210, 276, 222, 113, 45, 0.793346, 0.750565, 0.682807, 0.751477, 0.430935, 321, 0, 0, 0, 0, 0, 1
154, 401, 648, 11330847, 10, 31, 108, 79, 162, 96, 0.107484, 1, 1, 0.965843, 0.752131, 321, 1, 0, 0, 0, 0, 0
79, 401, 694, 11330847, 10, 177, 31, 292, 96, 108, 0.906624, 0.699501, 0.601262, 0.644684, 1, 321, 0, 0, 0, 0, 0, 1
113, 198, 520, 11330969, 10, 67, 210, 10, 276, 222, 0.96764, 1, 0.930727, 1, 1, 321, 0, 0, 0, 0, 0, 0
222, 198, 554, 11330969, 10, 67, 184, 210, 246, 271, 1, 0.107544, 1, 0.120452, 0.158328, 321, 0, 1, 0, 1, 1, 0
276, 201, 624, 11330969, 10, 107, 324, 67, 210, 10, 0.969352, 0.233092, 1, 1, 0.602781, 321, 0, 1, 0, 0, 0, 0
108, 398, 714, 11331287, 11, 352, 304, 31, 177, 82, 1, 1, 1, 1, 0.753091, 321, 1, 1, 0, 0, 0, 0
177, 401, 854, 11331288, 11, 181, 82, 31, 52, 169, 0.968301, 0.753091, 1, 0.84037, 0.723491, 321, 0, 0, 0, 0, 0, 1
31, 401, 896, 11331715, 12, 82, 289, 169, 10000000, 10000000, 0.645477, 1, 0.959088, 0, 0, 321, 0, 0, 0, 1, 1, 1
52, 398, 909, 11331715, 12, 327, 364, 231, 195, 42, 0.966009, 0.965095, 0.85985, 0.643065, 0.536658, 321, 1, 1, 1, 1, 0, 0
169, 398, 946, 11331715, 12, 364, 327, 231, 195, 42, 1, 1, 0.967331, 0.85742, 0.643989, 321, 1, 1, 1, 0, 0, 0
214, -1, 745, 11334258, 8, 396, 392, 353, 308, 208, 1, 1, 1, 1, 0.861365, 321, 1, 1, 1, 1, 0, 0
242, -1, 774, 11334258, 8, 208, 77, 233, 22, 89, 0.969036, 0.859903, 1, 1, 1, 321, 0, 0, 0, 0, 0, 1
275, 1, 827, 11334258, 8, 77, 208, 233, 22, 89, 0.967391, 1, 1, 1, 1, 321, 0, 0, 0, 0, 0, 0
45, 296, 398, 11334781, 10, 381, 335, 395, 278, 300, 1, 1, 0.93012, 0.964237, 0.859272, 321, 1, 1, 1, 0, 1, 0
278, 372, 401, 11334781, 10, 302, 351, 372, 339, 335, 1, 1, 1, 1, 1, 321, 1, 1, 1, 1, 1, 0
395, 401, 412, 11334781, 10, 154, 24, 104, 166, 115, 0.240282, 1, 1, 1, 0.753526, 321, 1, 0, 0, 0, 0, 0
372, 412, 398, 11334781, 10, 115, 53, 24, 104, 144, 1, 0.955341, 0.964504, 1, 0.789672, 321, 0, 0, 0, 0, 0, 1
210, 201, 658, 11335169, 11, 324, 55, 246, 67, 107, 1, 0.214779, 1, 1, 0.753599, 321, 1, 1, 0, 0, 0, 0
10, 198, 697, 11335170, 11, 324, 271, 190, 246, 55, 1, 0.857585, 1, 1, 0.859116, 321, 1, 1, 0, 0, 0, 0
67, 201, 706, 11335170, 11, 324, 246, 295, 178, 107, 0.75224, 0.924599, 0.794705, 0.750667, 0.430628, 321, 1, 0, 0, 0, 1, 0
104, 401, 479, 11335196, 11, 115, 154, 10000000, 10000000, 10000000, 1, 0.537498, 0, 0, 0, 321, 0, 0, 1, 1, 1, 1
24, 499, 398, 11335196, 11, 144, 347, 286, 120, 53, 1, 0.756094, 0.644959, 0.481441, 1, 321, 0, 1, 1, 0, 0, 0
53, 503, 401, 11335196, 11, 35, 120, 286, 347, 179, 0.965275, 1, 1, 1, 0.860862, 321, 0, 0, 0, 1, 0, 0
144, 542, 401, 11335196, 11, 35, 179, 21, 286, 120, 1, 1, 0.857544, 1, 0.966313, 321, 0, 0, 0, 0, 0, 0
241, 371, 201, 11337817, 7, 122, 41, 88, 118, 117, 1, 1, 1, 1, 1, 321, 0, 0, 0, 0, 0, 1
310, 386, 201, 11337817, 7, 41, 356, 314, 88, 49, 1, 1, 1, 1, 1, 321, 0, 1, 1, 0, 0, 0
356, 412, 198, 11337818, 7, 287, 41, 88, 118, 117, 1, 1, 1, 1, 1, 321, 0, 0, 0, 0, 0, 0
314, 413, 198, 11337818, 7, 380, 312, 41, 88, 118, 0.923584, 0.905598, 1, 1, 1, 321, 1, 1, 0, 0, 0, 0
366, 198, 387, 11338206, 8, 65, 188, 45, 205, 274, 1, 1, 0.861163, 1, 1, 321, 0, 0, 0, 0, 0, 1
386, 198, 387, 11338206, 8, 65, 188, 45, 205, 274, 1, 1, 0.861163, 1, 1, 321, 0, 0, 0, 0, 0, 0
399, 198, 387, 11338206, 8, 65, 188, 45, 205, 274, 1, 1, 0.861163, 1, 1, 321, 0, 0, 0, 0, 0, 0
311, 201, 413, 11338206, 8, 65, 188, 210, 276, 205, 1, 1, 0.136301, 0.748708, 1, 321, 0, 0, 1, 0, 0, 1
118, 401, 257, 11338258, 8, 395, 381, 349, 116, 104, 1, 1, 1, 1, 0.762062, 321, 1, 1, 1, 0, 0, 1
117, 462, 198, 11338258, 8, 312, 380, 102, 88, 49, 0.938807, 0.645917, 0.107317, 1, 0.750855, 321, 1, 1, 1, 0, 0, 0
88, 510, 198, 11338258, 8, 380, 312, 137, 239, 287, 1, 0.857168, 0.685618, 0.792387, 0.695089, 321, 1, 1, 0, 0, 0, 1
182, 344, 601, 11338420, 9, 96, 162, 154, 79, 16, 1, 1, 1, 0.860236, 0.37694, 321, 0, 0, 0, 0, 0, 0
162, 460, 598, 11338420, 9, 273, 96, 16, 173, 186, 1, 1, 0.942349, 0.600672, 0.273285, 321, 0, 0, 0, 0, 1, 1
274, 225, 398, 11338581, 9, 45, 18, 188, 65, 395, 1, 0.843019, 1, 0.858536, 0.548332, 321, 0, 0, 0, 0, 1, 0
188, 261, 398, 11338581, 9, 372, 335, 45, 278, 395, 1, 0.750322, 1, 0.684295, 0.60287, 321, 1, 1, 0, 0, 1, 0
205, 201, 459, 11338581, 9, 276, 222, 65, 188, 113, 1, 0.856787, 1, 0.85723, 0.64357, 321, 0, 0, 0, 0, 0, 0
65, 201, 499, 11338581, 9, 210, 276, 222, 113, 45, 0.79234, 0.74944, 0.682062, 0.750832, 0.430564, 321, 0, 0, 0, 0, 0, 1
24, 500, 398, 11338846, 10, 144, 347, 286, 120, 53, 1, 0.755573, 0.644706, 0.48123, 1, 321, 0, 1, 1, 0, 0, 0
53, 503, 401, 11338846, 10, 35, 120, 286, 347, 179, 0.964898, 1, 1, 1, 0.860524, 321, 0, 0, 0, 1, 0, 0
144, 542, 401, 11338847, 10, 35, 179, 21, 286, 120, 1, 1, 0.857208, 1, 0.965935, 321, 0, 0, 0, 0, 0, 1
347, 601, 412, 11338847, 10, 85, 21, 130, 332, 179, 1, 1, 0.79428, 0.720552, 1, 321, 0, 0, 0, 1, 0, 0
205, 201, 459, 11338865, 9, 276, 222, 65, 188, 113, 1, 0.856761, 1, 0.857204, 0.64355, 321, 0, 0, 0, 0, 0, 0
188, 261, 398, 11338865, 9, 372, 335, 45, 278, 395, 1, 0.750299, 1, 0.684269, 0.602849, 321, 1, 1, 0, 0, 1, 1
65, 201, 499, 11338865, 9, 210, 276, 222, 113, 45, 0.792305, 0.7494, 0.682035, 0.750809, 0.430551, 321, 0, 0, 0, 0, 0, 1
113, 198, 520, 11339188, 10, 67, 210, 10, 276, 222, 0.966786, 1, 0.92895, 1, 1, 321, 0, 0, 0, 0, 0, 0
222, 198, 554, 11339188, 10, 67, 184, 210, 246, 271, 1, 0.107449, 1, 0.120332, 0.158122, 321, 0, 1, 0, 1, 1, 0
276, 201, 624, 11339188, 10, 107, 324, 67, 210, 10, 0.968494, 0.232646, 1, 1, 0.602184, 321, 0, 1, 0, 0, 0, 0
210, 201, 658, 11339188, 10, 324, 55, 246, 67, 107, 1, 0.214686, 1, 1, 0.753273, 321, 1, 1, 0, 0, 0, 1
286, 601, 426, 11339248, 11, 21, 85, 332, 179, 130, 1, 0.842344, 0.682554, 1, 0.684355, 321, 0, 0, 1, 0, 0, 0
120, 654, 398, 11339248, 11, 367, 234, 81, 124, 35, 0.858336, 0.842733, 1, 0.794286, 0.964856, 321, 1, 0, 0, 0, 0, 0
35, 696, 398, 11339248, 11, 398, 367, 306, 283, 234, 0.856671, 0.600959, 0.600785, 0.948457, 1, 321, 1, 1, 1, 0, 0, 1
113, 198, 520, 11339576, 10, 67, 210, 10, 276, 222, 0.966745, 1, 0.928866, 1, 1, 321, 0, 0, 0, 0, 0, 0
222, 198, 554, 11339576, 10, 67, 184, 210, 246, 271, 1, 0.107444, 1, 0.120327, 0.158112, 321, 0, 1, 0, 1, 1, 0
276, 201, 624, 11339576, 10, 107, 324, 67, 210, 10, 0.968454, 0.232625, 1, 1, 0.602156, 321, 0, 1, 0, 0, 0, 0
210, 201, 658, 11339576, 10, 324, 55, 246, 67, 107, 1, 0.214677, 1, 1, 0.753242, 321, 1, 1, 0, 0, 0, 1
234, 773, 401, 11339623, 12, 111, 87, 93, 76, 139, 1, 0.790484, 1, 0.898364, 1, 321, 0, 0, 0, 0, 0, 0
306, 787, 401, 11339623, 12, 111, 146, 93, 87, 139, 1, 0.792363, 1, 0.685011, 1, 321, 0, 0, 0, 0, 0, 0
367, 787, 401, 11339623, 12, 371, 87, 111, 93, 139, 0.855899, 0.959016, 1, 1, 1, 321, 1, 0, 0, 0, 0, 0
398, 787, 401, 11339623, 12, 111, 87, 93, 139, 283, 1, 0.751583, 1, 1, 1, 321, 0, 0, 0, 0, 0, 1
283, 826, 398, 11339624, 12, 111, 245, 127, 93, 76, 0.965143, 0.137037, 0.120216, 1, 0.819794, 321, 0, 1, 1, 0, 0, 0
67, 201, 706, 11339861, 11, 324, 246, 295, 178, 107, 0.751861, 0.923597, 0.794113, 0.75029, 0.430411, 321, 1, 0, 0, 0, 1, 0
246, 201, 826, 11339861, 11, 136, 3, 271, 55, 172, 1, 0.857419, 1, 1, 0.82155, 321, 0, 0, 0, 0, 0, 0
169, 398, 945, 11339915, 13, 364, 327, 231, 195, 42, 1, 1, 0.966479, 0.856667, 0.643423, 321, 1, 1, 1, 0, 0, 0
289, 398, 973, 11339915, 13, 195, 42, 231, 364, 327, 0.963751, 0.75066, 1, 1, 1, 321, 0, 0, 0, 1, 1, 1
283, 826, 398, 11339999, 13, 111, 245, 127, 93, 76, 0.965105, 0.13703, 0.120211, 1, 0.819752, 321, 0, 1, 1, 0, 0, 0
139, 856, 398, 11339999, 13, 245, 127, 111, 93, 76, 0.4656, 0.408772, 0.750637, 1, 0.819752, 321, 1, 1, 0, 0, 0, 0
111, 801, 481, 11339999, 13, 131, 280, 371, 87, 334, 0.695999, 0.723747, 0.631243, 0.840418, 0.535452, 321, 0, 0, 1, 0, 1, 1
87, 798, 505, 11339999, 13, 94, 131, 261, 371, 334, 0.966504, 1, 1, 1, 1, 321, 0, 0, 0, 1, 1, 0
93, 895, 398, 11339999, 13, 245, 111, 76, 10000000, 10000000, 0.430267, 0.643403, 0.956377, 0, 0, 321, 1, 0, 0, 1, 1, 1
67, 201, 706, 11340249, 11, 324, 246, 295, 178, 107, 0.75183, 0.923515, 0.794064, 0.750259, 0.430393, 321, 1, 0, 0, 0, 1, 1
246, 201, 826, 11340249, 11, 136, 3, 271, 55, 172, 1, 0.857383, 1, 1, 0.821506, 321, 0, 0, 0, 0, 0, 0
87, 798, 505, 11340361, 14, 94, 131, 261, 371, 334, 0.966466, 1, 1, 1, 1, 321, 0, 0, 0, 1, 1, 0
280, 798, 573, 11340361, 14, 301, 171, 377, 318, 94, 1, 1, 1, 1, 1, 321, 1, 0, 1, 1, 0, 0
131, 801, 651, 11340361, 14, 248, 94, 171, 37, 297, 1, 1, 0.7542, 0.791945, 0.645358, 321, 0, 0, 0, 0, 0, 1
94, 801, 696, 11340619, 15, 248, 171, 297, 133, 37, 1, 0.950633, 0.64534, 0.475285, 0.858896, 321, 0, 0, 0, 0, 0, 1
37, 798, 707, 11340619, 15, 133, 248, 69, 301, 297, 1, 1, 0.85797, 0.966282, 1, 321, 0, 0, 0, 1, 0, 0
171, 798, 744, 11340620, 15, 69, 74, 133, 248, 301, 1, 1, 0.963981, 1, 1, 321, 0, 0, 0, 0, 1, 0
297, 798, 770, 11340620, 15, 69, 133, 211, 248, 223, 0.965216, 1, 0.965104, 1, 1, 321, 0, 0, 0, 0, 0, 0
248, 801, 829, 11340620, 15, 69, 133, 57, 211, 74, 0.965216, 1, 0.753416, 0.965104, 0.750848, 321, 0, 0, 0, 0, 0, 1
133, 801, 858, 11341008, 16, 69, 74, 57, 10000000, 10000000, 1, 0.722055, 0.645758, 0, 0, 321, 0, 0, 0, 1, 1, 0
69, 801, 902, 11341008, 16, 57, 10000000, 10000000, 10000000, 10000000, 0.538132, 0, 0, 0, 0, 321, 0, 1, 1, 1, 1, 1
74, 798, 907, 11341008, 16, 281, 97, 10000000, 10000000, 10000000, 0.750145, 0.537858, 0, 0, 0, 321, 1, 0, 1, 1, 1, 0
134, 56, 598, 11342258, 8, 103, 34, 189, 276, 210, 0.964179, 1, 0.481632, 0.361315, 0.272451, 321, 0, 0, 0, 1, 1, 0
34, 91, 598, 11342258, 8, 189, 107, 210, 103, 276, 1, 0.545212, 0.475127, 0.952304, 0.430311, 321, 0, 0, 1, 0, 1, 1
103, 95, 601, 11342258, 8, 107, 276, 210, 189, 67, 0.968174, 1, 0.857907, 1, 0.751697, 321, 0, 0, 0, 0, 0, 0
189, 146, 601, 11342258, 8, 107, 210, 276, 20, 67, 1, 1, 1, 0.792354, 0.859082, 321, 0, 0, 0, 0, 0, 0
16, 495, 601, 11342620, 10, 84, 128, 332, 186, 273, 1, 1, 1, 0.858464, 0.860657, 321, 0, 0, 1, 0, 0, 0
96, 497, 598, 11342620, 10, 128, 173, 273, 84, 186, 0.792785, 0.720443, 0.564104, 0.429261, 0.36059, 321, 0, 0, 0, 0, 1, 0
173, 542, 601, 11342620, 10, 84, 186, 128, 273, 4, 1, 1, 1, 1, 0.749417, 321, 0, 0, 0, 0, 0, 0
273, 627, 598, 11342621, 10, 377, 148, 318, 84, 90, 0.54497, 0.136865, 0.360806, 1, 0.949103, 321, 1, 1, 1, 0, 0, 1
103, 95, 601, 11342711, 9, 107, 276, 210, 189, 67, 0.968127, 1, 0.857865, 1, 0.75166, 321, 0, 0, 0, 0, 0, 0
189, 146, 601, 11342711, 9, 107, 210, 276, 20, 67, 1, 1, 1, 0.792297, 0.85904, 321, 0, 0, 0, 0, 0, 1
45, 296, 398, 11342781, 10, 381, 335, 395, 278, 300, 1, 1, 0.928393, 0.963411, 0.858534, 321, 1, 1, 1, 0, 1, 0
278, 372, 401, 11342781, 10, 302, 351, 372, 339, 335, 1, 1, 1, 1, 1, 321, 1, 1, 1, 1, 1, 1
395, 401, 412, 11342781, 10, 154, 24, 104, 166, 115, 0.240051, 1, 1, 1, 0.752878, 321, 1, 0, 0, 0, 0, 0
84, 698, 598, 11342944, 11, 334, 318, 377, 9, 251, 1, 1, 0.860827, 0.853806, 0.965566, 321, 1, 1, 1, 0, 0, 0
90, 698, 601, 11342944, 11, 261, 148, 371, 334, 377, 1, 1, 1, 1, 1, 321, 0, 0, 1, 1, 1, 0
276, 201, 624, 11342969, 10, 107, 324, 67, 210, 10, 0.9681, 0.232442, 1, 1, 0.60191, 321, 0, 1, 0, 0, 0, 1
107, 286, 598, 11342969, 10, 182, 20, 162, 96, 154, 0.685411, 0.958259, 0.377429, 0.214615, 0.188613, 321, 0, 0, 0, 0, 1, 1
20, 299, 601, 11342970, 10, 96, 162, 154, 79, 182, 1, 1, 0.859279, 0.752338, 1, 321, 0, 0, 0, 0, 0, 0
20, 299, 601, 11343254, 11, 96, 162, 154, 79, 182, 1, 1, 0.859253, 0.752315, 1, 321, 0, 0, 0, 0, 0, 0
182, 344, 601, 11343254, 11, 96, 162, 154, 79, 16, 1, 1, 1, 0.859789, 0.376596, 321, 0, 0, 0, 0, 0, 1
178, 198, 745, 11343370, 12, 324, 136, 271, 55, 190, 1, 0.858919, 0.963936, 1, 1, 321, 1, 0, 1, 0, 0, 0
295, 198, 772, 11343370, 12, 136, 271, 3, 55, 59, 0.966284, 1, 0.749959, 1, 1, 321, 0, 0, 0, 0, 0, 0
324, 201, 812, 11343370, 12, 3, 136, 271, 296, 55, 0.964233, 1, 1, 0.96793, 1, 321, 0, 0, 0, 0, 0, 1
246, 201, 827, 11343370, 12, 136, 3, 271, 55, 172, 1, 0.857096, 1, 1, 0.821155, 321, 0, 0, 0, 0, 0, 0
162, 460, 598, 11343590, 12, 273, 96, 16, 173, 186, 1, 1, 0.941432, 0.600299, 0.273092, 321, 0, 0, 0, 0, 1, 1
210, 201, 658, 11343693, 11, 324, 55, 246, 67, 107, 1, 0.214583, 1, 1, 0.752908, 321, 1, 1, 0, 0, 0, 1
10, 198, 697, 11343693, 11, 324, 271, 190, 246, 55, 1, 0.856802, 1, 1, 0.85833, 321, 1, 1, 0, 0, 0, 0
67, 201, 706, 11343693, 11, 324, 246, 295, 178, 107, 0.751552, 0.922781, 0.79363, 0.749982, 0.430233, 321, 1, 0, 0, 0, 1, 0
271, 226, 798, 11343797, 13, 215, 3, 95, 136, 352, 0.840494, 0.964189, 0.82104, 1, 0.645257, 321, 0, 0, 0, 0, 1, 0
136, 259, 798, 11343797, 13, 352, 215, 95, 227, 3, 0.909366, 0.820655, 0.924128, 0.723424, 0.964189, 321, 1, 0, 0, 0, 0, 0
55, 201, 893, 11343797, 13, 136, 3, 296, 172, 10000000, 0.64416, 0.428529, 1, 0.967605, 0, 321, 1, 0, 0, 0, 1, 0
296, 198, 972, 11343797, 13, 218, 106, 10000000, 10000000, 10000000, 1, 0.859682, 0, 0, 0, 321, 0, 0, 1, 1, 1, 0
327, 412, 998, 11344115, 14, 322, 42, 195, 253, 231, 0.860893, 1, 1, 0.564698, 1, 321, 1, 0, 0, 0, 0, 0
364, 412, 998, 11344115, 14, 42, 195, 231, 361, 322, 0.9647, 1, 1, 0.37592, 0.375805, 321, 0, 0, 0, 1, 1, 1
37, 798, 707, 11344819, 16, 133, 248, 69, 301, 297, 1, 1, 0.857583, 0.965846, 1, 321, 0, 0, 0, 1, 0, 0
171, 798, 744, 11344820, 16, 69, 74, 133, 248, 301, 1, 1, 0.963547, 1, 1, 321, 0, 0, 0, 0, 1, 0
297, 798, 770, 11344820, 16, 69, 133, 211, 248, 223, 0.964781, 1, 0.96467, 1, 1, 321, 0, 0, 0, 0, 0, 0
248, 801, 829, 11344820, 16, 69, 133, 57, 211, 74, 0.964781, 1, 0.753075, 0.96467, 0.75051, 321, 0, 0, 0, 0, 0, 1
133, 801, 858, 11345143, 17, 69, 74, 57, 10000000, 10000000, 1, 0.721696, 0.645471, 0, 0, 321, 0, 0, 0, 1, 1, 0
69, 801, 902, 11345143, 17, 57, 10000000, 10000000, 10000000, 10000000, 0.537892, 0, 0, 0, 0, 321, 0, 1, 1, 1, 1, 1
74, 798, 907, 11345143, 17, 281, 97, 10000000, 10000000, 10000000, 0.749813, 0.537619, 0, 0, 0, 321, 1, 0, 1, 1, 1, 0
239, 575, 201, 11346458, 9, 114, 102, 137, 287, 350, 1, 1, 1, 1, 0.691122, 321, 0, 0, 0, 0, 1, 0
312, 586, 201, 11346458, 9, 206, 286, 114, 232, 272, 0.858164, 0.765178, 0.964449, 0.27233, 0.547234, 321, 0, 0, 0, 1, 1, 0
380, 587, 201, 11346458, 9, 286, 114, 47, 102, 272, 1, 1, 0.90298, 1, 0.792224, 321, 0, 0, 0, 0, 0, 1
287, 627, 198, 11346458, 9, 114, 350, 345, 316, 385, 0.964449, 0.545558, 0.536986, 0.461321, 0.37618, 321, 0, 1, 1, 1, 1, 0
137, 660, 198, 11346458, 9, 319, 359, 345, 389, 385, 1, 0.909614, 0.94273, 0.681784, 0.56427, 321, 1, 1, 1, 1, 1, 0
114, 601, 273, 11346807, 10, 206, 47, 290, 286, 347, 0.793851, 1, 0.720051, 0.481786, 0.409027, 321, 0, 0, 0, 0, 1, 1
47, 598, 301, 11346807, 10, 85, 21, 179, 286, 347, 1, 0.963537, 0.967261, 1, 1, 321, 0, 0, 0, 0, 1, 0
102, 692, 198, 11346808, 10, 44, 237, 316, 119, 272, 1, 1, 1, 0.936983, 1, 321, 0, 0, 1, 0, 0, 0
335, 386, 401, 11346981, 11, 372, 339, 290, 24, 115, 1, 1, 0.301453, 1, 0.937671, 321, 1, 1, 1, 0, 0, 0
351, 398, 387, 11346981, 11, 24, 104, 166, 217, 115, 0.963245, 1, 1, 1, 0.750137, 321, 0, 0, 0, 0, 0, 0
302, 398, 384, 11346981, 11, 104, 166, 24, 217, 279, 1, 1, 0.856218, 1, 1, 321, 0, 0, 0, 0, 0, 1
372, 412, 398, 11346981, 11, 115, 53, 24, 104, 144, 1, 0.953753, 0.963245, 1, 0.788153, 321, 0, 0, 0, 0, 0, 0
339, 413, 398, 11346981, 11, 395, 388, 381, 349, 24, 1, 1, 1, 1, 1, 321, 1, 1, 1, 1, 0, 0
279, 425, 398, 11347239, 12, 120, 24, 144, 104, 166, 0.136648, 1, 0.753662, 0.856534, 1, 321, 1, 0, 0, 0, 0, 0
217, 401, 440, 11347239, 12, 115, 104, 24, 154, 166, 1, 1, 0.74917, 0.429443, 0.963314, 321, 0, 0, 0, 1, 0, 0
104, 401, 479, 11347240, 12, 115, 154, 10000000, 10000000, 10000000, 1, 0.536803, 0, 0, 0, 321, 0, 0, 1, 1, 1, 1
67, 201, 706, 11347370, 12, 324, 246, 295, 178, 107, 0.751255, 0.921999, 0.793167, 0.749687, 0.430063, 321, 1, 0, 0, 0, 1, 0
324, 201, 812, 11347370, 12, 3, 136, 271, 296, 55, 0.96382, 1, 1, 0.967514, 1, 321, 0, 0, 0, 0, 0, 1
246, 201, 827, 11347370, 12, 136, 3, 271, 55, 172, 1, 0.856729, 1, 1, 0.820706, 321, 0, 0, 0, 0, 0, 1
115, 398, 521, 11347667, 12, 79, 154, 162, 96, 215, 1, 1, 0.749857, 0.536267, 0.157545, 321, 0, 0, 0, 0, 1, 1
154, 401, 648, 11347667, 12, 31, 108, 79, 162, 96, 0.10729, 1, 1, 0.964102, 0.750774, 321, 1, 0, 0, 0, 0, 1
271, 227, 798, 11347745, 13, 215, 3, 95, 136, 352, 0.840096, 0.963782, 0.820597, 1, 0.644983, 321, 0, 0, 0, 0, 1, 1
136, 259, 798, 11347745, 13, 352, 215, 95, 227, 3, 0.908279, 0.820212, 0.923285, 0.723079, 0.963782, 321, 1, 0, 0, 0, 0, 1
55, 201, 893, 11347745, 13, 136, 3, 296, 172, 10000000, 0.643887, 0.428347, 1, 0.967195, 0, 321, 1, 0, 0, 0, 1, 0
296, 198, 972, 11347745, 13, 218, 106, 10000000, 10000000, 10000000, 1, 0.859318, 0, 0, 0, 321, 0, 0, 1, 1, 1, 1
16, 495, 601, 11347790, 13, 84, 128, 332, 186, 273, 1, 1, 1, 0.857988, 0.860179, 321, 0, 0, 1, 0, 0, 0
96, 497, 598, 11347790, 13, 128, 173, 273, 84, 186, 0.792135, 0.719996, 0.563556, 0.429023, 0.360366, 321, 0, 0, 0, 0, 1, 1
173, 542, 601, 11347790, 13, 84, 186, 128, 273, 4, 1, 1, 1, 1, 0.749003, 321, 0, 0, 0, 0, 0, 0
79, 401, 694, 11347977, 13, 177, 31, 292, 96, 108, 0.901955, 0.696718, 0.600026, 0.6435, 1, 321, 0, 0, 0, 0, 0, 1
55, 201, 893, 11348042, 13, 136, 3, 296, 172, 10000000, 0.643866, 0.428334, 1, 0.967164, 0, 321, 1, 0, 0, 0, 1, 0
172, 198, 944, 11348042, 13, 106, 218, 296, 10000000, 10000000, 0.751879, 0.857641, 1, 0, 0, 321, 0, 0, 0, 1, 1, 0
3, 290, 798, 11348068, 14, 352, 227, 292, 304, 215, 0.859948, 0.752547, 0.681718, 0.644578, 0.720054, 321, 1, 0, 1, 1, 0, 0
95, 304, 801, 11348068, 14, 82, 181, 292, 352, 304, 0.966515, 1, 1, 1, 1, 321, 0, 0, 0, 1, 1, 0
215, 341, 801, 11348068, 14, 289, 169, 82, 181, 177, 0.214215, 0.120338, 1, 1, 0.96367, 321, 1, 1, 0, 0, 0, 0
227, 375, 801, 11348069, 14, 82, 181, 360, 31, 177, 1, 1, 0.755476, 1, 1, 321, 0, 0, 1, 0, 0, 0
352, 387, 801, 11348069, 14, 257, 33, 82, 181, 317, 1, 1, 1, 1, 0.759518, 321, 0, 0, 0, 0, 1, 1
76, 910, 401, 11348199, 14, 127, 245, 25, 10000000, 10000000, 0.857026, 1, 0.643294, 0, 0, 321, 0, 0, 0, 1, 1, 1
115, 398, 521, 11348287, 13, 79, 154, 162, 96, 215, 1, 1, 0.749808, 0.536232, 0.157529, 321, 0, 0, 0, 0, 1, 1
181, 457, 798, 11348327, 15, 240, 257, 317, 358, 194, 1, 0.953917, 0.843553, 0.840727, 0.695582, 321, 0, 0, 1, 1, 0, 0
33, 507, 801, 11348327, 15, 194, 240, 337, 387, 384, 0.96337, 1, 1, 1, 1, 321, 0, 0, 1, 1, 1, 1
108, 398, 714, 11348417, 14, 352, 304, 31, 177, 82, 1, 1, 1, 1, 0.751706, 321, 1, 1, 0, 0, 0, 0
116, 398, 333, 11350458, 9, 104, 217, 335, 300, 395, 1, 1, 1, 1, 1, 321, 0, 0, 1, 0, 1, 0
349, 401, 412, 11350458, 9, 24, 120, 104, 166, 217, 1, 0.745976, 1, 1, 1, 321, 0, 0, 0, 0, 0, 0
47, 598, 301, 11351007, 11, 85, 21, 179, 286, 347, 1, 0.963104, 0.966825, 1, 1, 321, 0, 0, 0, 0, 1, 0
206, 598, 347, 11351008, 11, 21, 179, 85, 286, 347, 0.963104, 1, 0.857399, 1, 1, 321, 0, 0, 0, 0, 1, 1
290, 598, 371, 11351008, 11, 85, 21, 179, 286, 120, 1, 0.963104, 1, 1, 0.964676, 321, 0, 0, 0, 0, 0, 0
286, 601, 426, 11351008, 11, 21, 85, 332, 179, 130, 1, 0.841154, 0.68146, 1, 0.683255, 321, 0, 0, 1, 0, 0, 1
179, 601, 458, 11351448, 12, 130, 21, 332, 85, 243, 1, 1, 0.634508, 0.820035, 0.321152, 321, 0, 0, 1, 0, 0, 0
21, 601, 501, 11351448, 12, 332, 243, 186, 130, 4, 1, 0.949643, 0.600346, 0.856771, 0.213917, 321, 1, 0, 0, 0, 0, 1
85, 598, 502, 11351448, 12, 4, 186, 332, 243, 273, 0.962627, 1, 1, 1, 0.859841, 321, 0, 0, 1, 0, 1, 0
130, 598, 540, 11351448, 12, 4, 186, 19, 273, 128, 0.962627, 1, 0.920909, 0.967321, 0.859375, 321, 0, 0, 0, 1, 0, 0
332, 598, 586, 11351448, 12, 4, 186, 128, 84, 19, 1, 1, 1, 0.857709, 0.818355, 321, 0, 0, 0, 0, 0, 0
347, 601, 412, 11351719, 12, 85, 21, 130, 332, 179, 1, 1, 0.792659, 0.71944, 1, 321, 0, 0, 0, 1, 0, 0
286, 601, 426, 11351719, 12, 21, 85, 332, 179, 130, 1, 0.841082, 0.681394, 1, 0.683189, 321, 0, 0, 1, 0, 0, 0
179, 601, 458, 11351719, 12, 130, 21, 332, 85, 243, 1, 1, 0.634481, 0.820004, 0.321143, 321, 0, 0, 1, 0, 0, 0
21, 601, 501, 11351720, 12, 332, 243, 186, 130, 4, 1, 0.949603, 0.600327, 0.856746, 0.213911, 321, 1, 0, 0, 0, 0, 1
85, 598, 502, 11351720, 12, 4, 186, 332, 243, 273, 0.962599, 1, 1, 1, 0.859815, 321, 0, 0, 1, 0, 1, 0
79, 401, 694, 11351867, 13, 177, 31, 292, 96, 108, 0.900901, 0.696089, 0.599746, 0.643231, 1, 321, 0, 0, 0, 0, 0, 0
108, 398, 714, 11351867, 13, 352, 304, 31, 177, 82, 1, 1, 1, 1, 0.751427, 321, 1, 1, 0, 0, 0, 1
173, 542, 601, 11351990, 14, 84, 186, 128, 273, 4, 1, 1, 1, 1, 0.748666, 321, 0, 0, 0, 0, 0, 0
273, 627, 598, 11351991, 14, 377, 148, 318, 84, 90, 0.544275, 0.136689, 0.3604, 1, 0.947699, 321, 1, 1, 1, 0, 0, 0
128, 654, 598, 11351991, 14, 371, 377, 318, 251, 84, 1, 0.859989, 0.64248, 0.821283, 1, 321, 1, 1, 1, 0, 0, 1
84, 698, 598, 11351991, 14, 334, 318, 377, 9, 251, 1, 1, 0.859989, 0.850521, 0.96463, 321, 1, 1, 1, 0, 0, 0
136, 259, 798, 11351997, 14, 352, 215, 95, 227, 3, 0.907111, 0.819735, 0.92238, 0.722709, 0.963343, 321, 1, 0, 0, 0, 0, 0
3, 290, 798, 11351997, 14, 352, 227, 292, 304, 215, 0.859585, 0.752229, 0.681353, 0.644306, 0.719715, 321, 1, 0, 1, 1, 0, 0
95, 303, 801, 11351997, 14, 82, 181, 292, 352, 304, 0.966107, 1, 1, 1, 1, 321, 0, 0, 0, 1, 1, 0
215, 341, 801, 11351997, 14, 289, 169, 82, 181, 177, 0.214125, 0.120281, 1, 1, 0.963265, 321, 1, 1, 0, 0, 0, 1
352, 387, 801, 11351998, 14, 257, 33, 82, 181, 317, 1, 1, 1, 1, 0.757258, 321, 0, 0, 0, 0, 1, 0
130, 598, 540, 11352069, 13, 4, 186, 19, 273, 128, 0.962563, 1, 0.920777, 0.967256, 0.859318, 321, 0, 0, 0, 1, 0, 0
243, 598, 574, 11352069, 13, 4, 186, 128, 337, 84, 1, 1, 1, 0.755155, 0.857652, 321, 0, 0, 0, 1, 0, 0
332, 598, 586, 11352069, 13, 4, 186, 128, 84, 19, 1, 1, 1, 0.857652, 0.818285, 321, 0, 0, 0, 0, 0, 1
186, 601, 659, 11352069, 13, 393, 309, 360, 236, 204, 1, 0.683185, 0.360234, 1, 0.939486, 321, 1, 1, 1, 0, 0, 0
181, 457, 798, 11352347, 15, 240, 257, 317, 358, 194, 1, 0.953395, 0.843144, 0.840321, 0.694935, 321, 0, 0, 1, 1, 0, 0
82, 498, 798, 11352347, 15, 194, 337, 358, 387, 257, 0.936754, 1, 0.967318, 0.956025, 1, 321, 0, 1, 1, 1, 0, 0
84, 698, 598, 11352379, 15, 334, 318, 377, 9, 251, 1, 1, 0.859954, 0.850381, 0.964589, 321, 1, 1, 1, 0, 0, 0
251, 774, 601, 11352379, 15, 94, 131, 9, 261, 148, 1, 1, 0.963273, 1, 1, 321, 0, 0, 0, 0, 0, 0
318, 787, 601, 11352379, 15, 94, 131, 9, 261, 256, 1, 1, 0.963273, 1, 0.859283, 321, 0, 0, 0, 0, 0, 0
377, 787, 601, 11352379, 15, 297, 397, 228, 303, 354, 1, 0.321776, 0.231617, 0.188103, 0.136603, 321, 0, 1, 1, 1, 1, 0
371, 801, 612, 11352379, 15, 248, 94, 131, 37, 261, 0.852866, 1, 1, 0.64336, 1, 321, 0, 0, 0, 0, 0, 1
186, 601, 659, 11352444, 14, 393, 309, 360, 236, 204, 1, 0.68315, 0.360218, 1, 0.93942, 321, 1, 1, 1, 0, 0, 0
19, 598, 695, 11352444, 14, 393, 360, 309, 337, 358, 1, 1, 1, 0.964717, 0.859829, 321, 1, 1, 1, 1, 1, 0
4, 601, 703, 11352444, 14, 360, 309, 393, 236, 204, 1, 0.95641, 0.750085, 0.96095, 1, 321, 1, 1, 1, 0, 0, 1
261, 801, 629, 11352728, 16, 297, 37, 94, 131, 171, 0.938828, 1, 1, 1, 0.641633, 321, 0, 0, 0, 0, 0, 0
131, 801, 651, 11352728, 16, 248, 94, 171, 37, 297, 1, 1, 0.752445, 0.790397, 0.644501, 321, 0, 0, 0, 0, 0, 0
94, 801, 697, 11352728, 16, 248, 171, 297, 133, 37, 1, 0.948813, 0.644501, 0.474375, 0.857781, 321, 0, 0, 0, 0, 0, 1
37, 798, 707, 11352729, 16, 133, 248, 69, 301, 297, 1, 1, 0.856857, 0.965027, 1, 321, 0, 0, 0, 1, 0, 0
130, 598, 540, 11352780, 13, 4, 186, 19, 273, 128, 0.96249, 1, 0.920626, 0.967182, 0.859253, 321, 0, 0, 0, 1, 0, 0
243, 598, 574, 11352780, 13, 4, 186, 128, 337, 84, 1, 1, 1, 0.754749, 0.857587, 321, 0, 0, 0, 1, 0, 0
332, 598, 586, 11352780, 13, 4, 186, 128, 84, 19, 1, 1, 1, 0.857587, 0.818206, 321, 0, 0, 0, 0, 0, 1
186, 601, 659, 11352781, 13, 393, 309, 360, 236, 204, 1, 0.683119, 0.360203, 1, 0.939361, 321, 1, 1, 1, 0, 0, 0
4, 601, 703, 11352781, 13, 360, 309, 393, 236, 204, 1, 0.956366, 0.750058, 0.960911, 1, 321, 1, 1, 1, 0, 0, 0
384, 587, 801, 11352787, 16, 6, 194, 112, 240, 337, 0.967004, 1, 1, 1, 1, 321, 0, 0, 0, 0, 1, 0
387, 587, 801, 11352787, 16, 6, 194, 112, 240, 337, 1, 1, 1, 1, 1, 321, 0, 0, 0, 0, 1, 0
240, 624, 798, 11352787, 16, 6, 194, 301, 112, 211, 1, 1, 0.460546, 0.957906, 0.314896, 321, 0, 0, 1, 0, 1, 0
194, 658, 798, 11352787, 16, 6, 301, 223, 248, 69, 1, 0.536123, 0.429334, 0.214064, 0.107106, 321, 0, 1, 1, 1, 1, 1
6, 699, 798, 11353111, 17, 301, 248, 223, 211, 57, 0.906218, 0.856227, 0.536649, 0.301564, 0.272142, 321, 1, 1, 0, 0, 0, 1
223, 830, 798, 11353111, 17, 196, 57, 51, 211, 355, 0.945261, 1, 0.840744, 1, 0.694771, 321, 0, 0, 0, 0, 1, 0
204, 598, 740, 11353156, 15, 112, 109, 240, 337, 194, 1, 0.94613, 1, 1, 0.855887, 321, 0, 0, 0, 1, 0, 0
236, 598, 770, 11353156, 15, 6, 194, 112, 240, 337, 0.859525, 0.962872, 1, 1, 1, 321, 0, 0, 0, 0, 1, 0
301, 813, 798, 11353434, 18, 51, 57, 355, 211, 133, 1, 1, 0.85391, 1, 1, 321, 0, 0, 1, 0, 0, 1
128, 654, 598, 11353466, 14, 371, 377, 318, 251, 84, 1, 0.859853, 0.642378, 0.821117, 1, 321, 1, 1, 1, 0, 0, 0
186, 601, 659, 11353466, 14, 393, 309, 360, 236, 204, 1, 0.683055, 0.360174, 1, 0.93924, 321, 1, 1, 1, 0, 0, 0
19, 598, 695, 11353467, 14, 393, 360, 309, 337, 358, 1, 1, 1, 0.964612, 0.859735, 321, 1, 1, 1, 1, 1, 0
4, 601, 703, 11353467, 14, 360, 309, 393, 236, 204, 1, 0.956277, 0.750003, 0.960832, 1, 321, 1, 1, 1, 0, 0, 1
211, 862, 798, 11353731, 19, 51, 57, 196, 355, 226, 1, 1, 0.857262, 0.564622, 0.547467, 321, 0, 0, 0, 1, 1, 0
57, 905, 798, 11353731, 19, 355, 329, 196, 252, 307, 0.947522, 0.929293, 1, 0.855954, 0.630631, 321, 1, 1, 0, 0, 1, 0
51, 908, 801, 11353731, 19, 226, 63, 355, 203, 307, 1, 0.751926, 1, 0.856029, 0.9637, 321, 0, 0, 1, 0, 1, 1
204, 598, 740, 11353842, 15, 112, 109, 240, 337, 194, 1, 0.946028, 1, 1, 0.855824, 321, 0, 0, 0, 1, 0, 0
236, 598, 770, 11353842, 15, 6, 194, 112, 240, 337, 0.859461, 0.962802, 1, 1, 1, 321, 0, 0, 0, 0, 1, 0
309, 598, 787, 11353842, 15, 6, 194, 112, 240, 322, 1, 1, 1, 1, 0.742394, 321, 0, 0, 0, 0, 1, 0
360, 598, 787, 11353842, 15, 6, 194, 219, 112, 109, 1, 1, 1, 1, 0.920598, 321, 0, 0, 0, 0, 0, 1
393, 598, 787, 11353842, 15, 6, 194, 112, 240, 337, 1, 1, 1, 1, 1, 321, 0, 0, 0, 0, 1, 0
307, 1001, 813, 11354003, 20, 391, 63, 101, 203, 375, 0.854777, 1, 0.838419, 1, 0.598668, 321, 1, 0, 0, 0, 1, 0
355, 1001, 812, 11354003, 20, 321, 63, 383, 203, 152, 0.945182, 1, 0.749431, 1, 0.684466, 321, 1, 0, 1, 0, 0, 0
194, 658, 798, 11354243, 16, 6, 301, 223, 248, 69, 1, 0.536039, 0.429267, 0.214031, 0.10709, 321, 0, 1, 1, 1, 1, 0
112, 601, 872, 11354243, 16, 6, 194, 219, 109, 10000000, 0.644568, 0.748814, 0.721413, 0.750695, 0, 321, 0, 0, 0, 0, 1, 0
109, 598, 910, 11354243, 16, 322, 361, 253, 140, 80, 0.963674, 0.962274, 0.856466, 0.748542, 0.536155, 321, 1, 1, 1, 0, 0, 0
231, 427, 998, 11356315, 15, 361, 42, 195, 80, 140, 0.895393, 0.96344, 1, 0.157554, 0.106911, 321, 1, 0, 0, 0, 1, 0
195, 453, 998, 11356315, 15, 42, 253, 361, 322, 140, 1, 0.69045, 0.596929, 0.374945, 0.136255, 321, 0, 0, 1, 1, 1, 0
42, 505, 998, 11356315, 15, 322, 253, 361, 140, 80, 0.927208, 0.720987, 0.314887, 0.213822, 0.157554, 321, 1, 0, 1, 0, 0, 1
322, 612, 998, 11356316, 15, 80, 140, 253, 36, 147, 1, 1, 1, 0.535228, 0.473486, 321, 0, 0, 0, 0, 0, 0
361, 612, 998, 11356717, 16, 80, 140, 147, 36, 253, 1, 1, 0.750401, 0.816076, 1, 321, 0, 0, 0, 0, 0, 0
322, 612, 998, 11356717, 16, 80, 140, 253, 36, 147, 1, 1, 1, 0.535205, 0.473456, 321, 0, 0, 0, 0, 0, 1
253, 626, 998, 11356717, 16, 80, 36, 147, 140, 281, 1, 0.935195, 0.839165, 1, 0.534918, 321, 0, 0, 0, 0, 1, 0
140, 654, 998, 11356717, 16, 281, 80, 36, 147, 97, 1, 1, 0.960505, 0.816802, 0.21478, 321, 0, 0, 0, 0, 1, 0
37, 798, 707, 11356929, 17, 133, 248, 69, 301, 297, 1, 1, 0.856471, 0.964593, 1, 321, 0, 0, 0, 1, 0, 0
171, 798, 744, 11356929, 17, 69, 74, 133, 248, 301, 1, 1, 0.9623, 1, 1, 321, 0, 0, 0, 0, 1, 0
297, 798, 770, 11356929, 17, 69, 133, 211, 248, 223, 0.96353, 1, 0.963419, 1, 1, 321, 0, 0, 0, 0, 0, 0
248, 801, 829, 11356929, 17, 69, 133, 211, 57, 74, 0.96353, 1, 0.963419, 0.752096, 0.749537, 321, 0, 0, 0, 0, 0, 1
133, 801, 859, 11356929, 17, 69, 74, 57, 10000000, 10000000, 1, 0.720674, 0.644653, 0, 0, 321, 0, 0, 0, 1, 1, 0
253, 626, 998, 11357040, 17, 80, 36, 147, 140, 281, 1, 0.935139, 0.839132, 1, 0.534899, 321, 0, 0, 0, 0, 1, 0
140, 654, 998, 11357040, 17, 281, 80, 36, 147, 97, 1, 1, 0.960467, 0.816766, 0.214773, 321, 0, 0, 0, 0, 1, 0
80, 697, 998, 11357040, 17, 147, 281, 97, 36, 10000000, 0.719256, 0.534899, 0.359532, 0.856299, 0, 321, 0, 0, 0, 0, 1, 1
36, 702, 1001, 11357040, 17, 97, 281, 147, 74, 391, 1, 1, 1, 0.535377, 0.157439, 321, 0, 0, 0, 0, 1, 0
147, 741, 1001, 11357040, 17, 97, 281, 74, 258, 1, 1, 1, 0.749528, 0.320926, 0.321854, 321, 0, 0, 0, 1, 0, 0
133, 801, 859, 11357291, 18, 69, 74, 57, 10000000, 10000000, 1, 0.720643, 0.644628, 0, 0, 321, 0, 0, 0, 1, 1, 0
69, 801, 902, 11357291, 18, 57, 10000000, 10000000, 10000000, 10000000, 0.53719, 0, 0, 0, 0, 321, 0, 1, 1, 1, 1, 1
74, 798, 907, 11357291, 18, 281, 97, 10000000, 10000000, 10000000, 0.748839, 0.536918, 0, 0, 0, 321, 1, 0, 1, 1, 1, 0
36, 702, 1001, 11357376, 18, 97, 281, 147, 74, 391, 1, 1, 1, 0.535358, 0.157431, 321, 0, 0, 0, 0, 1, 0
147, 741, 1001, 11357376, 18, 97, 281, 74, 258, 1, 1, 1, 0.749501, 0.320915, 0.321843, 321, 0, 0, 0, 1, 0, 1
281, 773, 1001, 11357376, 18, 97, 1, 198, 375, 74, 1, 0.922416, 0.545478, 0.37503, 0.856572, 321, 0, 0, 0, 1, 0, 0
281, 773, 1001, 11357816, 19, 97, 1, 198, 375, 74, 1, 0.922322, 0.545445, 0.374999, 0.856532, 321, 0, 0, 0, 1, 0, 0
97, 893, 998, 11357817, 19, 375, 258, 198, 333, 1, 0.949591, 0.936793, 0.941286, 0.751334, 1, 321, 1, 1, 0, 1, 0, 1
1, 909, 1001, 11358114, 20, 391, 383, 375, 321, 333, 1, 1, 1, 1, 1, 321, 1, 1, 1, 1, 1, 0
198, 946, 1001, 11358114, 20, 391, 383, 375, 321, 333, 1, 1, 1, 1, 1, 321, 1, 1, 1, 1, 1, 0
333, 990, 1001, 11358114, 20, 391, 383, 375, 321, 10000000, 1, 1, 1, 1, 0, 321, 1, 1, 1, 1, 1, 0
375, 998, 991, 11358114, 20, 391, 383, 321, 10000000, 10000000, 1, 1, 1, 0, 0, 321, 1, 1, 1, 1, 1, 0
6, 700, 798, 11358443, 17, 301, 248, 223, 211, 57, 0.90476, 0.855738, 0.536342, 0.30108, 0.271944, 321, 1, 1, 0, 0, 0, 0
301, 813, 798, 11358444, 17, 51, 57, 355, 211, 133, 1, 1, 0.852087, 1, 1, 321, 0, 0, 1, 0, 0, 0
383, 998, 991, 11358463, 21, 391, 375, 321, 10000000, 10000000, 1, 1, 1, 0, 0, 321, 1, 1, 1, 1, 1, 0
391, 998, 991, 11358463, 21, 383, 375, 321, 10000000, 10000000, 1, 1, 1, 0, 0, 321, 1, 1, 1, 1, 1, 0
217, 401, 440, 11358658, 10, 115, 104, 24, 154, 166, 1, 1, 0.748255, 0.428917, 0.962138, 321, 0, 0, 0, 1, 0, 0
166, 457, 398, 11358658, 10, 144, 24, 53, 104, 347, 1, 1, 0.957704, 0.748552, 0.272245, 321, 0, 0, 0, 0, 1, 0
104, 401, 479, 11358658, 10, 115, 154, 10000000, 10000000, 10000000, 1, 0.536146, 0, 0, 0, 321, 0, 0, 1, 1, 1, 0
301, 813, 798, 11358819, 18, 51, 57, 355, 211, 133, 1, 1, 0.851951, 1, 1, 321, 0, 0, 1, 0, 0, 0
223, 830, 798, 11358819, 18, 196, 57, 51, 211, 355, 0.944412, 1, 0.840168, 1, 0.693853, 321, 0, 0, 0, 0, 1, 0
211, 862, 798, 11358819, 18, 51, 57, 196, 355, 226, 1, 1, 0.856795, 0.564082, 0.547086, 321, 0, 0, 0, 1, 1, 0
272, 772, 201, 11359008, 11, 58, 126, 250, 192, 99, 1, 1, 1, 0.921159, 1, 321, 0, 0, 0, 0, 0, 0
316, 813, 198, 11359008, 11, 126, 58, 250, 99, 319, 1, 0.856504, 1, 1, 1, 321, 0, 0, 0, 0, 1, 0
237, 825, 198, 11359008, 11, 126, 250, 58, 99, 319, 0.96616, 1, 0.642378, 1, 1, 321, 0, 0, 0, 0, 1, 0
119, 859, 198, 11359008, 11, 250, 319, 126, 192, 99, 0.966008, 1, 0.858809, 0.95631, 1, 321, 1, 1, 0, 0, 0, 0
211, 862, 798, 11359090, 19, 51, 57, 196, 355, 226, 1, 1, 0.85677, 0.564053, 0.547066, 321, 0, 0, 0, 1, 1, 0
57, 905, 798, 11359090, 19, 355, 329, 196, 252, 307, 0.946721, 0.928138, 1, 0.855464, 0.630099, 321, 1, 1, 0, 0, 1, 0
51, 908, 801, 11359090, 19, 226, 63, 355, 203, 307, 1, 0.751493, 1, 0.855538, 0.963147, 321, 0, 0, 1, 0, 1, 0
377, 787, 601, 11359144, 12, 297, 397, 228, 303, 354, 1, 0.321543, 0.231255, 0.187864, 0.136477, 321, 0, 1, 1, 1, 1, 0
334, 801, 612, 11359144, 12, 94, 171, 131, 261, 9, 1, 0.751538, 1, 1, 0.855623, 321, 0, 0, 0, 0, 0, 0
371, 801, 612, 11359144, 12, 248, 94, 131, 37, 261, 0.850412, 1, 1, 0.642894, 1, 321, 0, 0, 0, 0, 0, 0
148, 853, 598, 11359144, 12, 255, 376, 341, 202, 131, 0.786609, 0.719371, 0.693384, 0.962083, 0.96302, 321, 1, 1, 1, 0, 0, 0
307, 1001, 813, 11359374, 20, 391, 63, 101, 203, 375, 0.852819, 1, 0.83788, 1, 0.598283, 321, 1, 0, 0, 0, 1, 0
355, 1001, 812, 11359374, 20, 321, 63, 383, 203, 152, 0.944382, 1, 0.748677, 1, 0.683964, 321, 1, 0, 1, 0, 0, 0
203, 1001, 853, 11362203, 21, 321, 63, 152, 265, 101, 0.95813, 1, 0.749629, 0.694914, 0.837596, 321, 1, 0, 0, 1, 0, 0
63, 1001, 892, 11362203, 21, 321, 375, 258, 333, 383, 1, 0.95693, 0.947697, 0.67963, 0.535079, 321, 1, 1, 0, 1, 1, 0
152, 998, 944, 11362203, 21, 391, 383, 375, 321, 333, 1, 1, 1, 1, 1, 321, 1, 1, 1, 1, 1, 0
383, 998, 991, 11362203, 21, 391, 375, 321, 10000000, 10000000, 1, 1, 1, 0, 0, 321, 1, 1, 1, 1, 1, 0
319, 801, 213, 11363208, 12, 187, 40, 58, 126, 250, 1, 1, 1, 1, 1, 321, 0, 0, 0, 0, 0, 0
250, 801, 226, 11363208, 12, 40, 58, 187, 126, 10000000, 1, 1, 0.721749, 1, 0, 321, 0, 0, 0, 0, 1, 0
99, 891, 198, 11363208, 12, 126, 44, 192, 58, 10000000, 0.751119, 1, 0.749134, 0.428059, 0, 321, 0, 0, 0, 0, 1, 0
202, 943, 601, 11363345, 13, 145, 54, 255, 376, 341, 1, 0.857099, 1, 1, 1, 321, 0, 0, 0, 1, 1, 0
376, 987, 601, 11363345, 13, 307, 54, 355, 145, 255, 1, 1, 0.756932, 1, 1, 321, 1, 0, 1, 0, 0, 0
109, 598, 910, 11366443, 17, 322, 361, 253, 140, 80, 0.962417, 0.96102, 0.855349, 0.747567, 0.535455, 321, 1, 1, 1, 0, 0, 0
219, 598, 954, 11366443, 17, 140, 80, 253, 361, 322, 0.961157, 0.749637, 1, 1, 1, 321, 0, 0, 0, 1, 1, 0
115, 398, 521, 11366859, 11, 79, 154, 162, 96, 215, 1, 1, 0.748319, 0.535166, 0.15707, 321, 0, 0, 0, 0, 1, 0
154, 401, 648, 11367221, 12, 31, 108, 79, 162, 96, 0.107066, 1, 1, 0.962087, 0.749203, 321, 1, 0, 0, 0, 0, 0
126, 801, 260, 11367408, 13, 58, 40, 187, 10000000, 10000000, 1, 0.85455, 0.642613, 0, 0, 321, 0, 0, 0, 1, 1, 0
58, 801, 305, 11367408, 13, 187, 40, 111, 10000000, 10000000, 0.642613, 0.961329, 0.136176, 0, 0, 321, 0, 0, 1, 1, 1, 0
40, 798, 310, 11367408, 13, 111, 306, 367, 398, 283, 1, 0.962948, 0.962719, 0.960857, 0.858281, 321, 0, 1, 1, 1, 1, 0
187, 798, 348, 11367408, 13, 111, 87, 283, 398, 367, 1, 0.934599, 1, 1, 1, 321, 0, 0, 0, 1, 1, 0
255, 1001, 627, 11367545, 14, 151, 54, 226, 145, 355, 0.947616, 1, 0.747404, 1, 0.60205, 321, 0, 0, 0, 0, 1, 0
145, 1001, 657, 11367545, 14, 63, 54, 151, 39, 307, 1, 1, 0.719327, 0.857268, 0.601896, 321, 0, 0, 0, 0, 1, 0
54, 1001, 698, 11367545, 14, 203, 151, 226, 307, 63, 0.897392, 1, 0.683043, 0.471946, 0.408196, 321, 0, 0, 0, 1, 0, 0
24, 500, 398, 11370858, 11, 144, 347, 286, 120, 53, 1, 0.751032, 0.642496, 0.479384, 1, 321, 0, 1, 1, 0, 0, 0
53, 502, 401, 11370858, 11, 35, 120, 286, 347, 179, 0.961597, 1, 1, 1, 0.857571, 321, 0, 0, 0, 1, 0, 0
144, 542, 401, 11370859, 11, 35, 179, 21, 286, 120, 1, 1, 0.854278, 1, 0.962627, 321, 0, 0, 0, 0, 0, 0
347, 601, 412, 11370859, 11, 21, 85, 130, 179, 332, 1, 1, 0.790261, 1, 0.717792, 321, 0, 0, 0, 0, 1, 0
286, 601, 426, 11371221, 12, 21, 85, 332, 179, 130, 1, 0.839116, 0.679588, 1, 0.681373, 321, 0, 0, 1, 0, 0, 0
120, 654, 398, 11371221, 12, 367, 234, 81, 124, 35, 0.855401, 0.839502, 1, 0.790272, 0.96156, 321, 1, 0, 0, 0, 0, 0
35, 696, 398, 11371221, 12, 398, 367, 306, 283, 234, 0.853748, 0.598658, 0.598486, 0.943687, 1, 321, 1, 1, 1, 0, 0, 0
79, 401, 694, 11371421, 13, 177, 31, 292, 96, 108, 0.895642, 0.692945, 0.598343, 0.641886, 1, 321, 0, 0, 0, 0, 0, 0
108, 398, 714, 11371421, 13, 352, 304, 31, 177, 82, 1, 1, 1, 1, 0.749853, 321, 1, 1, 0, 0, 0, 0
234, 773, 401, 11371518, 13, 111, 87, 93, 76, 139, 1, 0.786518, 1, 0.889865, 1, 321, 0, 0, 0, 0, 0, 0
306, 787, 401, 11371518, 13, 111, 146, 93, 87, 139, 1, 0.788378, 1, 0.682031, 1, 321, 0, 0, 0, 0, 0, 0
398, 787, 401, 11371518, 13, 111, 87, 93, 139, 283, 1, 0.747106, 1, 1, 1, 321, 0, 0, 0, 0, 0, 0
151, 998, 741, 11371745, 15, 63, 203, 226, 355, 307, 1, 1, 1, 1, 1, 321, 0, 0, 0, 1, 1, 0
307, 1001, 813, 11371745, 15, 391, 63, 101, 203, 375, 0.848344, 1, 0.836641, 1, 0.597399, 321, 1, 0, 0, 0, 1, 0
226, 1001, 825, 11371745, 15, 321, 63, 375, 203, 152, 1, 1, 0.789585, 1, 0.641883, 321, 1, 0, 1, 0, 0, 0
203, 1001, 854, 11371746, 15, 321, 63, 152, 265, 101, 0.957036, 1, 0.748863, 0.693381, 0.836641, 321, 1, 0, 0, 1, 0, 0
283, 827, 398, 11371816, 14, 111, 245, 127, 93, 76, 0.961823, 0.136436, 0.119753, 1, 0.816204, 321, 0, 1, 1, 0, 0, 0
139, 856, 398, 11371816, 14, 245, 127, 111, 93, 76, 0.462176, 0.407008, 0.748084, 1, 0.816204, 321, 1, 1, 0, 0, 0, 0
111, 801, 481, 11371816, 14, 131, 280, 371, 87, 334, 0.690899, 0.720979, 0.62809, 0.83722, 0.533634, 321, 0, 0, 1, 0, 1, 0
87, 798, 505, 11371816, 14, 94, 131, 261, 371, 334, 0.963212, 1, 1, 1, 1, 321, 0, 0, 0, 1, 1, 0
93, 896, 398, 11371816, 14, 245, 111, 76, 10000000, 10000000, 0.428799, 0.641215, 0.952238, 0, 0, 321, 1, 0, 0, 1, 1, 0
63, 1001, 892, 11372043, 16, 321, 375, 258, 333, 383, 1, 0.955805, 0.946226, 0.678722, 0.534517, 321, 1, 1, 0, 1, 1, 0
101, 998, 908, 11372043, 16, 391, 383, 375, 321, 333, 1, 1, 1, 1, 1, 321, 1, 1, 1, 1, 1, 0
152, 998, 944, 11372043, 16, 391, 383, 375, 321, 333, 1, 1, 1, 1, 1, 321, 1, 1, 1, 1, 1, 0
87, 798, 505, 11372165, 15, 94, 131, 261, 371, 334, 0.963176, 1, 1, 1, 1, 321, 0, 0, 0, 1, 1, 0
280, 798, 573, 11372165, 15, 301, 171, 377, 318, 94, 1, 1, 1, 1, 1, 321, 1, 0, 1, 1, 0, 0
371, 801, 612, 11372165, 15, 248, 94, 131, 37, 261, 0.84573, 1, 1, 0.641998, 1, 321, 0, 0, 0, 0, 0, 0
334, 801, 612, 11372165, 15, 94, 171, 131, 261, 9, 1, 0.749704, 1, 1, 0.854434, 321, 0, 0, 0, 0, 0, 0
131, 801, 651, 11372165, 15, 248, 94, 171, 37, 297, 1, 1, 0.749704, 0.787976, 0.643158, 321, 0, 0, 0, 0, 0, 0
94, 801, 697, 11372462, 16, 248, 171, 297, 133, 37, 1, 0.945861, 0.643137, 0.472899, 0.85597, 321, 0, 0, 0, 0, 0, 0
37, 798, 707, 11372462, 16, 133, 248, 69, 301, 297, 1, 1, 0.85505, 0.96299, 1, 321, 0, 0, 0, 1, 0, 0
171, 798, 743, 11372463, 16, 69, 74, 133, 248, 301, 1, 1, 0.960704, 1, 1, 321, 0, 0, 0, 0, 1, 0
297, 798, 770, 11372463, 16, 69, 133, 211, 248, 223, 0.961931, 1, 0.96182, 1, 1, 321, 0, 0, 0, 0, 0, 0
361, 612, 998, 11374644, 18, 80, 140, 147, 36, 253, 1, 1, 0.748961, 0.814091, 1, 321, 0, 0, 0, 0, 0, 0
322, 613, 998, 11374644, 18, 80, 140, 253, 36, 147, 1, 1, 1, 0.53418, 0.47212, 321, 0, 0, 0, 0, 0, 0
44, 898, 201, 11375408, 13, 192, 245, 25, 10000000, 10000000, 1, 0.107159, 0, 0, 0, 321, 0, 1, 1, 1, 1, 0
192, 941, 201, 11375408, 13, 92, 245, 10000000, 10000000, 10000000, 0.136277, 0.107159, 0, 0, 0, 321, 0, 1, 1, 1, 1, 0
177, 401, 855, 11375622, 14, 181, 82, 31, 52, 169, 0.963704, 0.749516, 1, 0.835921, 0.719644, 321, 0, 0, 0, 0, 0, 0
258, 998, 976, 11376243, 17, 391, 383, 375, 321, 333, 1, 1, 1, 1, 1, 321, 1, 1, 1, 1, 1, 0
375, 998, 991, 11376243, 17, 391, 383, 321, 10000000, 10000000, 1, 1, 1, 0, 0, 321, 1, 1, 1, 1, 1, 0
383, 998, 991, 11376243, 17, 391, 375, 321, 10000000, 10000000, 1, 1, 1, 0, 0, 321, 1, 1, 1, 1, 1, 0
37, 798, 706, 11376662, 17, 133, 248, 69, 301, 297, 1, 1, 0.854666, 0.962557, 1, 321, 0, 0, 0, 1, 0, 0
171, 798, 743, 11376663, 17, 69, 74, 133, 248, 301, 1, 1, 0.960274, 1, 1, 321, 0, 0, 0, 0, 1, 0
297, 798, 770, 11376663, 17, 69, 133, 211, 248, 223, 0.961499, 1, 0.961389, 1, 1, 321, 0, 0, 0, 0, 0, 0
248, 801, 829, 11376663, 17, 69, 133, 57, 211, 74, 0.961499, 1, 0.750504, 0.961389, 0.747956, 321, 0, 0, 0, 0, 0, 0
133, 801, 859, 11376973, 18, 69, 74, 57, 10000000, 10000000, 1, 0.718943, 0.643268, 0, 0, 321, 0, 0, 0, 1, 1, 0
69, 801, 902, 11376973, 18, 57, 10000000, 10000000, 10000000, 10000000, 0.536057, 0, 0, 0, 0, 321, 0, 1, 1, 1, 1, 0
74, 798, 907, 11376973, 18, 281, 97, 10000000, 10000000, 10000000, 0.747265, 0.535785, 0, 0, 0, 321, 1, 0, 1, 1, 1, 0
192, 941, 201, 11379608, 14, 92, 245, 10000000, 10000000, 10000000, 0.136199, 0.10711, 0, 0, 0, 321, 0, 1, 1, 1, 1, 0
76, 910, 401, 11380016, 15, 127, 245, 25, 10000000, 10000000, 0.854115, 1, 0.641107, 0, 0, 321, 0, 0, 0, 1, 1, 0
383, 998, 991, 11380443, 18, 391, 375, 321, 10000000, 10000000, 1, 1, 1, 0, 0, 321, 1, 1, 1, 1, 1, 0
391, 998, 991, 11380443, 18, 383, 375, 321, 10000000, 10000000, 1, 1, 1, 0, 0, 321, 1, 1, 1, 1, 1, 0
375, 998, 991, 11380857, 19, 391, 383, 321, 10000000, 10000000, 1, 1, 1, 0, 0, 321, 1, 1, 1, 1, 1, 0
383, 998, 991, 11380857, 19, 391, 375, 321, 10000000, 10000000, 1, 1, 1, 0, 0, 321, 1, 1, 1, 1, 1, 0
375, 998, 991, 11381115, 20, 391, 383, 321, 10000000, 10000000, 1, 1, 1, 0, 0, 321, 1, 1, 1, 1, 1, 0
391, 998, 991, 11381115, 20, 383, 375, 321, 10000000, 10000000, 1, 1, 1, 0, 0, 321, 1, 1, 1, 1, 1, 0
375, 998, 991, 11381555, 21, 391, 383, 321, 10000000, 10000000, 1, 1, 1, 0, 0, 321, 1, 1, 1, 1, 1, 0
383, 998, 991, 11381555, 21, 391, 375, 321, 10000000, 10000000, 1, 1, 1, 0, 0, 321, 1, 1, 1, 1, 1, 0
179, 601, 458, 11383421, 13, 130, 21, 332, 85, 243, 1, 1, 0.631306, 0.816467, 0.320057, 321, 0, 0, 1, 0, 0, 0
21, 601, 502, 11383421, 13, 332, 243, 186, 130, 4, 1, 0.944862, 0.59805, 0.853847, 0.213188, 321, 1, 0, 0, 0, 0, 0
85, 598, 502, 11383421, 13, 4, 186, 332, 243, 273, 0.959346, 1, 1, 1, 0.856896, 321, 0, 0, 1, 0, 1, 0
130, 598, 539, 11383421, 13, 4, 186, 19, 273, 128, 0.959346, 1, 0.914179, 0.964008, 0.856434, 321, 0, 0, 0, 1, 0, 0
332, 598, 586, 11383421, 13, 4, 186, 128, 84, 19, 1, 1, 1, 0.854779, 0.814801, 321, 0, 0, 0, 0, 0, 0
130, 598, 539, 11383809, 14, 4, 186, 19, 273, 128, 0.959306, 1, 0.914098, 0.963968, 0.856398, 321, 0, 0, 0, 1, 0, 0
243, 598, 573, 11383809, 14, 4, 186, 128, 84, 337, 1, 1, 1, 0.854744, 0.737478, 321, 0, 0, 0, 0, 1, 0
332, 598, 586, 11383809, 14, 4, 186, 128, 84, 19, 1, 1, 1, 0.854744, 0.814758, 321, 0, 0, 0, 0, 0, 0
128, 654, 598, 11384120, 15, 371, 377, 318, 251, 84, 1, 0.857029, 0.640277, 0.817687, 1, 321, 1, 1, 1, 0, 0, 0
186, 601, 660, 11384120, 15, 393, 309, 360, 236, 204, 1, 0.680206, 0.358853, 1, 0.933862, 321, 1, 1, 1, 0, 0, 0
19, 598, 695, 11384120, 15, 393, 360, 309, 337, 358, 1, 1, 1, 0.961453, 0.856912, 321, 1, 1, 1, 1, 1, 0
4, 601, 704, 11384120, 15, 360, 309, 393, 236, 204, 1, 0.952289, 0.747548, 0.957308, 1, 321, 1, 1, 1, 0, 0, 0
204, 598, 740, 11384560, 16, 112, 109, 240, 337, 194, 1, 0.941468, 1, 1, 0.853021, 321, 0, 0, 0, 1, 0, 0
236, 598, 770, 11384560, 16, 6, 194, 112, 240, 337, 0.856634, 0.959648, 1, 1, 1, 321, 0, 0, 0, 0, 1, 0
309, 598, 787, 11384560, 16, 6, 194, 112, 240, 322, 1, 1, 1, 1, 0.725842, 321, 0, 0, 0, 0, 1, 0
393, 598, 787, 11384560, 16, 6, 194, 112, 240, 337, 1, 1, 1, 1, 1, 321, 0, 0, 0, 0, 1, 0
253, 626, 998, 11386844, 19, 80, 147, 36, 140, 281, 1, 0.836145, 0.929955, 1, 0.533199, 321, 0, 0, 0, 0, 1, 0
140, 655, 998, 11386844, 19, 281, 80, 36, 147, 97, 1, 1, 0.957043, 0.813466, 0.214088, 321, 0, 0, 0, 0, 1, 0
80, 697, 998, 11386844, 19, 147, 281, 97, 36, 10000000, 0.716696, 0.533199, 0.358252, 0.853576, 0, 321, 0, 0, 0, 0, 1, 0
36, 702, 1001, 11386844, 19, 97, 281, 147, 74, 391, 1, 1, 1, 0.533674, 0.156704, 321, 0, 0, 0, 0, 1, 0
147, 741, 1001, 11386844, 19, 97, 281, 74, 258, 1, 1, 1, 0.747143, 0.319906, 0.320828, 321, 0, 0, 0, 1, 0, 0
36, 702, 1001, 11387115, 20, 97, 281, 147, 74, 391, 1, 1, 1, 0.533658, 0.156697, 321, 0, 0, 0, 0, 1, 0
147, 741, 1001, 11387115, 20, 97, 281, 74, 258, 1, 1, 1, 0.747122, 0.319897, 0.320819, 321, 0, 0, 0, 1, 0, 0
281, 772, 1001, 11387115, 20, 97, 1, 198, 375, 74, 1, 0.916133, 0.543275, 0.37295, 0.853853, 321, 0, 0, 0, 1, 0, 0
281, 772, 1001, 11387386, 21, 97, 1, 198, 375, 74, 1, 0.916076, 0.543255, 0.372931, 0.853829, 321, 0, 0, 0, 1, 0, 0
31, 401, 897, 11387822, 15, 82, 289, 169, 10000000, 10000000, 0.641604, 1, 0.951772, 0, 0, 321, 0, 0, 0, 1, 1, 0
52, 398, 908, 11387822, 15, 327, 364, 231, 195, 42, 0.960226, 0.959323, 0.854696, 0.639221, 0.533445, 321, 1, 1, 1, 1, 0, 0
169, 398, 945, 11387822, 15, 364, 327, 231, 195, 42, 1, 1, 0.961533, 0.852295, 0.640135, 321, 1, 1, 1, 0, 0, 0
240, 624, 798, 11388760, 17, 6, 194, 301, 112, 211, 1, 1, 0.456762, 0.953797, 0.313122, 321, 0, 0, 1, 0, 1, 0
194, 659, 798, 11388760, 17, 6, 301, 223, 248, 69, 1, 0.534063, 0.427683, 0.213243, 0.106695, 321, 0, 1, 1, 1, 1, 0
112, 601, 872, 11388760, 17, 6, 194, 219, 109, 10000000, 0.642187, 0.746059, 0.718432, 0.747926, 0, 321, 0, 0, 0, 0, 1, 0
84, 698, 598, 11392320, 16, 334, 318, 377, 9, 251, 1, 1, 0.856277, 0.83618, 0.960478, 321, 1, 1, 1, 0, 0, 0
251, 773, 601, 11392320, 16, 94, 131, 9, 261, 148, 1, 1, 0.959173, 1, 1, 321, 0, 0, 0, 0, 0, 0
297, 798, 769, 11392863, 18, 69, 133, 211, 248, 223, 0.959838, 1, 0.959728, 1, 1, 321, 0, 0, 0, 0, 0, 0
248, 801, 829, 11392863, 18, 69, 133, 57, 211, 74, 0.959838, 1, 0.749203, 0.959728, 0.746664, 321, 0, 0, 0, 0, 0, 0
133, 801, 859, 11392863, 18, 69, 74, 57, 10000000, 10000000, 1, 0.717577, 0.642174, 0, 0, 321, 0, 0, 0, 1, 1, 0
6, 700, 798, 11392960, 18, 301, 248, 223, 211, 57, 0.895439, 0.852591, 0.534364, 0.297983, 0.270674, 321, 1, 1, 0, 0, 0, 0
301, 813, 798, 11392961, 18, 51, 57, 355, 211, 133, 1, 1, 0.839738, 1, 1, 321, 0, 0, 1, 0, 0, 0
301, 813, 798, 11393232, 19, 51, 57, 355, 211, 133, 1, 1, 0.839643, 1, 1, 321, 0, 0, 1, 0, 0, 0
211, 863, 798, 11393232, 19, 51, 57, 196, 355, 226, 1, 1, 0.853649, 0.560455, 0.544523, 321, 0, 0, 0, 1, 1, 0
69, 801, 902, 11393316, 19, 57, 10000000, 10000000, 10000000, 10000000, 0.535119, 0, 0, 0, 0, 321, 0, 1, 1, 1, 1, 0
74, 798, 906, 11393316, 19, 281, 97, 10000000, 10000000, 10000000, 0.745964, 0.534849, 0, 0, 0, 321, 1, 0, 1, 1, 1, 0
211, 863, 798, 11393646, 20, 51, 57, 196, 355, 226, 1, 1, 0.853611, 0.560412, 0.544493, 321, 0, 0, 0, 1, 1, 0
57, 906, 798, 11393646, 20, 355, 329, 196, 252, 307, 0.941587, 0.920755, 1, 0.852314, 0.626687, 321, 1, 1, 0, 0, 1, 0
51, 908, 801, 11393646, 20, 226, 63, 355, 203, 307, 1, 0.748716, 1, 0.852388, 0.959599, 321, 0, 0, 1, 0, 1, 0
307, 1001, 813, 11393956, 21, 391, 63, 101, 203, 375, 0.840426, 1, 0.834426, 1, 0.595818, 321, 1, 0, 0, 0, 1, 0
355, 1001, 812, 11393956, 21, 321, 63, 383, 203, 152, 0.93927, 1, 0.743862, 1, 0.680743, 321, 1, 0, 1, 0, 0, 0
169, 398, 945, 11396022, 16, 364, 327, 231, 195, 42, 1, 1, 0.960691, 0.851551, 0.639575, 321, 1, 1, 1, 0, 0, 0
289, 398, 972, 11396022, 16, 195, 42, 231, 364, 327, 0.957995, 0.746171, 1, 1, 1, 321, 0, 0, 0, 1, 1, 0
109, 598, 910, 11396960, 18, 322, 361, 253, 140, 80, 0.959286, 0.957899, 0.852567, 0.745138, 0.533711, 321, 1, 1, 1, 0, 0, 0
219, 598, 953, 11396961, 18, 140, 80, 253, 361, 322, 0.958035, 0.747195, 1, 1, 1, 321, 0, 0, 0, 1, 1, 0
364, 412, 998, 11400222, 17, 42, 195, 231, 361, 322, 0.958933, 1, 1, 0.371997, 0.371884, 321, 0, 0, 0, 1, 1, 0
327, 412, 998, 11400222, 17, 322, 42, 195, 253, 231, 0.840592, 1, 1, 0.558796, 1, 321, 1, 0, 0, 0, 0, 0
261, 801, 629, 11404520, 17, 297, 37, 94, 131, 171, 0.929786, 1, 1, 1, 0.638099, 321, 0, 0, 0, 0, 0, 0
131, 801, 652, 11404520, 17, 248, 94, 171, 37, 297, 1, 1, 0.745185, 0.783978, 0.640935, 321, 0, 0, 0, 0, 0, 0
148, 853, 598, 11404520, 17, 255, 376, 341, 131, 202, 0.781034, 0.715478, 0.686188, 0.958367, 0.957439, 321, 1, 1, 1, 0, 0, 0
9, 901, 598, 11404520, 17, 376, 341, 256, 202, 255, 1, 0.854912, 0.958497, 0.957439, 0.624827, 321, 1, 1, 0, 0, 1, 0
361, 612, 998, 11405161, 19, 80, 140, 147, 36, 253, 1, 1, 0.746524, 0.810734, 1, 321, 0, 0, 0, 0, 0, 0
322, 613, 998, 11405161, 19, 80, 140, 253, 36, 147, 1, 1, 1, 0.532444, 0.469864, 321, 0, 0, 0, 0, 0, 0
94, 801, 697, 11408720, 18, 248, 171, 297, 133, 37, 1, 0.940486, 0.640647, 0.470211, 0.852662, 321, 0, 0, 0, 0, 0, 0
37, 798, 706, 11408720, 18, 133, 248, 69, 301, 297, 1, 1, 0.851749, 0.959268, 1, 321, 0, 0, 0, 1, 0, 0
171, 798, 743, 11408720, 18, 69, 74, 133, 248, 301, 1, 1, 0.957, 1, 1, 321, 0, 0, 0, 0, 1, 0
231, 428, 998, 11412422, 18, 361, 42, 195, 80, 140, 0.880646, 0.957688, 1, 0.156174, 0.106273, 321, 1, 0, 0, 0, 1, 0
195, 454, 998, 11412422, 18, 42, 253, 361, 322, 140, 1, 0.681648, 0.587097, 0.371042, 0.135221, 321, 0, 0, 1, 1, 1, 0
42, 506, 998, 11412422, 18, 322, 253, 361, 140, 80, 0.915304, 0.716159, 0.312129, 0.212547, 0.156174, 321, 1, 0, 1, 0, 0, 0
361, 612, 998, 11412694, 19, 80, 140, 147, 36, 253, 1, 1, 0.745924, 0.809909, 1, 321, 0, 0, 0, 0, 0, 0
322, 613, 998, 11412694, 19, 80, 140, 253, 36, 147, 1, 1, 1, 0.532017, 0.46931, 321, 0, 0, 0, 0, 0, 0
253, 626, 998, 11412694, 19, 80, 147, 36, 140, 281, 1, 0.833571, 0.925505, 1, 0.531733, 321, 0, 0, 0, 0, 1, 0
140, 655, 998, 11412694, 19, 281, 80, 36, 147, 97, 1, 1, 0.954092, 0.810625, 0.213497, 321, 0, 0, 0, 0, 1, 0
202, 942, 601, 11412721, 18, 145, 54, 255, 376, 341, 1, 0.852589, 1, 1, 1, 321, 0, 0, 0, 1, 1, 0
256, 972, 601, 11412721, 18, 376, 341, 54, 145, 255, 1, 1, 1, 1, 1, 321, 1, 1, 0, 0, 0, 0
341, 986, 601, 11412721, 18, 307, 54, 39, 145, 151, 1, 1, 0.952471, 1, 0.715452, 321, 1, 0, 0, 0, 0, 0
376, 987, 601, 11412721, 18, 307, 54, 355, 145, 255, 1, 1, 0.729662, 1, 1, 321, 1, 0, 1, 0, 0, 0
37, 798, 706, 11412920, 19, 133, 248, 69, 301, 297, 1, 1, 0.851368, 0.958839, 1, 321, 0, 0, 0, 1, 0, 0
171, 798, 743, 11412920, 19, 69, 74, 133, 248, 301, 1, 1, 0.956573, 1, 1, 321, 0, 0, 0, 0, 1, 0
297, 798, 769, 11412921, 19, 69, 133, 211, 248, 223, 0.957789, 1, 0.957679, 1, 1, 321, 0, 0, 0, 0, 0, 0
248, 801, 829, 11412921, 19, 69, 133, 57, 211, 74, 0.957789, 1, 0.747598, 0.957679, 0.74507, 321, 0, 0, 0, 0, 0, 0
253, 626, 998, 11412965, 20, 80, 147, 36, 140, 281, 1, 0.833544, 0.925459, 1, 0.531718, 321, 0, 0, 0, 0, 1, 0
140, 655, 998, 11412965, 20, 281, 80, 36, 147, 97, 1, 1, 0.954062, 0.810595, 0.213491, 321, 0, 0, 0, 0, 1, 0
80, 697, 998, 11412965, 20, 147, 281, 97, 36, 10000000, 0.714467, 0.531718, 0.357138, 0.851203, 0, 321, 0, 0, 0, 0, 1, 0
36, 702, 1001, 11412965, 20, 97, 281, 147, 74, 391, 1, 1, 1, 0.53219, 0.156065, 321, 0, 0, 0, 0, 1, 0
147, 740, 1001, 11412965, 20, 97, 281, 74, 258, 1, 1, 1, 0.745066, 0.319018, 0.319935, 321, 0, 0, 0, 1, 0, 0
255, 1001, 628, 11412979, 19, 151, 54, 226, 145, 355, 0.940865, 1, 0.741113, 1, 0.593927, 321, 0, 0, 0, 0, 1, 0
145, 1001, 657, 11412979, 19, 63, 54, 151, 39, 307, 1, 1, 0.71543, 0.853115, 0.593778, 321, 0, 0, 0, 0, 1, 0
54, 1001, 699, 11412979, 19, 203, 151, 226, 307, 63, 0.88536, 1, 0.678829, 0.468596, 0.405688, 321, 0, 0, 0, 1, 0, 0
307, 1001, 813, 11412979, 19, 391, 63, 101, 203, 375, 0.833761, 1, 0.832538, 1, 0.59447, 321, 1, 0, 0, 0, 1, 0
133, 801, 859, 11413192, 20, 69, 74, 57, 10000000, 10000000, 1, 0.715837, 0.64078, 0, 0, 321, 0, 0, 0, 1, 1, 0
69, 801, 903, 11413192, 20, 57, 10000000, 10000000, 10000000, 10000000, 0.533983, 0, 0, 0, 0, 321, 0, 1, 1, 1, 1, 0
74, 798, 906, 11413192, 20, 281, 97, 69, 10000000, 10000000, 0.744387, 0.533714, 1, 0, 0, 321, 1, 0, 0, 1, 1, 0
203, 1001, 854, 11413264, 20, 321, 63, 152, 265, 101, 0.952306, 1, 0.745552, 0.68679, 0.83251, 321, 1, 0, 0, 1, 0, 0
63, 1001, 892, 11413264, 20, 321, 375, 258, 333, 383, 1, 0.95112, 0.940115, 0.674945, 0.532171, 321, 1, 1, 0, 1, 1, 0
101, 998, 908, 11413264, 20, 391, 383, 375, 321, 333, 1, 1, 1, 1, 1, 321, 1, 1, 1, 1, 1, 0
391, 998, 991, 11413264, 20, 383, 375, 321, 10000000, 10000000, 1, 1, 1, 0, 0, 321, 1, 1, 1, 1, 1, 0
36, 702, 1001, 11413392, 21, 97, 281, 147, 74, 391, 1, 1, 1, 0.532166, 0.156055, 321, 0, 0, 0, 0, 1, 0
147, 740, 1001, 11413392, 21, 97, 281, 74, 258, 1, 1, 1, 0.745032, 0.319003, 0.31992, 321, 0, 0, 0, 1, 0, 0
281, 772, 1001, 11413392, 21, 97, 1, 198, 375, 74, 1, 0.910653, 0.541343, 0.371131, 0.851465, 321, 0, 0, 0, 1, 0, 0
375, 998, 991, 11413665, 21, 391, 383, 321, 10000000, 10000000, 1, 1, 1, 0, 0, 321, 1, 1, 1, 1, 1, 0
383, 998, 991, 11413665, 21, 391, 375, 321, 10000000, 10000000, 1, 1, 1, 0, 0, 321, 1, 1, 1, 1, 1, 0
39, 998, 696, 11425179, 20, 63, 203, 226, 307, 355, 1, 1, 1, 1, 0.958261, 321, 0, 0, 0, 1, 1, 0
54, 1001, 699, 11425179, 20, 203, 151, 226, 307, 63, 0.882184, 1, 0.677707, 0.467705, 0.40502, 321, 0, 0, 0, 1, 0, 0
151, 998, 740, 11425179, 20, 63, 203, 226, 355, 307, 1, 1, 1, 1, 1, 321, 0, 0, 0, 1, 1, 0
307, 1001, 813, 11425179, 20, 391, 63, 101, 203, 375, 0.829542, 1, 0.831332, 1, 0.593609, 321, 1, 0, 0, 0, 1, 0
151, 998, 740, 11429379, 21, 63, 203, 226, 355, 307, 1, 1, 1, 1, 1, 321, 0, 0, 0, 1, 1, 0
307, 1001, 813, 11429379, 21, 391, 63, 101, 203, 375, 0.8281, 1, 0.830917, 1, 0.593313, 321, 1, 0, 0, 0, 1, 0
226, 1001, 825, 11429379, 21, 321, 63, 375, 203, 152, 1, 1, 0.782464, 1, 0.63795, 321, 1, 0, 1, 0, 0, 0
230, 35, 198, 12299999, 1, 129, 56, 216, 17, 176, 1, 1, 1, 0.848482, 0.862932, 69, 0, 0, 0, 0, 0, 0
216, 69, 198, 12300200, 2, 56, 129, 368, 313, 32, 1, 0.860888, 0.539211, 0.482368, 0.646776, 69, 0, 0, 1, 1, 0, 0
17, 85, 201, 12300200, 2, 159, 313, 368, 249, 238, 1, 1, 1, 0.967826, 1, 69, 0, 1, 1, 0, 0, 0
56, 111, 198, 12300200, 2, 27, 129, 313, 368, 238, 0.882711, 1, 0.688496, 0.647053, 0.648471, 69, 0, 0, 1, 1, 0, 0
129, 135, 201, 12300200, 2, 344, 310, 27, 159, 132, 1, 0.468234, 0.968524, 1, 0.971357, 69, 1, 1, 0, 0, 0, 1
159, 266, 198, 12300614, 3, 314, 356, 118, 27, 71, 0.701026, 0.484698, 0.242341, 1, 1, 69, 1, 1, 1, 0, 0, 1
71, 300, 201, 12312814, 4, 314, 356, 117, 244, 325, 1, 1, 1, 1, 0.861039, 69, 1, 1, 0, 0, 1, 0
27, 309, 198, 12312814, 4, 356, 314, 241, 117, 244, 0.687822, 0.636149, 0.966216, 0.725429, 0.756352, 69, 1, 1, 0, 0, 0, 0
356, 412, 198, 12312815, 4, 41, 314, 118, 122, 88, 0.967097, 1, 1, 1, 1, 69, 0, 1, 0, 0, 0, 1
314, 416, 198, 12317015, 5, 41, 380, 312, 137, 88, 0.96666, 0.753274, 0.698987, 0.120898, 1, 69, 0, 1, 1, 1, 0, 1
118, 401, 270, 12317015, 5, 381, 349, 395, 351, 116, 1, 1, 0.786046, 0.797729, 1, 69, 1, 1, 1, 1, 0, 1
88, 524, 198, 12317015, 5, 380, 312, 239, 137, 287, 1, 1, 0.82318, 0.604489, 0.566599, 69, 1, 1, 0, 0, 0, 0
122, 526, 201, 12317015, 5, 380, 114, 86, 102, 137, 1, 0.862881, 1, 1, 1, 69, 1, 0, 0, 0, 0, 1
88, 524, 198, 12321215, 6, 380, 312, 239, 137, 287, 1, 1, 0.822706, 0.604182, 0.56615, 69, 1, 1, 0, 0, 0, 0
312, 584, 201, 12321215, 6, 380, 232, 359, 272, 319, 1, 0.240419, 0.468071, 0.482844, 0.467125, 69, 1, 1, 1, 1, 1, 0
380, 587, 201, 12321215, 6, 114, 286, 350, 385, 389, 1, 0.77295, 0.601924, 0.304943, 0.188211, 69, 0, 0, 1, 1, 1, 1
116, 398, 318, 12325215, 6, 104, 217, 300, 395, 388, 1, 1, 1, 1, 1, 69, 0, 0, 0, 1, 1, 0
351, 398, 387, 12325215, 6, 104, 53, 217, 166, 24, 1, 1, 1, 1, 0.859086, 69, 0, 0, 0, 0, 0, 0
381, 401, 412, 12325215, 6, 104, 115, 24, 217, 166, 1, 0.927069, 0.966471, 1, 1, 69, 0, 0, 0, 0, 0, 1
395, 401, 412, 12325215, 6, 104, 24, 115, 217, 166, 1, 0.966471, 0.85836, 1, 1, 69, 0, 0, 0, 0, 0, 0
349, 401, 412, 12325215, 6, 104, 24, 217, 166, 115, 1, 0.966471, 1, 1, 0.686203, 69, 0, 0, 0, 0, 0, 0
114, 601, 283, 12325416, 7, 179, 290, 206, 286, 347, 1, 0.751771, 0.824513, 0.538733, 0.481169, 69, 0, 0, 0, 0, 1, 1
385, 812, 198, 12325416, 7, 126, 58, 250, 319, 350, 1, 0.858478, 1, 1, 1, 69, 0, 0, 0, 1, 1, 1
217, 401, 451, 12325500, 7, 115, 104, 24, 154, 79, 1, 1, 0.644295, 0.361905, 0.232315, 69, 0, 0, 0, 1, 0, 0
166, 469, 398, 12325500, 7, 144, 24, 53, 104, 347, 1, 1, 0.965649, 0.644694, 0.360873, 69, 0, 0, 0, 0, 1, 1
104, 401, 491, 12325500, 7, 154, 115, 10000000, 10000000, 10000000, 0.687084, 1, 0, 0, 0, 69, 0, 0, 1, 1, 1, 1
115, 398, 510, 12325500, 7, 79, 154, 162, 96, 182, 0.967273, 1, 0.645887, 0.429064, 0.751724, 69, 0, 0, 0, 0, 0, 0
206, 598, 333, 12325752, 8, 21, 179, 286, 347, 290, 0.968026, 1, 1, 1, 1, 69, 0, 0, 0, 1, 0, 0
290, 598, 362, 12325752, 8, 243, 21, 85, 179, 286, 1, 1, 1, 1, 1, 69, 0, 0, 0, 0, 0, 1
286, 601, 434, 12325752, 8, 21, 179, 85, 130, 332, 1, 1, 0.860525, 0.723532, 0.601545, 69, 0, 0, 0, 0, 1, 0
115, 398, 510, 12325849, 8, 79, 154, 162, 96, 182, 0.967237, 1, 0.645863, 0.429048, 0.751696, 69, 0, 0, 0, 0, 0, 0
154, 401, 660, 12325849, 8, 79, 108, 162, 96, 292, 1, 1, 0.861151, 0.643572, 0.429607, 69, 0, 0, 0, 0, 0, 1
108, 398, 701, 12326276, 9, 352, 304, 292, 177, 31, 0.967359, 0.966286, 1, 0.967702, 0.858987, 69, 1, 1, 0, 0, 0, 0
79, 401, 707, 12326276, 9, 177, 292, 31, 96, 10000000, 0.92928, 0.64438, 0.56773, 0.536285, 0, 69, 0, 0, 0, 0, 1, 1
292, 401, 835, 12326561, 10, 181, 82, 31, 177, 52, 0.966181, 0.751846, 1, 1, 0.750675, 69, 0, 0, 0, 0, 0, 0
177, 401, 867, 12326561, 10, 181, 82, 31, 10000000, 10000000, 0.858828, 0.644439, 1, 0, 0, 69, 0, 0, 0, 1, 1, 1
31, 401, 911, 12326936, 11, 82, 181, 10000000, 10000000, 10000000, 0.537011, 0.536746, 0, 0, 0, 69, 0, 1, 1, 1, 1, 1
380, 587, 201, 12329215, 6, 114, 286, 350, 385, 389, 1, 0.7682, 0.601344, 0.304201, 0.187928, 69, 0, 0, 1, 1, 1, 1
137, 672, 198, 12329216, 6, 316, 359, 389, 319, 385, 0.94018, 0.934392, 0.721461, 1, 0.476239, 69, 1, 1, 1, 1, 1, 0
86, 688, 201, 12329216, 6, 350, 389, 385, 359, 316, 1, 1, 1, 1, 1, 69, 1, 1, 1, 1, 1, 0
286, 601, 434, 12329952, 9, 21, 179, 85, 130, 332, 1, 1, 0.860137, 0.723165, 0.601241, 69, 0, 0, 0, 0, 1, 0
85, 598, 490, 12329952, 9, 186, 4, 332, 243, 273, 1, 0.858054, 1, 1, 0.751643, 69, 0, 0, 1, 0, 1, 0
21, 601, 515, 12329952, 9, 19, 332, 243, 186, 130, 1, 1, 0.959342, 0.537228, 1, 69, 0, 1, 0, 0, 0, 1
130, 598, 526, 12334152, 10, 4, 186, 19, 332, 273, 0.964876, 1, 0.938749, 1, 0.858633, 69, 0, 0, 0, 1, 1, 0
243, 598, 566, 12334153, 10, 4, 186, 128, 204, 273, 1, 1, 0.968943, 0.756426, 0.965962, 69, 0, 0, 0, 0, 0, 0
332, 598, 584, 12334153, 10, 4, 186, 128, 19, 273, 1, 1, 1, 0.841904, 1, 69, 0, 0, 0, 0, 0, 0
19, 598, 681, 12334153, 10, 112, 393, 360, 309, 317, 0.964329, 1, 1, 1, 0.75398, 69, 0, 1, 1, 1, 1, 1
309, 598, 784, 12334528, 11, 6, 194, 112, 240, 337, 0.968417, 1, 1, 1, 1, 69, 0, 0, 0, 0, 1, 0
360, 598, 787, 12334528, 11, 6, 194, 112, 240, 109, 0.968417, 1, 1, 1, 0.938846, 69, 0, 0, 0, 0, 0, 0
393, 598, 787, 12334528, 11, 6, 194, 112, 240, 219, 0.968417, 1, 1, 1, 1, 69, 0, 0, 0, 0, 0, 1
319, 801, 215, 12337616, 8, 58, 187, 40, 126, 250, 1, 0.927573, 1, 1, 1, 69, 0, 0, 0, 0, 0, 0
350, 787, 201, 12337616, 8, 58, 40, 126, 187, 250, 0.964524, 1, 1, 0.79034, 1, 69, 0, 0, 0, 0, 0, 0
250, 801, 234, 12337616, 8, 58, 40, 126, 187, 10000000, 1, 1, 1, 0.753697, 0, 69, 0, 0, 0, 0, 1, 0
126, 801, 274, 12337616, 8, 187, 58, 40, 10000000, 10000000, 1, 1, 0.860954, 0, 0, 69, 0, 0, 0, 1, 1, 1
40, 798, 298, 12337939, 9, 111, 398, 367, 306, 187, 1, 0.85914, 0.858486, 0.858265, 1, 69, 0, 1, 1, 1, 0, 0
58, 801, 319, 12337939, 9, 398, 187, 111, 10000000, 10000000, 1, 0.842294, 0.240559, 0, 0, 69, 1, 0, 0, 1, 1, 0
187, 798, 336, 12337940, 9, 111, 87, 398, 367, 306, 0.96794, 0.949304, 1, 1, 1, 69, 0, 0, 1, 1, 1, 1
367, 787, 401, 12338250, 10, 261, 146, 111, 87, 371, 1, 1, 1, 0.964113, 0.599637, 69, 0, 0, 0, 0, 1, 0
398, 787, 401, 12338250, 10, 280, 146, 111, 87, 334, 0.940503, 1, 1, 0.791048, 0.188458, 69, 0, 0, 0, 0, 1, 0
87, 798, 492, 12338250, 10, 131, 261, 94, 334, 371, 1, 1, 0.859108, 1, 1, 69, 0, 0, 0, 1, 1, 1
240, 631, 798, 12338728, 12, 6, 194, 301, 223, 112, 1, 1, 0.562998, 0.322921, 0.856761, 69, 0, 0, 1, 0, 0, 0
194, 671, 798, 12338729, 12, 223, 6, 301, 248, 10000000, 0.945251, 1, 0.820181, 0.463476, 0, 69, 0, 0, 1, 1, 1, 1
112, 601, 886, 12338729, 12, 6, 194, 10000000, 10000000, 10000000, 0.537766, 0.645501, 0, 0, 0, 69, 0, 0, 1, 1, 1, 1
219, 598, 941, 12338729, 12, 140, 80, 253, 109, 112, 0.857592, 0.645001, 0.967291, 1, 0.749666, 69, 0, 0, 0, 0, 0, 0
53, 490, 401, 12341700, 8, 347, 286, 120, 290, 35, 1, 0.96802, 0.966195, 0.750458, 0.860153, 69, 1, 0, 0, 1, 0, 0
24, 513, 398, 12341700, 8, 81, 347, 286, 144, 120, 1, 0.794048, 0.645347, 1, 0.536775, 69, 0, 1, 1, 0, 0, 0
144, 529, 401, 12341700, 8, 179, 286, 35, 120, 347, 0.966526, 1, 1, 1, 1, 69, 0, 0, 0, 0, 1, 1
347, 601, 415, 12341700, 8, 21, 85, 179, 332, 130, 1, 1, 1, 0.750284, 0.822158, 69, 0, 0, 0, 1, 0, 0
347, 601, 415, 12342049, 9, 21, 85, 179, 332, 130, 1, 1, 1, 0.750256, 0.822119, 69, 0, 0, 0, 1, 0, 0
120, 666, 398, 12342049, 9, 367, 398, 306, 81, 35, 0.963162, 0.751416, 0.750651, 1, 0.967636, 69, 1, 1, 1, 0, 0, 0
371, 801, 612, 12342450, 11, 94, 37, 131, 248, 261, 0.96606, 1, 1, 0.599681, 1, 69, 0, 0, 0, 0, 0, 0
334, 801, 615, 12342450, 11, 94, 131, 37, 261, 171, 0.96606, 1, 0.792449, 1, 0.634344, 69, 0, 0, 0, 0, 0, 0
261, 801, 639, 12342451, 11, 297, 94, 37, 131, 171, 0.950042, 0.96606, 1, 1, 0.644579, 69, 0, 0, 0, 0, 0, 1
6, 713, 798, 12342929, 13, 301, 248, 223, 133, 211, 0.930172, 0.749688, 0.72237, 0.214776, 0.232241, 69, 1, 1, 0, 1, 0, 0
301, 816, 798, 12342929, 13, 133, 248, 69, 10000000, 10000000, 1, 1, 0.751183, 0, 0, 69, 0, 0, 0, 1, 1, 0
223, 839, 798, 12342929, 13, 248, 133, 69, 301, 10000000, 1, 0.859104, 0.643871, 1, 0, 69, 0, 0, 0, 1, 1, 1
301, 816, 798, 12343304, 14, 133, 248, 69, 10000000, 10000000, 1, 1, 0.751152, 0, 0, 69, 0, 0, 0, 1, 1, 0
131, 801, 664, 12346651, 12, 248, 94, 171, 297, 37, 1, 1, 0.792402, 0.642004, 0.819688, 69, 0, 0, 0, 0, 0, 0
37, 798, 695, 12346651, 12, 133, 248, 69, 297, 301, 1, 1, 0.750883, 1, 0.857087, 69, 0, 0, 0, 0, 1, 0
94, 801, 710, 12346651, 12, 74, 248, 297, 171, 133, 1, 1, 0.820142, 0.956596, 0.546595, 69, 0, 0, 0, 0, 0, 0
171, 798, 732, 12346651, 12, 69, 74, 133, 248, 301, 1, 1, 0.966106, 1, 1, 69, 0, 0, 0, 0, 1, 0
297, 798, 761, 12346651, 12, 69, 133, 248, 301, 223, 0.965421, 0.966106, 1, 1, 1, 69, 0, 0, 0, 1, 0, 1
301, 816, 798, 12347013, 13, 133, 248, 69, 10000000, 10000000, 1, 1, 0.750854, 0, 0, 69, 0, 0, 0, 1, 1, 0
248, 801, 838, 12347013, 13, 69, 133, 74, 10000000, 10000000, 1, 1, 0.858772, 0, 0, 69, 0, 0, 0, 1, 1, 0
133, 801, 870, 12347013, 13, 69, 74, 10000000, 10000000, 10000000, 1, 0.751426, 0, 0, 0, 69, 0, 0, 1, 1, 1, 0
87, 798, 492, 12350450, 11, 131, 261, 94, 334, 371, 1, 1, 0.857984, 1, 1, 69, 0, 0, 0, 1, 1, 0
111, 801, 494, 12350450, 11, 377, 334, 146, 371, 280, 1, 0.752104, 0.956145, 0.680536, 0.752636, 69, 1, 1, 0, 1, 0, 0
74, 798, 894, 12351213, 14, 69, 10000000, 10000000, 10000000, 10000000, 1, 0, 0, 0, 0, 69, 0, 1, 1, 1, 1, 0
81, 693, 401, 12354249, 10, 398, 367, 306, 111, 234, 1, 1, 1, 0.644164, 1, 69, 1, 1, 1, 0, 0, 0
35, 708, 398, 12354249, 10, 398, 367, 306, 234, 179, 0.962592, 0.64274, 0.642574, 1, 0.643484, 69, 1, 1, 1, 0, 0, 0
306, 784, 401, 12354250, 10, 111, 146, 87, 280, 131, 1, 0.819128, 0.721693, 0.214951, 0.187807, 69, 0, 0, 0, 0, 0, 0
367, 787, 401, 12354250, 10, 261, 146, 111, 87, 371, 1, 1, 1, 0.962258, 0.596774, 69, 0, 0, 0, 0, 1, 0
87, 798, 492, 12354573, 11, 131, 261, 94, 334, 371, 1, 1, 0.857604, 1, 1, 69, 0, 0, 0, 1, 1, 0
179, 601, 471, 12358249, 10, 243, 130, 21, 332, 85, 1, 1, 1, 0.683911, 0.840986, 69, 0, 0, 0, 1, 0, 0
85, 598, 490, 12358249, 10, 186, 4, 332, 243, 273, 1, 0.855457, 1, 1, 0.749366, 69, 0, 0, 1, 0, 1, 0
21, 601, 516, 12358249, 10, 19, 332, 243, 186, 130, 1, 1, 0.955636, 0.5356, 1, 69, 0, 1, 0, 0, 0, 0
130, 598, 526, 12358250, 10, 4, 186, 19, 332, 273, 0.962389, 1, 0.93452, 1, 0.856418, 69, 0, 0, 0, 1, 1, 0
130, 598, 526, 12358521, 11, 4, 186, 19, 332, 273, 0.962361, 1, 0.934473, 1, 0.856394, 69, 0, 0, 0, 1, 1, 0
243, 598, 566, 12358521, 11, 4, 186, 128, 204, 273, 1, 1, 0.966407, 0.752956, 0.963443, 69, 0, 0, 0, 0, 0, 0
332, 598, 584, 12358521, 11, 4, 186, 128, 19, 273, 1, 1, 1, 0.839443, 1, 69, 0, 0, 0, 0, 0, 0
186, 601, 674, 12358521, 11, 236, 393, 4, 204, 309, 1, 0.85721, 1, 0.94809, 0.600593, 69, 0, 1, 0, 0, 1, 0
146, 798, 529, 12358650, 12, 94, 131, 261, 334, 371, 0.964383, 1, 1, 1, 1, 69, 0, 0, 0, 1, 1, 0
280, 798, 564, 12358650, 12, 171, 94, 37, 131, 301, 1, 0.964383, 0.93497, 1, 0.754896, 69, 0, 0, 0, 0, 1, 0
377, 787, 601, 12358650, 12, 297, 94, 371, 131, 261, 1, 1, 1, 1, 1, 69, 0, 0, 1, 0, 0, 0
371, 801, 612, 12358650, 12, 94, 37, 131, 248, 261, 0.964383, 1, 1, 0.596782, 1, 69, 0, 0, 0, 0, 0, 0
334, 801, 615, 12358650, 12, 94, 131, 37, 261, 171, 0.964383, 1, 0.790419, 1, 0.632719, 69, 0, 0, 0, 0, 0, 0
37, 798, 694, 12358851, 13, 133, 248, 69, 297, 301, 1, 1, 0.749901, 1, 0.855969, 69, 0, 0, 0, 0, 1, 0
94, 801, 710, 12358851, 13, 74, 248, 297, 171, 133, 1, 1, 0.818777, 0.955004, 0.545685, 69, 0, 0, 0, 0, 0, 0
171, 798, 732, 12358851, 13, 69, 74, 133, 248, 301, 1, 1, 0.964842, 1, 1, 69, 0, 0, 0, 0, 1, 0
297, 798, 760, 12358851, 13, 69, 133, 248, 301, 223, 0.964159, 0.964842, 1, 1, 1, 69, 0, 0, 0, 1, 0, 0
371, 801, 612, 12359291, 13, 94, 37, 131, 248, 261, 0.964317, 1, 1, 0.596668, 1, 69, 0, 0, 0, 0, 0, 0
261, 801, 639, 12359291, 13, 297, 94, 37, 131, 171, 0.947515, 0.964317, 1, 1, 0.643415, 69, 0, 0, 0, 0, 0, 0
131, 801, 664, 12359291, 13, 248, 94, 171, 297, 37, 1, 1, 0.790818, 0.641137, 0.818275, 69, 0, 0, 0, 0, 0, 0
94, 801, 710, 12359291, 13, 74, 248, 297, 171, 133, 1, 1, 0.818728, 0.954947, 0.545652, 69, 0, 0, 0, 0, 0, 0
273, 635, 598, 12362721, 12, 377, 148, 371, 261, 84, 0.598089, 0.120097, 0.47501, 0.273029, 1, 69, 1, 1, 1, 1, 0, 0
186, 601, 674, 12362721, 12, 236, 393, 4, 204, 309, 1, 0.85567, 1, 0.947462, 0.60029, 69, 0, 1, 0, 0, 1, 0
19, 598, 680, 12362721, 12, 112, 393, 360, 309, 317, 0.961386, 1, 1, 1, 0.751667, 69, 0, 1, 1, 1, 1, 0
4, 601, 717, 12362721, 12, 393, 360, 309, 236, 112, 1, 1, 0.960464, 0.964075, 0.544315, 69, 1, 1, 1, 0, 0, 0
236, 598, 760, 12362992, 13, 112, 240, 194, 6, 337, 1, 1, 0.858427, 0.750913, 1, 69, 0, 0, 0, 0, 1, 0
309, 598, 784, 12362992, 13, 6, 194, 112, 240, 337, 0.96546, 1, 1, 1, 1, 69, 0, 0, 0, 0, 1, 0
360, 598, 787, 12362992, 13, 6, 194, 112, 240, 109, 0.96546, 1, 1, 1, 0.933855, 69, 0, 0, 0, 0, 0, 0
393, 598, 787, 12362992, 13, 6, 194, 112, 240, 219, 0.96546, 1, 1, 1, 1, 69, 0, 0, 0, 0, 0, 0
112, 601, 886, 12362993, 13, 6, 194, 10000000, 10000000, 10000000, 0.536366, 0.643821, 0, 0, 0, 69, 0, 0, 1, 1, 1, 0
171, 798, 732, 12363051, 14, 69, 74, 133, 248, 301, 1, 1, 0.964408, 1, 1, 69, 0, 0, 0, 0, 1, 0
297, 798, 760, 12363051, 14, 69, 133, 248, 301, 223, 0.963725, 0.964408, 1, 1, 1, 69, 0, 0, 0, 1, 0, 0
248, 801, 838, 12363051, 14, 69, 133, 74, 10000000, 10000000, 1, 1, 0.857296, 0, 0, 69, 0, 0, 0, 1, 1, 0
133, 801, 870, 12363051, 14, 69, 74, 10000000, 10000000, 10000000, 1, 0.750134, 0, 0, 0, 69, 0, 0, 1, 1, 1, 0
74, 798, 894, 12363051, 14, 69, 10000000, 10000000, 10000000, 10000000, 1, 0, 0, 0, 0, 69, 0, 1, 1, 1, 1, 0
240, 631, 798, 12363302, 14, 6, 194, 301, 223, 112, 1, 1, 0.560414, 0.322069, 0.854512, 69, 0, 0, 1, 0, 0, 0
194, 671, 798, 12363303, 14, 223, 6, 301, 248, 10000000, 0.940879, 1, 0.817435, 0.460852, 0, 69, 0, 0, 1, 1, 1, 0
112, 601, 886, 12363303, 14, 6, 194, 10000000, 10000000, 10000000, 0.536349, 0.643799, 0, 0, 0, 69, 0, 0, 1, 1, 1, 0
219, 598, 941, 12363303, 14, 140, 80, 253, 109, 112, 0.855339, 0.643302, 0.964743, 1, 0.747698, 69, 0, 0, 0, 0, 0, 0
6, 713, 798, 12367503, 15, 301, 248, 223, 133, 211, 0.924886, 0.74772, 0.720239, 0.214211, 0.230923, 69, 1, 1, 0, 1, 0, 0
301, 816, 798, 12367503, 15, 133, 248, 69, 10000000, 10000000, 1, 1, 0.749207, 0, 0, 69, 0, 0, 0, 1, 1, 0
301, 816, 798, 12371251, 15, 133, 248, 69, 10000000, 10000000, 1, 1, 0.748907, 0, 0, 69, 0, 0, 0, 1, 1, 0
248, 801, 839, 12371251, 15, 69, 133, 74, 10000000, 10000000, 1, 1, 0.856544, 0, 0, 69, 0, 0, 0, 1, 1, 0
133, 801, 871, 12371251, 15, 69, 74, 10000000, 10000000, 10000000, 1, 0.749476, 0, 0, 0, 69, 0, 0, 1, 1, 1, 0
301, 816, 798, 12371703, 16, 133, 248, 69, 10000000, 10000000, 1, 1, 0.74887, 0, 0, 69, 0, 0, 0, 1, 1, 0
223, 839, 798, 12371703, 16, 248, 133, 69, 301, 10000000, 1, 0.856457, 0.641889, 1, 0, 69, 0, 0, 0, 1, 1, 0
211, 876, 798, 12371703, 16, 248, 133, 301, 223, 69, 0.960924, 0.7494, 1, 1, 0.534907, 69, 0, 0, 1, 0, 0, 0
248, 801, 839, 12372117, 17, 69, 133, 74, 10000000, 10000000, 1, 1, 0.856464, 0, 0, 69, 0, 0, 0, 1, 1, 0
74, 798, 893, 12375451, 16, 69, 10000000, 10000000, 10000000, 10000000, 1, 0, 0, 0, 0, 69, 0, 1, 1, 1, 1, 0
84, 711, 598, 12378921, 13, 377, 334, 371, 318, 251, 1, 0.945522, 0.750103, 1, 1, 69, 1, 1, 1, 1, 0, 0
251, 765, 601, 12395121, 14, 94, 131, 261, 371, 334, 0.960629, 1, 1, 1, 1, 69, 0, 0, 0, 1, 1, 0
318, 784, 601, 12395121, 14, 94, 131, 261, 297, 371, 1, 1, 1, 0.532243, 1, 69, 0, 0, 0, 0, 1, 0
377, 787, 601, 12395121, 14, 297, 94, 371, 131, 261, 1, 1, 1, 1, 1, 69, 0, 0, 1, 0, 0, 0
371, 801, 612, 12395121, 14, 94, 37, 131, 248, 261, 0.960629, 1, 1, 0.590358, 1, 69, 0, 0, 0, 0, 0, 0
334, 801, 615, 12395121, 14, 94, 131, 37, 261, 171, 0.960629, 1, 0.785888, 1, 0.62909, 69, 0, 0, 0, 0, 0, 0
371, 801, 612, 12395379, 15, 94, 37, 131, 248, 261, 0.960603, 1, 1, 0.590313, 1, 69, 0, 0, 0, 0, 0, 0
261, 801, 639, 12395379, 15, 297, 94, 37, 131, 171, 0.942146, 0.960603, 1, 1, 0.640934, 69, 0, 0, 0, 0, 0, 0
131, 801, 664, 12395380, 15, 248, 94, 171, 297, 37, 1, 1, 0.78633, 0.638674, 0.814267, 69, 0, 0, 0, 0, 0, 0
94, 801, 710, 12395380, 15, 74, 248, 297, 171, 133, 1, 1, 0.814716, 0.950268, 0.542979, 69, 0, 0, 0, 0, 0, 0
297, 798, 760, 12395380, 15, 69, 133, 248, 301, 223, 0.960401, 0.961078, 1, 1, 1, 69, 0, 0, 0, 1, 0, 0
301, 816, 798, 12395690, 16, 133, 248, 69, 10000000, 10000000, 1, 1, 0.746953, 0, 0, 69, 0, 0, 0, 1, 1, 0
248, 801, 839, 12395690, 16, 69, 133, 74, 10000000, 10000000, 1, 1, 0.854308, 0, 0, 69, 0, 0, 0, 1, 1, 0
133, 801, 871, 12395690, 16, 69, 74, 10000000, 10000000, 10000000, 1, 0.74752, 0, 0, 0, 69, 0, 0, 1, 1, 1, 0
74, 798, 893, 12399890, 17, 69, 10000000, 10000000, 10000000, 10000000, 1, 0, 0, 0, 0, 69, 0, 1, 1, 1, 1, 0
248, 801, 839, 12407890, 17, 69, 133, 74, 10000000, 10000000, 1, 1, 0.853197, 0, 0, 69, 0, 0, 0, 1, 1, 0
133, 801, 871, 12412090, 18, 69, 74, 10000000, 10000000, 10000000, 1, 0.746213, 0, 0, 0, 69, 0, 0, 1, 1, 1, 0
74, 798, 893, 12412090, 18, 69, 10000000, 10000000, 10000000, 10000000, 1, 0, 0, 0, 0, 69, 0, 1, 1, 1, 1, 0
74, 798, 893, 12416290, 19, 69, 10000000, 10000000, 10000000, 10000000, 1, 0, 0, 0, 0, 69, 0, 1, 1, 1, 1, 0
123, 201, 87, 13299999, 1, 263, 344, 249, 368, 98, 0.968915, 0.863917, 0.727225, 0.431028, 1, 355, 0, 0, 0, 1, 0, 0
98, 201, 110, 13300200, 2, 13, 249, 313, 132, 344, 1, 1, 1, 0.795608, 0.955532, 355, 0, 0, 0, 0, 0, 0
263, 198, 154, 13300200, 2, 132, 193, 13, 368, 305, 1, 0.952085, 1, 1, 0.703921, 355, 0, 0, 0, 1, 1, 1
344, 198, 181, 13300200, 2, 23, 229, 132, 27, 159, 0.969885, 0.921665, 1, 0.86411, 0.864425, 355, 0, 0, 0, 0, 0, 0
368, 201, 212, 13300200, 2, 363, 399, 386, 366, 299, 0.698747, 0.4842, 0.430518, 0.430265, 0.362459, 355, 1, 1, 1, 1, 1, 0
368, 201, 212, 13300523, 3, 363, 399, 386, 366, 299, 0.698695, 0.484181, 0.430503, 0.43025, 0.362445, 355, 1, 1, 1, 1, 1, 0
13, 198, 273, 13300523, 3, 363, 399, 386, 366, 336, 1, 1, 1, 1, 0.648464, 355, 1, 1, 1, 1, 1, 0
132, 201, 285, 13300523, 3, 399, 366, 363, 113, 386, 0.862298, 0.797165, 0.761472, 0.788833, 0.538129, 355, 1, 1, 1, 0, 1, 1
366, 198, 387, 13300821, 4, 188, 18, 65, 205, 274, 0.968428, 1, 1, 1, 1, 355, 0, 0, 0, 0, 0, 0
386, 198, 387, 13300821, 4, 188, 18, 65, 205, 274, 1, 1, 1, 1, 1, 355, 0, 0, 0, 0, 0, 0
399, 198, 387, 13300821, 4, 18, 65, 188, 205, 274, 1, 1, 0.860825, 1, 1, 355, 0, 0, 0, 0, 0, 1
363, 201, 412, 13300821, 4, 188, 65, 222, 205, 274, 0.968428, 1, 1, 1, 1, 355, 0, 0, 0, 0, 0, 0
274, 243, 398, 13301105, 5, 45, 188, 168, 278, 388, 1, 1, 0.824358, 0.756159, 0.686165, 355, 0, 0, 0, 0, 1, 0
18, 272, 401, 13301105, 5, 24, 279, 339, 372, 349, 0.971625, 1, 1, 1, 1, 355, 0, 0, 0, 1, 1, 1
205, 201, 486, 13301105, 5, 276, 65, 222, 188, 45, 1, 1, 0.965285, 0.645599, 0.323635, 355, 0, 0, 0, 0, 0, 1
349, 401, 414, 13301402, 6, 166, 24, 104, 217, 279, 1, 0.863639, 1, 1, 1, 355, 0, 0, 0, 0, 0, 0
372, 412, 398, 13301402, 6, 24, 166, 104, 144, 115, 0.971594, 1, 1, 0.84354, 1, 355, 0, 0, 0, 0, 0, 0
339, 420, 398, 13301402, 6, 24, 144, 53, 166, 104, 1, 0.970485, 1, 1, 0.970091, 355, 0, 0, 0, 0, 0, 0
279, 442, 398, 13301402, 6, 24, 166, 144, 53, 104, 1, 1, 0.826266, 0.964383, 0.646727, 355, 0, 0, 0, 0, 0, 1
53, 478, 401, 13305602, 7, 347, 120, 286, 35, 24, 1, 0.8624, 0.859826, 0.755401, 0.971154, 355, 1, 0, 0, 0, 0, 0
166, 481, 398, 13305602, 7, 24, 144, 347, 286, 179, 1, 1, 0.322814, 0.136935, 0.107637, 355, 0, 0, 1, 1, 1, 0
144, 516, 401, 13305603, 7, 35, 120, 286, 347, 179, 1, 1, 0.967305, 1, 0.861093, 355, 0, 0, 0, 0, 0, 0
24, 527, 398, 13305603, 7, 120, 81, 347, 286, 10000000, 1, 0.778388, 0.826361, 0.537391, 0, 355, 0, 0, 0, 1, 1, 1
347, 601, 419, 13306056, 8, 332, 21, 179, 85, 120, 0.963102, 1, 1, 1, 1, 355, 1, 0, 0, 0, 0, 1
81, 681, 401, 13306056, 8, 398, 367, 139, 283, 306, 1, 1, 1, 1, 1, 355, 1, 1, 0, 0, 0, 1
306, 781, 401, 13310256, 9, 398, 367, 111, 280, 93, 1, 1, 1, 0.880936, 1, 355, 1, 1, 0, 0, 0, 0
367, 787, 401, 13310256, 9, 146, 111, 261, 87, 245, 1, 1, 0.780982, 0.970896, 0.411774, 355, 0, 0, 0, 0, 1, 1
283, 845, 398, 13310257, 9, 245, 111, 93, 139, 76, 0.107899, 0.7538, 1, 1, 0.861183, 355, 1, 0, 0, 0, 0, 0
65, 201, 526, 13313305, 6, 10, 210, 276, 188, 45, 1, 0.844886, 0.820564, 0.429835, 0.215473, 355, 0, 0, 0, 1, 0, 0
222, 198, 528, 13313305, 6, 67, 210, 276, 10, 107, 0.969418, 1, 1, 0.796172, 0.537193, 355, 0, 0, 0, 0, 0, 0
276, 201, 639, 13313305, 6, 324, 107, 246, 67, 295, 0.159426, 0.75207, 1, 0.969418, 0.943393, 355, 1, 0, 0, 0, 0, 1
67, 201, 734, 13313590, 7, 246, 324, 107, 10000000, 10000000, 0.951683, 0.860632, 0.214871, 0, 0, 355, 0, 0, 1, 1, 1, 0
295, 198, 752, 13313590, 7, 271, 136, 3, 324, 246, 0.96933, 0.753328, 0.537093, 1, 1, 355, 0, 0, 0, 0, 0, 0
324, 201, 819, 13313590, 7, 136, 271, 3, 10000000, 10000000, 0.968565, 1, 0.75193, 0, 0, 355, 0, 0, 0, 1, 1, 1
85, 598, 478, 13314256, 9, 186, 332, 243, 4, 21, 1, 1, 1, 0.754735, 1, 355, 0, 0, 0, 0, 0, 0
179, 601, 483, 13314256, 9, 243, 21, 130, 332, 35, 1, 1, 1, 0.725786, 0.431255, 355, 0, 0, 0, 0, 0, 0
21, 601, 529, 13314256, 9, 19, 332, 186, 243, 4, 1, 1, 0.645563, 0.966071, 0, 355, 0, 0, 0, 0, 0, 1
87, 798, 479, 13314457, 10, 261, 131, 334, 371, 280, 1, 0.967381, 1, 1, 1, 355, 0, 0, 0, 1, 0, 0
111, 801, 506, 13314457, 10, 377, 280, 334, 371, 131, 1, 1, 0.795872, 0.721921, 0.636455, 355, 1, 0, 0, 1, 0, 0
146, 798, 519, 13314457, 10, 131, 261, 334, 94, 371, 1, 1, 1, 0.862462, 1, 355, 0, 0, 0, 0, 1, 1
371, 801, 612, 13314845, 11, 94, 37, 131, 148, 261, 0.97023, 1, 1, 1, 1, 355, 0, 0, 0, 0, 0, 1
243, 598, 557, 13318456, 10, 4, 186, 128, 393, 360, 0.969934, 1, 0.859348, 0.274234, 0.214895, 355, 0, 0, 0, 1, 1, 0
332, 598, 579, 13318456, 10, 128, 4, 186, 273, 360, 0.966767, 1, 1, 0.970548, 0.316555, 355, 0, 0, 0, 0, 1, 0
19, 598, 666, 13318457, 10, 358, 387, 257, 384, 317, 0.647145, 0.645989, 0.644586, 0.644495, 0.643982, 355, 1, 1, 1, 1, 1, 1
261, 801, 650, 13331045, 12, 133, 297, 94, 37, 131, 0.240893, 0.958365, 0.968538, 1, 1, 355, 1, 0, 0, 0, 0, 0
131, 801, 675, 13331045, 12, 74, 94, 248, 297, 171, 1, 1, 0.870097, 0.821456, 0.822558, 355, 0, 0, 0, 0, 0, 0
37, 798, 683, 13331045, 12, 301, 223, 248, 297, 133, 0.751173, 0.64557, 1, 1, 0.966355, 355, 1, 1, 0, 0, 0, 0
94, 801, 723, 13331046, 12, 248, 297, 74, 133, 10000000, 1, 0.843353, 0.759099, 0.602233, 0, 355, 0, 0, 0, 0, 1, 1
297, 798, 749, 13331473, 13, 223, 301, 211, 57, 248, 0.968311, 1, 0.750852, 0.536051, 1, 355, 0, 1, 0, 0, 0, 0
248, 801, 850, 13331473, 13, 223, 211, 301, 57, 10000000, 0.968311, 0.750852, 1, 0.536051, 0, 355, 0, 0, 1, 0, 1, 1
74, 798, 880, 13331473, 13, 248, 133, 297, 97, 10000000, 1, 1, 0.951002, 0.322918, 0, 355, 0, 0, 0, 0, 1, 0
313, 201, 227, 14299999, 1, 363, 23, 229, 305, 132, 1, 0.968937, 0.954509, 0.646625, 1, 171, 1, 0, 0, 1, 0, 0
132, 201, 300, 14300200, 2, 399, 113, 366, 386, 363, 0.967948, 0.882078, 0.825093, 0.687631, 0.639728, 171, 1, 0, 1, 1, 1, 0
23, 201, 338, 14300200, 2, 113, 363, 386, 205, 311, 1, 0.964316, 1, 0.705137, 0.795229, 171, 0, 1, 1, 0, 0, 1
229, 198, 338, 14300200, 2, 65, 363, 205, 222, 399, 0.97027, 1, 0.972587, 0.938632, 1, 171, 0, 1, 0, 0, 1, 0
305, 198, 375, 14300200, 2, 65, 188, 274, 205, 299, 1, 0.863895, 1, 1, 1, 171, 0, 0, 0, 0, 0, 0
386, 198, 387, 14304400, 3, 188, 65, 18, 274, 205, 0.971441, 1, 1, 1, 1, 171, 0, 0, 0, 0, 0, 0
363, 201, 412, 14304400, 3, 188, 65, 274, 205, 222, 0.863503, 0.969831, 1, 1, 0.968679, 171, 0, 0, 0, 0, 0, 0
311, 201, 425, 14304400, 3, 188, 65, 274, 205, 222, 0.863503, 0.969831, 1, 1, 0.962234, 171, 0, 0, 0, 0, 0, 0
113, 198, 484, 14304400, 3, 210, 276, 65, 222, 10, 0.970221, 0.96898, 1, 1, 0.687649, 171, 0, 0, 0, 0, 0, 1
205, 201, 499, 14304400, 3, 178, 276, 65, 188, 222, 1, 0.9203, 1, 0.539689, 0.968679, 171, 0, 0, 0, 0, 0, 0
222, 198, 514, 14304853, 4, 276, 210, 67, 10, 65, 1, 0.970173, 0.863998, 0.825128, 1, 171, 0, 0, 0, 0, 0, 0
65, 201, 539, 14304854, 4, 178, 210, 10, 276, 188, 1, 0.862376, 0.88556, 0.722579, 0.323798, 171, 0, 0, 0, 0, 1, 1
276, 201, 650, 14313054, 5, 107, 210, 67, 10000000, 10000000, 0.644598, 1, 0.971138, 0, 0, 171, 0, 0, 0, 1, 1, 0
10, 198, 654, 14313054, 5, 210, 67, 178, 295, 276, 1, 1, 1, 1, 0.957677, 171, 0, 0, 0, 0, 0, 1
276, 201, 650, 14321254, 6, 107, 210, 67, 10000000, 10000000, 0.644031, 1, 0.970279, 0, 0, 171, 0, 0, 0, 1, 1, 0
210, 201, 698, 14321254, 6, 107, 10000000, 10000000, 10000000, 10000000, 0.429354, 0, 0, 0, 0, 171, 0, 1, 1, 1, 1, 1
178, 198, 708, 14321254, 6, 271, 136, 67, 210, 3, 0.644725, 0.536475, 1, 0.860854, 0.215348, 171, 1, 0, 0, 0, 0, 0
295, 198, 741, 14321254, 6, 271, 136, 3, 210, 67, 0.859633, 0.643769, 0.430697, 1, 0.965806, 171, 0, 0, 0, 0, 0, 0
67, 201, 749, 14321254, 6, 210, 10000000, 10000000, 10000000, 10000000, 1, 0, 0, 0, 0, 171, 0, 1, 1, 1, 1, 0
266, 266, -1, 15299999, 1, 98, 7, 170, 149, 373, 0.430769, 1, 1, 0.969926, 0.548205, 226, 0, 0, 0, 0, 1, 0
149, 291, 1, 15300200, 2, 288, 373, 320, 156, 254, 0.971526, 1, 0.968375, 0.861453, 0.755466, 226, 0, 1, 0, 0, 0, 0
170, 313, -1, 15300200, 2, 61, 373, 7, 288, 156, 1, 0.822286, 1, 0.647684, 0.362089, 226, 0, 1, 0, 0, 0, 0
7, 342, -1, 15300200, 2, 298, 320, 288, 156, 61, 1, 1, 0.846906, 0.753771, 0.773815, 226, 0, 0, 0, 0, 0, 1
320, 401, 33, 15304400, 3, 378, 48, 260, 158, 138, 1, 1, 1, 1, 0.971029, 226, 1, 0, 0, 0, 0, 1
61, 449, 1, 15304400, 3, 46, 220, 338, 5, 298, 1, 0.863015, 1, 1, 1, 226, 0, 0, 0, 0, 0, 0
288, 470, -1, 15304400, 3, 5, 298, 156, 291, 200, 1, 0.97121, 1, 0.137276, 1, 226, 0, 0, 0, 1, 0, 1
138, 398, 92, 15308600, 4, 118, 356, 378, 325, 48, 1, 0.971141, 1, 1, 1, 226, 0, 1, 1, 0, 0, 0
158, 401, 114, 15308600, 4, 116, 118, 378, 325, 48, 1, 0.872644, 1, 1, 1, 226, 0, 0, 1, 0, 0, 0
260, 398, 121, 15308600, 4, 118, 41, 356, 378, 314, 1, 0.862905, 1, 1, 0.861733, 226, 0, 0, 1, 1, 1, 0
378, 398, 184, 15308600, 4, 41, 118, 388, 116, 244, 1, 1, 0.786713, 0.94372, 0.971222, 226, 0, 0, 1, 0, 0, 1
118, 401, 310, 15308898, 5, 381, 349, 388, 395, 302, 1, 0.936587, 0.759233, 0.703553, 1, 226, 1, 0, 1, 1, 0, 0
41, 401, 351, 15308898, 5, 115, 300, 372, 395, 388, 1, 1, 1, 1, 0.968297, 226, 0, 0, 1, 1, 1, 1
388, 401, 412, 15309351, 6, 372, 166, 104, 217, 279, 1, 0.969611, 1, 1, 1, 226, 1, 0, 0, 0, 0, 0
395, 401, 412, 15309351, 6, 166, 104, 217, 279, 115, 0.969611, 1, 1, 1, 1, 226, 0, 0, 0, 0, 0, 0
300, 401, 453, 15309351, 6, 104, 166, 217, 115, 24, 1, 0.754142, 1, 1, 0.539652, 226, 0, 0, 0, 0, 0, 1
200, 501, 1, 15312600, 4, 220, 46, 207, 291, 338, 1, 0.967684, 0.875295, 0.752872, 1, 226, 0, 0, 0, 0, 0, 0
156, 517, -1, 15312600, 4, 46, 5, 220, 338, 298, 1, 1, 0.703506, 0.861546, 1, 226, 0, 0, 0, 0, 0, 0
298, 531, 1, 15312600, 4, 220, 291, 155, 105, 225, 0.970034, 0.860425, 0.752312, 0.861278, 0.274962, 226, 0, 0, 0, 0, 1, 0
5, 556, -1, 15312600, 4, 225, 12, 46, 220, 338, 1, 1, 1, 0.862252, 1, 226, 0, 0, 0, 0, 0, 1
338, 566, 1, 15312910, 5, 291, 155, 105, 220, 91, 1, 0.859757, 1, 1, 0.754662, 226, 0, 0, 0, 0, 0, 0
12, 598, 45, 15312911, 5, 91, 285, 155, 183, 291, 1, 1, 1, 1, 1, 226, 0, 0, 0, 0, 0, 1
46, 649, 1, 15312911, 5, 382, 362, 357, 315, 247, 1, 0.863444, 1, 1, 0.862486, 226, 1, 1, 1, 0, 0, 1
220, 702, -1, 15312911, 5, 91, 362, 382, 185, 73, 0.323427, 1, 1, 1, 1, 226, 0, 1, 1, 0, 0, 0
115, 398, 477, 15313551, 7, 154, 108, 104, 217, 162, 0.970617, 1, 1, 1, 0.323639, 226, 0, 0, 0, 0, 0, 0
217, 401, 490, 15313552, 7, 104, 166, 24, 154, 79, 1, 0.538429, 0.323644, 0.215693, 0.137126, 226, 0, 0, 0, 1, 0, 0
104, 401, 526, 15313552, 7, 154, 108, 166, 24, 10000000, 0.951557, 1, 0.323057, 0.215763, 0, 226, 0, 0, 0, 0, 1, 1
291, 601, 71, 15317111, 6, 47, 91, 285, 155, 183, 1, 1, 0.966746, 1, 1, 226, 0, 0, 0, 0, 0, 0
183, 598, 79, 15317111, 6, 114, 91, 285, 312, 155, 0.861989, 1, 1, 0.752303, 1, 226, 0, 0, 0, 1, 0, 0
155, 601, 114, 15317111, 6, 91, 285, 10000000, 10000000, 10000000, 1, 0.966746, 0, 0, 0, 226, 0, 0, 1, 1, 1, 0
285, 598, 128, 15317111, 6, 114, 47, 380, 312, 287, 1, 0.96941, 1, 0.967246, 0.755143, 226, 0, 0, 1, 0, 0, 1
315, 766, 1, 15321111, 6, 362, 382, 293, 75, 26, 1, 1, 0.215408, 0.861298, 0.966041, 226, 1, 1, 1, 0, 0, 0
357, 784, 1, 15321111, 6, 209, 75, 125, 26, 247, 0.960253, 1, 1, 0.966041, 1, 226, 0, 0, 0, 0, 0, 0
382, 787, 1, 15321111, 6, 319, 232, 75, 209, 26, 1, 1, 1, 0.85921, 0.966041, 226, 0, 0, 0, 0, 0, 1
47, 598, 248, 15321311, 7, 347, 286, 290, 114, 85, 0.970198, 0.858514, 1, 1, 0.757467, 226, 0, 0, 0, 0, 0, 1
75, 798, 51, 15321460, 7, 319, 250, 232, 209, 350, 0.965861, 0.860891, 1, 1, 0.646798, 226, 0, 0, 0, 0, 1, 0
209, 798, 90, 15321461, 7, 126, 250, 319, 350, 40, 0.969999, 1, 1, 0.970198, 0.823641, 226, 0, 0, 0, 1, 0, 0
232, 798, 130, 15321461, 7, 126, 250, 58, 319, 389, 0.969999, 1, 0.859106, 1, 1, 226, 0, 0, 0, 0, 1, 1
114, 601, 314, 15325512, 8, 85, 286, 347, 179, 290, 1, 0.964158, 0.821258, 0.70017, 1, 226, 0, 0, 0, 0, 0, 0
290, 598, 325, 15325512, 8, 179, 286, 130, 85, 347, 0.968252, 1, 0.966014, 1, 1, 226, 0, 0, 0, 0, 0, 1
319, 801, 235, 15325661, 8, 58, 126, 187, 250, 40, 1, 1, 0.958855, 1, 1, 226, 0, 0, 0, 0, 0, 0
250, 801, 270, 15325661, 8, 58, 126, 187, 10000000, 10000000, 1, 1, 0.966242, 0, 0, 226, 0, 0, 0, 1, 1, 1
187, 798, 291, 15329861, 9, 367, 58, 398, 87, 111, 0.967959, 1, 0.860743, 0.751691, 0.645573, 226, 1, 0, 1, 0, 0, 0
126, 801, 318, 15329861, 9, 111, 87, 58, 10000000, 10000000, 1, 1, 1, 0, 0, 226, 0, 0, 0, 1, 1, 0
58, 801, 366, 15329861, 9, 111, 146, 87, 398, 367, 1, 1, 1, 1, 1, 226, 0, 0, 0, 1, 1, 1
398, 787, 401, 15330185, 10, 111, 280, 146, 93, 139, 1, 0.962899, 1, 1, 1, 226, 0, 0, 0, 0, 0, 0
367, 784, 401, 15330185, 10, 398, 111, 245, 146, 87, 1, 1, 0.322391, 1, 1, 226, 1, 0, 1, 0, 0, 1
87, 798, 454, 15330185, 10, 261, 334, 371, 111, 131, 1, 1, 1, 1, 0.751145, 226, 0, 0, 1, 0, 0, 0
146, 798, 497, 15330185, 10, 131, 261, 334, 371, 377, 0.965758, 0.965256, 1, 1, 0.860302, 226, 0, 0, 0, 1, 1, 1
347, 601, 434, 15333712, 9, 21, 243, 179, 332, 130, 1, 1, 1, 0.8606, 0.965058, 226, 0, 0, 0, 0, 0, 0
85, 598, 453, 15333712, 9, 19, 332, 21, 243, 179, 1, 1, 1, 1, 1, 226, 0, 0, 0, 0, 0, 0
130, 598, 488, 15333712, 9, 332, 21, 186, 243, 19, 1, 1, 0.751546, 1, 0.720651, 226, 0, 0, 0, 0, 0, 1
334, 801, 636, 15334385, 11, 94, 297, 131, 261, 171, 0.968971, 1, 1, 1, 0.752878, 226, 0, 0, 0, 0, 0, 0
131, 801, 700, 15334386, 11, 74, 94, 248, 297, 10000000, 1, 1, 0.69736, 0.859527, 0, 226, 0, 0, 0, 0, 1, 1
297, 798, 725, 15334813, 12, 248, 301, 223, 133, 69, 1, 0.859001, 0.752704, 0.860526, 0.966004, 226, 0, 1, 0, 0, 0, 1
94, 801, 750, 15334813, 12, 248, 74, 133, 69, 10000000, 1, 0.90331, 0.645394, 0.475952, 0, 226, 0, 0, 0, 0, 1, 0
74, 798, 853, 15334813, 12, 248, 10000000, 10000000, 10000000, 10000000, 1, 0, 0, 0, 0, 226, 0, 1, 1, 1, 1, 1
248, 801, 874, 15334813, 12, 57, 223, 301, 211, 10000000, 0.321939, 0.752704, 0.859001, 0.535685, 0, 226, 0, 0, 1, 0, 1, 0
248, 801, 874, 15335201, 13, 57, 223, 301, 211, 10000000, 0.321925, 0.752673, 0.858965, 0.535662, 0, 226, 0, 0, 1, 0, 1, 1
243, 598, 535, 15341912, 10, 186, 19, 4, 360, 393, 1, 0.959923, 0.753255, 0.273928, 0.214673, 226, 0, 0, 0, 1, 1, 0
21, 601, 556, 15341912, 10, 204, 19, 186, 332, 4, 1, 0.898875, 0.719493, 1, 0.272716, 226, 0, 0, 0, 0, 0, 0
332, 598, 562, 15341912, 10, 4, 186, 19, 128, 360, 0.968471, 1, 1, 0.750025, 0.239766, 226, 0, 0, 0, 0, 1, 1
19, 598, 635, 15341913, 10, 393, 360, 387, 257, 358, 0.966029, 0.965575, 0.430124, 0.429699, 0.4292, 226, 1, 1, 1, 1, 1, 0
19, 598, 635, 15342340, 11, 393, 360, 387, 257, 358, 0.965985, 0.965531, 0.430104, 0.429679, 0.42918, 226, 1, 1, 1, 1, 1, 0
186, 601, 718, 15342340, 11, 393, 109, 4, 360, 309, 0.940385, 1, 1, 0.821736, 0.750819, 226, 1, 0, 0, 1, 0, 1
398, 787, 401, 15346385, 11, 111, 280, 146, 93, 139, 1, 0.961025, 1, 1, 1, 226, 0, 0, 0, 0, 0, 1
87, 798, 454, 15346385, 11, 261, 334, 371, 111, 131, 1, 1, 1, 1, 0.749842, 226, 0, 0, 1, 0, 0, 0
146, 798, 497, 15346385, 11, 131, 261, 334, 371, 377, 0.964082, 0.963582, 1, 1, 0.858806, 226, 0, 0, 0, 1, 1, 0
111, 801, 531, 15346385, 11, 371, 334, 377, 131, 261, 0.963699, 0.841918, 0.900632, 0.601197, 0.564056, 226, 1, 0, 1, 0, 0, 0
4, 601, 757, 15346540, 12, 109, 393, 360, 112, 128, 1, 1, 1, 0.481842, 0.214187, 226, 0, 1, 1, 0, 1, 0
309, 598, 764, 15346540, 12, 393, 240, 322, 194, 337, 1, 0.966183, 0.187277, 0.750125, 0.967417, 226, 1, 0, 1, 0, 0, 0
360, 598, 783, 15346540, 12, 194, 240, 337, 6, 109, 0.964447, 1, 1, 0.642248, 0.959497, 226, 0, 0, 0, 0, 0, 0
393, 598, 787, 15346540, 12, 194, 240, 337, 6, 109, 0.964447, 1, 1, 0.642248, 1, 226, 0, 0, 0, 0, 0, 1
109, 598, 857, 15346540, 12, 140, 10000000, 10000000, 10000000, 10000000, 0.322613, 0, 0, 0, 0, 226, 0, 1, 1, 1, 1, 0
146, 798, 497, 15346643, 12, 131, 261, 334, 371, 377, 0.964056, 0.963555, 1, 1, 0.858782, 226, 0, 0, 0, 1, 1, 0
280, 798, 525, 15346643, 12, 261, 334, 371, 131, 377, 1, 1, 1, 0.856939, 1, 226, 0, 0, 1, 0, 1, 0
139, 913, 398, 15346643, 12, 245, 93, 111, 10000000, 10000000, 0.240901, 1, 0.322205, 0, 0, 226, 1, 0, 0, 1, 1, 0
111, 801, 531, 15346643, 12, 371, 334, 377, 131, 261, 0.963669, 0.841892, 0.900563, 0.601179, 0.564029, 226, 1, 0, 1, 0, 0, 1
337, 634, 798, 15346889, 13, 6, 194, 240, 301, 10000000, 1, 1, 1, 0.18716, 0, 226, 0, 0, 0, 1, 1, 0
240, 666, 798, 15346889, 13, 51, 6, 194, 223, 301, 1, 1, 1, 0.482058, 0.359851, 226, 0, 0, 0, 0, 1, 1
109, 598, 857, 15346889, 13, 140, 10000000, 10000000, 10000000, 10000000, 0.322601, 0, 0, 0, 0, 226, 0, 1, 1, 1, 1, 0
371, 801, 616, 15346953, 13, 9, 94, 297, 131, 261, 0.429624, 0.967661, 1, 1, 1, 226, 0, 0, 0, 0, 0, 1
248, 801, 874, 15347013, 13, 57, 223, 301, 211, 10000000, 0.321518, 0.751718, 0.857877, 0.534985, 0, 226, 0, 0, 1, 0, 1, 1
261, 801, 676, 15347225, 14, 9, 94, 297, 74, 131, 0.429612, 0.967633, 0.965636, 0.769463, 1, 226, 0, 0, 0, 0, 0, 0
131, 801, 700, 15347225, 14, 74, 94, 248, 297, 10000000, 1, 1, 0.695285, 0.858343, 0, 226, 0, 0, 0, 0, 1, 0
297, 798, 725, 15347225, 14, 248, 301, 223, 133, 69, 1, 0.857858, 0.751701, 0.859378, 0.964719, 226, 0, 1, 0, 0, 0, 0
94, 801, 750, 15347225, 14, 248, 74, 133, 69, 10000000, 1, 0.899947, 0.644534, 0.475017, 0, 226, 0, 0, 0, 0, 1, 1
194, 713, 798, 15351090, 14, 252, 196, 301, 223, 51, 1, 1, 0.957796, 0.843174, 0.760995, 226, 0, 0, 0, 0, 0, 0
6, 754, 798, 15351090, 14, 57, 196, 223, 51, 301, 1, 1, 1, 1, 0.957796, 226, 0, 0, 0, 0, 0, 0
301, 837, 798, 15351090, 14, 57, 211, 223, 252, 196, 1, 1, 1, 0.752306, 0.855888, 226, 0, 0, 0, 0, 0, 0
51, 862, 801, 15351090, 14, 355, 329, 57, 252, 211, 1, 1, 1, 1, 1, 226, 1, 0, 0, 0, 0, 1
74, 798, 853, 15351425, 15, 248, 10000000, 10000000, 10000000, 10000000, 1, 0, 0, 0, 0, 226, 0, 1, 1, 1, 1, 0
248, 801, 874, 15351425, 15, 57, 223, 301, 211, 10000000, 0.321366, 0.751362, 0.857472, 0.534733, 0, 226, 0, 0, 1, 0, 1, 1
211, 917, 798, 15351465, 15, 329, 57, 307, 252, 355, 1, 1, 0.601559, 0.842262, 0.536998, 226, 0, 0, 1, 0, 1, 0
252, 932, 801, 15351465, 15, 226, 307, 355, 329, 57, 0.964033, 1, 1, 1, 1, 226, 0, 0, 1, 0, 0, 0
329, 965, 801, 15351465, 15, 226, 307, 203, 355, 101, 1, 1, 0.96652, 1, 0.479238, 226, 0, 0, 0, 1, 0, 1
57, 967, 798, 15351465, 15, 307, 355, 226, 329, 203, 0.959973, 1, 0.535574, 0.963614, 0.214782, 226, 0, 1, 1, 0, 1, 0
355, 1001, 815, 15355666, 16, 226, 307, 101, 152, 203, 1, 1, 0.643386, 0.955566, 1, 226, 0, 0, 0, 0, 0, 0
307, 1001, 837, 15355666, 16, 226, 101, 10000000, 10000000, 10000000, 1, 0.965079, 0, 0, 0, 226, 0, 0, 1, 1, 1, 1
101, 998, 855, 15359866, 17, 226, 10000000, 10000000, 10000000, 10000000, 1, 0, 0, 0, 0, 226, 0, 1, 1, 1, 1, 0
93, 946, 398, 15362843, 13, 245, 111, 10000000, 10000000, 10000000, 0.480863, 0.21443, 0, 0, 0, 226, 1, 0, 1, 1, 1, 0
216, 118, 198, 16299999, 1, 241, 71, 368, 56, 313, 1, 1, 1, 1, 0.413183, 97, 0, 0, 0, 0, 1, 0
56, 167, 198, 16300200, 2, 159, 197, 313, 71, 368, 0.968136, 1, 1, 0.916776, 1, 97, 0, 0, 0, 0, 0, 0
368, 201, 220, 16300200, 2, 305, 132, 23, 366, 249, 1, 1, 0.862063, 0.798367, 1, 97, 0, 0, 0, 0, 0, 1
71, 255, 201, 16300200, 2, 314, 356, 244, 27, 310, 1, 0.97132, 0.862447, 1, 1, 97, 0, 1, 0, 0, 0, 0
241, 311, 201, 16300200, 2, 117, 244, 239, 314, 378, 1, 1, 0.91541, 1, 0.97012, 97, 0, 0, 0, 0, 1, 1
314, 449, 198, 16300524, 3, 86, 88, 117, 312, 380, 1, 0.968499, 1, 0.845877, 0.753202, 97, 0, 0, 0, 0, 0, 0
244, 479, 198, 16300524, 3, 88, 380, 86, 117, 312, 1, 0.948509, 0.792553, 1, 0.755625, 97, 0, 0, 0, 0, 0, 0
117, 532, 198, 16300524, 3, 86, 380, 88, 312, 287, 1, 1, 1, 0.971518, 0.443623, 97, 0, 0, 0, 0, 0, 1
312, 552, 201, 16300847, 4, 232, 359, 319, 345, 137, 0.2159, 0.242351, 0.242097, 1, 1, 97, 1, 1, 1, 0, 0, 0
380, 579, 201, 16300847, 4, 350, 385, 389, 319, 206, 0.726633, 0.275523, 0.10761, 0.137206, 0.960886, 97, 1, 1, 1, 1, 0, 0
88, 580, 198, 16300847, 4, 345, 213, 47, 272, 86, 1, 1, 1, 0.871675, 1, 97, 0, 0, 0, 0, 0, 0
86, 632, 201, 16300847, 4, 389, 385, 232, 316, 350, 0.968489, 0.968204, 0.323851, 1, 1, 97, 1, 1, 1, 0, 0, 1
287, 685, 198, 16300847, 4, 385, 389, 319, 359, 44, 0.826568, 0.53805, 0.363146, 1, 0.88823, 97, 1, 1, 1, 0, 0, 0
350, 779, 201, 16301171, 5, 126, 58, 250, 40, 319, 1, 0.86066, 1, 1, 1, 97, 0, 0, 0, 0, 0, 1
249, 201, 281, 16308400, 3, 366, 23, 399, 386, 132, 1, 0.968965, 0.726135, 0.724966, 1, 97, 0, 0, 1, 1, 0, 0
132, 201, 328, 16308400, 3, 205, 113, 311, 399, 23, 1, 0.935547, 0.843811, 0.969233, 1, 97, 0, 0, 0, 1, 0, 0
305, 198, 360, 16308400, 3, 205, 299, 65, 311, 113, 0.970504, 1, 0.862749, 1, 0.95866, 97, 0, 0, 0, 0, 0, 1
23, 201, 365, 16308400, 3, 113, 205, 363, 311, 299, 1, 0.798379, 1, 0.843811, 0.754239, 97, 0, 0, 0, 0, 0, 0
366, 198, 380, 16308400, 3, 205, 274, 299, 222, 65, 0.970504, 0.970211, 1, 1, 0.862749, 97, 0, 0, 0, 0, 0, 0
311, 201, 441, 16308776, 4, 205, 65, 299, 222, 188, 1, 0.862715, 1, 0.96992, 0.646291, 97, 0, 0, 0, 0, 0, 0
113, 198, 460, 16308776, 4, 276, 65, 205, 299, 222, 0.843263, 0.970554, 1, 1, 1, 97, 0, 0, 0, 0, 0, 0
299, 201, 483, 16308776, 4, 65, 205, 188, 276, 45, 1, 1, 0.538575, 0.475722, 0.323984, 97, 0, 0, 0, 0, 0, 0
205, 201, 527, 16308776, 4, 10, 276, 65, 178, 188, 0.873951, 0.759852, 1, 0.435773, 0.323145, 97, 0, 0, 0, 0, 0, 1
65, 201, 567, 16309138, 5, 210, 295, 178, 276, 10, 1, 1, 1, 0.963687, 0.703773, 97, 0, 0, 0, 0, 0, 0
10, 198, 626, 16309138, 5, 67, 246, 210, 295, 271, 1, 0.8602, 1, 1, 0.323568, 97, 0, 0, 0, 0, 1, 1
276, 201, 674, 16309138, 5, 107, 67, 210, 295, 246, 0.431783, 1, 1, 0.964337, 0.306558, 97, 0, 0, 0, 0, 0, 0
178, 198, 681, 16309138, 5, 246, 324, 59, 67, 210, 0.967724, 1, 0.952039, 1, 1, 97, 0, 0, 0, 0, 0, 0
295, 198, 717, 16309578, 6, 55, 296, 246, 324, 59, 1, 1, 1, 1, 1, 97, 0, 0, 0, 0, 0, 0
210, 201, 725, 16309578, 6, 172, 59, 324, 67, 246, 1, 1, 0.946915, 1, 0.634763, 97, 0, 0, 0, 0, 0, 1
319, 801, 246, 16317371, 6, 87, 58, 126, 250, 187, 1, 1, 1, 1, 0.964776, 97, 0, 0, 0, 0, 0, 0
40, 798, 248, 16317371, 6, 58, 126, 87, 250, 187, 1, 1, 0.75739, 1, 1, 97, 0, 0, 0, 0, 0, 1
67, 201, 777, 16317779, 7, 296, 246, 172, 324, 55, 1, 0.966826, 1, 1, 0.753533, 97, 0, 0, 0, 0, 0, 0
59, 198, 840, 16317779, 7, 55, 190, 296, 246, 172, 1, 1, 1, 1, 1, 97, 0, 0, 0, 0, 0, 0
324, 201, 843, 16317779, 7, 271, 136, 55, 190, 296, 0.862044, 0.644164, 1, 1, 0.96819, 97, 0, 0, 0, 0, 0, 0
172, 198, 877, 16317779, 7, 106, 55, 190, 296, 246, 0.215262, 1, 1, 1, 1, 97, 0, 0, 0, 0, 0, 1
246, 201, 882, 16317779, 7, 136, 55, 271, 190, 3, 0.644164, 1, 0.646533, 1, 0.322207, 97, 0, 0, 0, 0, 0, 0
246, 201, 882, 16318154, 8, 136, 55, 271, 190, 3, 0.644138, 1, 0.646507, 1, 0.322194, 97, 0, 0, 0, 0, 0, 0
296, 198, 911, 16318154, 8, 218, 190, 55, 106, 10000000, 0.644048, 1, 0.861146, 0.322879, 0, 97, 0, 0, 0, 0, 1, 0
190, 201, 929, 16318154, 8, 271, 136, 55, 3, 10000000, 0.431005, 0.322069, 1, 0.214796, 0, 97, 1, 0, 0, 0, 1, 1
55, 201, 954, 16318154, 8, 10000000, 10000000, 10000000, 10000000, 10000000, 0, 0, 0, 0, 0, 97, 1, 1, 1, 1, 1, 0
55, 201, 954, 16326354, 9, 10000000, 10000000, 10000000, 10000000, 10000000, 0, 0, 0, 0, 0, 97, 1, 1, 1, 1, 1, 0
187, 798, 275, 16329571, 7, 58, 87, 367, 126, 398, 1, 0.859556, 0.860057, 1, 0.750546, 97, 0, 0, 1, 0, 1, 0
250, 801, 285, 16329571, 7, 87, 58, 126, 10000000, 10000000, 1, 1, 1, 0, 0, 97, 0, 0, 0, 1, 1, 0
126, 801, 332, 16329571, 7, 111, 87, 398, 58, 10000000, 0.869106, 1, 1, 1, 0, 97, 0, 0, 1, 0, 1, 1
58, 801, 381, 16333771, 8, 280, 111, 87, 146, 398, 1, 0.925925, 1, 0.75331, 1, 97, 0, 0, 0, 0, 1, 0
398, 787, 401, 16333771, 8, 111, 280, 146, 87, 93, 0.965161, 0.966513, 1, 0.966564, 1, 97, 0, 0, 0, 0, 0, 0
87, 798, 442, 16333772, 8, 261, 334, 371, 111, 280, 0.964926, 1, 1, 1, 1, 97, 0, 0, 0, 0, 0, 1
280, 798, 511, 16337972, 9, 261, 334, 131, 371, 377, 0.964492, 1, 0.859446, 0.968478, 0.964644, 97, 0, 0, 0, 1, 1, 0
111, 801, 543, 16337972, 9, 297, 171, 371, 37, 334, 1, 1, 0.968478, 0.872839, 0.752208, 97, 0, 0, 0, 0, 0, 1
371, 801, 621, 16350172, 10, 9, 94, 297, 131, 261, 0.321892, 0.964121, 1, 1, 1, 97, 0, 0, 0, 0, 0, 0
37, 798, 647, 16350172, 10, 74, 94, 297, 248, 131, 1, 1, 1, 0.752302, 1, 97, 0, 0, 0, 0, 0, 0
334, 801, 648, 16350172, 10, 297, 131, 94, 261, 171, 1, 1, 0.856996, 1, 0.956099, 97, 0, 0, 0, 0, 0, 0
171, 798, 686, 16350172, 10, 248, 94, 74, 133, 297, 0.859774, 0.964121, 0.791982, 0.643202, 1, 97, 0, 0, 0, 0, 0, 0
297, 798, 713, 16350172, 10, 69, 248, 74, 133, 94, 0.95981, 1, 1, 0.857602, 1, 97, 0, 0, 0, 0, 0, 1
94, 801, 764, 16350600, 11, 248, 133, 74, 69, 10000000, 1, 0.950136, 0.922317, 0.409895, 0, 97, 0, 0, 0, 0, 1, 1
74, 798, 840, 16366800, 12, 69, 133, 248, 281, 10000000, 1, 1, 1, 0.213631, 0, 97, 0, 0, 0, 1, 1, 0
248, 801, 885, 16366800, 12, 69, 133, 10000000, 10000000, 10000000, 1, 1, 0, 0, 0, 97, 0, 0, 1, 1, 1, 1
133, 801, 919, 16366800, 12, 69, 10000000, 10000000, 10000000, 10000000, 1, 0, 0, 0, 0, 97, 0, 1, 1, 1, 1, 0
133, 801, 919, 16367227, 13, 69, 10000000, 10000000, 10000000, 10000000, 1, 0, 0, 0, 0, 97, 0, 1, 1, 1, 1, 0
69, 801, 968, 16367227, 13, 10000000, 10000000, 10000000, 10000000, 10000000, 0, 0, 0, 0, 0, 97, 1, 1, 1, 1, 1, 0
69, 801, 968, 16371427, 14, 10000000, 10000000, 10000000, 10000000, 10000000, 0, 0, 0, 0, 0, 97, 1, 1, 1, 1, 1, 0
344, 198, 147, 17299999, 1, 132, 249, 313, 193, 399, 0.970937, 1, 1, 1, 0.38073, 39, 0, 0, 0, 0, 1, 0
193, 198, 254, 17300200, 2, 386, 399, 336, 311, 299, 1, 0.972476, 0.431366, 1, 0.969878, 39, 1, 1, 1, 0, 0, 0
313, 201, 260, 17300200, 2, 113, 23, 132, 249, 229, 1, 0.969992, 1, 1, 0.969185, 39, 0, 0, 0, 0, 0, 0
249, 201, 294, 17300200, 2, 113, 23, 366, 132, 305, 1, 0.969992, 1, 1, 0.961167, 39, 0, 0, 0, 0, 0, 1
132, 201, 342, 17304400, 3, 222, 205, 113, 311, 23, 1, 0.873825, 0.948484, 0.860983, 1, 39, 0, 0, 0, 0, 0, 0
305, 198, 349, 17304400, 3, 399, 386, 299, 274, 311, 1, 1, 1, 0.752765, 1, 39, 1, 1, 0, 0, 0, 0
366, 198, 374, 17304400, 3, 274, 205, 299, 18, 222, 0.860303, 0.968371, 1, 1, 1, 39, 0, 0, 0, 0, 0, 0
23, 201, 378, 17304400, 3, 18, 299, 222, 205, 113, 1, 0.963514, 1, 0.826595, 1, 39, 0, 0, 0, 0, 0, 1
18, 219, 401, 17308600, 4, 395, 388, 381, 45, 188, 0.971745, 0.969193, 0.968184, 1, 1, 39, 1, 1, 1, 0, 0, 1
113, 198, 447, 17308601, 4, 10, 65, 205, 299, 276, 0.539657, 1, 1, 1, 0.752614, 39, 1, 0, 0, 0, 0, 0
222, 198, 473, 17308601, 4, 10, 65, 205, 276, 299, 0.960883, 1, 1, 0.967647, 1, 39, 1, 0, 0, 0, 0, 1
188, 349, 398, 17309015, 5, 279, 144, 339, 372, 53, 1, 1, 0.945256, 1, 0.930462, 39, 0, 0, 0, 0, 0, 0
45, 375, 398, 17309015, 5, 279, 339, 144, 53, 372, 0.969341, 1, 0.910632, 1, 1, 39, 0, 0, 0, 0, 0, 1
299, 201, 497, 17316801, 5, 10, 65, 188, 205, 274, 1, 1, 0.430999, 1, 0.536973, 39, 1, 0, 0, 0, 0, 0
205, 201, 541, 17316801, 5, 65, 188, 274, 10000000, 10000000, 1, 0.2155, 0.322184, 0, 0, 39, 0, 0, 1, 1, 1, 0
65, 201, 581, 17316801, 5, 20, 10000000, 10000000, 10000000, 10000000, 1, 0, 0, 0, 0, 39, 0, 1, 1, 1, 1, 1
20, 223, 601, 17321001, 6, 16, 107, 182, 162, 96, 1, 1, 1, 0.431442, 0.430785, 39, 0, 0, 0, 0, 0, 1
372, 423, 398, 17321215, 6, 166, 279, 24, 144, 339, 1, 1, 0.721488, 1, 1, 39, 0, 0, 0, 0, 0, 0
53, 427, 401, 17321215, 6, 24, 166, 279, 144, 339, 1, 1, 1, 1, 1, 39, 0, 0, 0, 0, 0, 0
144, 462, 401, 17321215, 6, 124, 24, 81, 166, 347, 1, 1, 0.821158, 1, 0.752561, 39, 0, 0, 0, 0, 0, 0
339, 464, 398, 17321215, 6, 81, 24, 166, 279, 10000000, 1, 0.966021, 1, 1, 0, 39, 0, 0, 0, 0, 1, 0
279, 498, 398, 17321215, 6, 124, 81, 24, 166, 347, 1, 1, 1, 1, 0.241783, 39, 0, 0, 0, 0, 1, 1
182, 268, 601, 17321285, 7, 107, 173, 16, 154, 162, 1, 0.602364, 0.549423, 0.430224, 0.755001, 39, 0, 0, 0, 0, 0, 0
107, 367, 598, 17321286, 7, 173, 16, 108, 162, 10000000, 1, 1, 1, 0.56398, 0, 39, 0, 0, 0, 0, 1, 1
166, 527, 398, 17321564, 7, 120, 234, 124, 81, 24, 1, 1, 1, 1, 1, 39, 0, 0, 0, 0, 0, 0
24, 581, 398, 17321565, 7, 35, 306, 120, 234, 124, 1, 1, 1, 1, 1, 39, 0, 0, 0, 0, 0, 0
81, 633, 401, 17321565, 7, 398, 35, 367, 306, 120, 1, 1, 0.968475, 1, 1, 39, 1, 0, 1, 0, 0, 0
124, 665, 401, 17321565, 7, 58, 398, 367, 283, 35, 1, 1, 1, 0.862425, 1, 39, 1, 1, 0, 0, 0, 1
35, 769, 398, 17321875, 8, 283, 76, 87, 58, 398, 1, 1, 1, 1, 1, 39, 0, 0, 0, 1, 1, 0
367, 773, 401, 17321875, 8, 58, 398, 139, 283, 111, 1, 1, 1, 1, 0.858977, 39, 1, 1, 0, 0, 0, 0
398, 787, 401, 17321875, 8, 111, 139, 93, 280, 283, 0.966349, 1, 0.968793, 0.967869, 1, 39, 0, 0, 0, 0, 0, 0
58, 801, 396, 17321875, 8, 111, 139, 280, 283, 146, 0.941955, 1, 1, 1, 0.863715, 39, 0, 0, 0, 0, 0, 1
146, 798, 476, 17322147, 9, 377, 318, 371, 334, 111, 0.722424, 0.538485, 1, 1, 1, 39, 1, 1, 0, 0, 0, 0
283, 895, 398, 17322147, 9, 93, 139, 111, 10000000, 10000000, 1, 1, 0.322107, 0, 0, 39, 0, 0, 0, 1, 1, 1
280, 798, 499, 17322147, 9, 377, 371, 334, 37, 111, 0.861821, 0.96809, 1, 0.962687, 1, 39, 1, 0, 0, 0, 0, 1
108, 398, 634, 17325486, 8, 82, 10000000, 10000000, 10000000, 10000000, 0.215336, 0, 0, 0, 0, 39, 0, 1, 1, 1, 1, 1
16, 416, 601, 17325486, 8, 90, 96, 162, 173, 332, 1, 0.968799, 1, 1, 0.429198, 39, 0, 0, 0, 0, 1, 1
173, 473, 601, 17329686, 9, 19, 143, 96, 162, 273, 1, 0.860466, 1, 1, 0.751729, 39, 1, 0, 0, 0, 0, 0
162, 551, 598, 17329686, 9, 84, 143, 273, 90, 19, 1, 1, 0.960339, 1, 1, 39, 0, 0, 0, 0, 1, 1
111, 801, 555, 17330347, 10, 371, 37, 334, 10000000, 10000000, 1, 0.91359, 0.957327, 0, 0, 39, 0, 0, 0, 1, 1, 0
371, 801, 628, 17330347, 10, 277, 148, 70, 9, 10000000, 0.720853, 0.644687, 0.875106, 0.215256, 0, 39, 0, 0, 0, 0, 1, 1
37, 798, 635, 17330347, 10, 371, 10000000, 10000000, 10000000, 10000000, 1, 0, 0, 0, 0, 39, 0, 1, 1, 1, 1, 0
139, 941, 398, 17334347, 10, 93, 245, 10000000, 10000000, 10000000, 1, 0.214928, 0, 0, 0, 39, 0, 1, 1, 1, 1, 0
93, 971, 398, 17334347, 10, 72, 245, 10000000, 10000000, 10000000, 1, 0.322392, 0, 0, 0, 39, 0, 1, 1, 1, 1, 1
72, 998, 445, 17334748, 11, 397, 354, 127, 303, 25, 1, 1, 1, 1, 0.857446, 39, 1, 0, 0, 0, 0, 1
303, 998, 542, 17335084, 12, 39, 376, 397, 354, 25, 0.966266, 0.967693, 1, 1, 1, 39, 0, 1, 1, 0, 0, 0
127, 1001, 547, 17335084, 12, 397, 354, 25, 151, 39, 1, 1, 0.964592, 0.857597, 0.633911, 39, 1, 0, 0, 0, 0, 1
25, 1001, 571, 17335084, 12, 39, 397, 376, 151, 354, 1, 1, 0.795481, 0.909197, 1, 39, 0, 1, 0, 0, 0, 0
19, 598, 611, 17337886, 10, 90, 21, 10000000, 10000000, 10000000, 1, 1, 0, 0, 0, 39, 0, 0, 1, 1, 1, 0
90, 618, 601, 17337886, 10, 377, 84, 318, 128, 371, 1, 1, 1, 1, 0.85907, 39, 0, 0, 0, 0, 1, 0
143, 677, 601, 17337887, 10, 277, 371, 377, 84, 70, 0.840234, 0.966454, 1, 1, 0.858088, 39, 0, 1, 0, 0, 0, 1
273, 694, 598, 17337887, 10, 70, 202, 377, 84, 318, 1, 0.860659, 1, 1, 1, 39, 0, 0, 0, 0, 0, 0
377, 772, 601, 17342087, 11, 277, 148, 202, 70, 371, 1, 0.8585, 0.817655, 0.857702, 1, 39, 0, 0, 0, 0, 0, 0
84, 774, 598, 17342087, 11, 256, 277, 341, 70, 202, 1, 1, 0.76905, 1, 0.771784, 39, 0, 0, 0, 0, 0, 0
70, 832, 601, 17342087, 11, 376, 341, 148, 9, 256, 1, 1, 1, 0.859936, 1, 39, 0, 0, 0, 0, 0, 0
25, 1001, 571, 17343284, 13, 39, 397, 376, 151, 354, 1, 1, 0.794445, 0.906943, 1, 39, 0, 1, 0, 0, 0, 0
354, 998, 573, 17343284, 13, 39, 376, 397, 9, 151, 0.965416, 1, 1, 0.59833, 0.964234, 39, 0, 0, 1, 0, 0, 0
397, 998, 587, 17343285, 13, 39, 376, 9, 10000000, 10000000, 1, 1, 1, 0, 0, 39, 0, 0, 0, 1, 1, 1
151, 998, 657, 17343285, 13, 39, 397, 376, 341, 9, 1, 1, 0.537134, 0.480881, 0, 39, 0, 1, 0, 1, 0, 0
9, 978, 598, 17343543, 14, 39, 10000000, 10000000, 10000000, 10000000, 1, 0, 0, 0, 0, 39, 0, 1, 1, 1, 1, 0
376, 975, 601, 17343543, 14, 39, 9, 10000000, 10000000, 10000000, 1, 1, 0, 0, 0, 39, 0, 0, 1, 1, 1, 0
9, 978, 598, 17347743, 15, 39, 10000000, 10000000, 10000000, 10000000, 1, 0, 0, 0, 0, 39, 0, 1, 1, 1, 1, 0
371, 801, 628, 17350287, 12, 277, 148, 70, 9, 10000000, 0.71913, 0.643309, 0.867537, 0.214795, 0, 39, 0, 0, 0, 0, 1, 0
70, 832, 601, 17350287, 12, 376, 341, 148, 9, 256, 1, 1, 1, 0.859179, 1, 39, 0, 0, 0, 0, 0, 0
202, 857, 601, 17350287, 12, 376, 9, 341, 148, 256, 1, 1, 1, 1, 1, 39, 0, 0, 0, 0, 0, 0
256, 906, 601, 17358487, 13, 9, 376, 397, 354, 341, 1, 1, 1, 0.85844, 1, 39, 0, 0, 1, 1, 0, 0
148, 933, 598, 17358487, 13, 39, 376, 397, 9, 341, 1, 1, 1, 0.965726, 0.751218, 39, 0, 0, 1, 0, 0, 0
341, 940, 601, 17358487, 13, 39, 376, 397, 9, 354, 1, 1, 1, 0.965726, 1, 39, 0, 0, 1, 0, 0, 0
376, 975, 601, 17358488, 13, 39, 9, 10000000, 10000000, 10000000, 1, 1, 0, 0, 0, 39, 0, 0, 1, 1, 1, 0
9, 978, 598, 17358759, 14, 39, 10000000, 10000000, 10000000, 10000000, 1, 0, 0, 0, 0, 39, 0, 1, 1, 1, 1, 0
70, 832, 601, 17366487, 13, 376, 341, 148, 9, 256, 1, 1, 1, 0.857687, 1, 39, 0, 0, 0, 0, 0, 0
256, 905, 601, 17374687, 14, 9, 376, 397, 354, 341, 1, 1, 1, 0.85695, 1, 39, 0, 0, 1, 1, 0, 0
148, 933, 598, 17374687, 14, 39, 376, 397, 9, 341, 1, 1, 1, 0.96405, 0.749914, 39, 0, 0, 1, 0, 0, 0
341, 940, 601, 17374688, 14, 39, 376, 397, 9, 354, 1, 1, 1, 0.96405, 1, 39, 0, 0, 1, 0, 0, 0
9, 979, 598, 17374688, 14, 39, 10000000, 10000000, 10000000, 10000000, 1, 0, 0, 0, 0, 39, 0, 1, 1, 1, 1, 0
376, 975, 601, 17378888, 15, 39, 9, 10000000, 10000000, 10000000, 1, 1, 0, 0, 0, 39, 0, 0, 1, 1, 1, 0
9, 979, 598, 17378888, 15, 39, 10000000, 10000000, 10000000, 10000000, 1, 0, 0, 0, 0, 39, 0, 1, 1, 1, 1, 0
397, 998, 587, 17378888, 15, 39, 9, 376, 10000000, 10000000, 1, 1, 1, 0, 0, 39, 0, 0, 0, 1, 1, 0
9, 979, 598, 17383088, 16, 39, 10000000, 10000000, 10000000, 10000000, 1, 0, 0, 0, 0, 39, 0, 1, 1, 1, 1, 0
159, 349, 198, 18299999, 1, 117, 314, 122, 116, 244, 1, 0.969601, 1, 1, 0.846783, 152, 0, 0, 0, 0, 0, 0
116, 398, 232, 18300200, 2, 381, 388, 395, 41, 118, 1, 0.972336, 0.969311, 1, 1, 152, 0, 1, 1, 0, 0, 1
122, 442, 201, 18300200, 2, 88, 86, 380, 117, 312, 1, 0.863793, 1, 1, 1, 152, 1, 0, 0, 0, 0, 0
314, 473, 198, 18300200, 2, 41, 88, 86, 47, 117, 0.323281, 0.969009, 0.885596, 1, 1, 152, 0, 1, 1, 1, 0, 1
117, 561, 198, 18304400, 3, 137, 272, 213, 47, 86, 1, 1, 1, 1, 1, 152, 0, 0, 0, 1, 1, 0
88, 592, 198, 18304400, 3, 114, 290, 350, 287, 206, 1, 1, 1, 1, 1, 152, 0, 0, 0, 0, 0, 1
47, 598, 212, 18304400, 3, 114, 290, 347, 206, 85, 1, 1, 0.648294, 1, 0.484036, 152, 0, 0, 0, 0, 0, 0
206, 598, 251, 18308600, 4, 347, 114, 290, 85, 332, 1, 1, 1, 0.43056, 0.242031, 152, 0, 0, 0, 0, 1, 0
290, 598, 288, 18308601, 4, 286, 347, 130, 85, 114, 0.971535, 1, 0.959626, 1, 0.969436, 152, 0, 0, 0, 0, 0, 1
287, 711, 198, 18308601, 4, 192, 389, 359, 44, 102, 1, 1, 0.952123, 0.939095, 1, 152, 0, 1, 0, 1, 1, 0
118, 401, 350, 18312400, 3, 115, 381, 300, 349, 41, 1, 1, 0.843872, 0.824818, 1, 152, 0, 0, 0, 0, 0, 0
41, 401, 388, 18312400, 3, 217, 300, 144, 349, 115, 0.962493, 1, 1, 1, 1, 152, 0, 0, 0, 0, 0, 0
388, 401, 412, 18312400, 3, 53, 24, 104, 279, 217, 1, 0.322326, 1, 0.967187, 1, 152, 0, 0, 0, 0, 0, 1
114, 601, 345, 18312801, 5, 347, 130, 286, 85, 179, 1, 1, 0.846103, 1, 0.412544, 152, 0, 0, 0, 0, 0, 0
85, 598, 417, 18312801, 5, 21, 179, 332, 286, 243, 1, 1, 1, 1, 1, 152, 0, 0, 0, 0, 0, 0
130, 598, 450, 18312801, 5, 21, 179, 332, 286, 243, 1, 1, 1, 1, 1, 152, 1, 0, 0, 0, 0, 0
53, 416, 401, 18316600, 4, 166, 279, 24, 339, 144, 1, 1, 0.859149, 1, 1, 152, 0, 0, 0, 0, 0, 1
217, 401, 528, 18316601, 4, 108, 104, 166, 16, 10000000, 1, 1, 0.215782, 0, 0, 152, 0, 0, 0, 1, 1, 0
104, 401, 561, 18316601, 4, 16, 108, 154, 10000000, 10000000, 0, 0.917177, 0.644572, 0, 0, 152, 1, 0, 0, 1, 1, 0
144, 449, 401, 18317040, 5, 124, 24, 166, 279, 81, 0.915088, 0.966497, 1, 1, 0.722667, 152, 0, 1, 0, 0, 0, 0
339, 479, 398, 18317041, 5, 81, 24, 166, 279, 217, 1, 0.966497, 1, 1, 0.537662, 152, 0, 1, 0, 0, 0, 0
279, 512, 398, 18317041, 5, 81, 24, 124, 166, 347, 1, 1, 0.766786, 1, 0.215803, 152, 0, 1, 0, 0, 1, 0
166, 539, 398, 18317041, 5, 124, 85, 120, 234, 24, 1, 1, 0.769453, 0.771506, 1, 152, 0, 0, 0, 0, 1, 1
24, 588, 398, 18317312, 6, 21, 179, 35, 120, 243, 1, 1, 1, 1, 1, 152, 1, 0, 0, 0, 0, 0
85, 598, 417, 18317312, 6, 21, 179, 332, 286, 243, 1, 1, 1, 1, 1, 152, 0, 0, 0, 0, 0, 0
124, 651, 401, 18317312, 6, 58, 398, 35, 367, 120, 1, 1, 1, 1, 1, 152, 1, 1, 0, 0, 0, 1
234, 707, 401, 18317312, 6, 58, 398, 76, 283, 35, 1, 1, 1, 0.861009, 1, 152, 1, 1, 0, 0, 0, 0
120, 741, 398, 18317648, 7, 283, 87, 58, 398, 76, 0.948112, 1, 1, 1, 0.867724, 152, 0, 0, 1, 1, 0, 0
367, 765, 401, 18317649, 7, 398, 58, 111, 139, 283, 1, 1, 0.75302, 1, 1, 152, 1, 1, 0, 0, 0, 0
35, 780, 398, 18317649, 7, 146, 283, 87, 76, 58, 1, 1, 1, 1, 1, 152, 0, 0, 0, 0, 1, 0
398, 787, 401, 18317649, 7, 111, 280, 146, 139, 283, 0.968168, 1, 1, 0.968793, 1, 152, 0, 0, 0, 0, 0, 0
58, 801, 411, 18317649, 7, 111, 280, 146, 139, 283, 0.951794, 1, 0.905974, 1, 1, 152, 0, 0, 0, 0, 0, 1
146, 798, 465, 18318024, 8, 334, 371, 111, 261, 280, 0.970023, 0.966171, 1, 0.753184, 1, 152, 0, 0, 0, 0, 0, 0
280, 798, 487, 18318024, 8, 334, 111, 371, 131, 37, 0.970023, 1, 0.858818, 0.75442, 0.859665, 152, 0, 0, 0, 0, 0, 0
283, 907, 398, 18318024, 8, 93, 139, 111, 10000000, 10000000, 1, 1, 0.21514, 0, 0, 152, 0, 0, 0, 1, 1, 0
111, 801, 568, 18318024, 8, 131, 297, 171, 334, 371, 0.962073, 1, 1, 0.96389, 1, 152, 0, 0, 0, 0, 0, 1
371, 801, 637, 18318425, 9, 74, 131, 261, 94, 297, 1, 1, 1, 0.859736, 1, 152, 0, 0, 0, 0, 0, 0
171, 798, 664, 18318425, 9, 94, 131, 74, 261, 297, 1, 1, 0.845255, 1, 1, 152, 0, 0, 0, 0, 0, 0
334, 801, 677, 18318426, 9, 74, 131, 94, 261, 297, 1, 1, 0.859735, 1, 1, 152, 0, 0, 0, 0, 0, 0
297, 798, 689, 18318426, 9, 74, 94, 248, 131, 133, 1, 1, 0.96659, 1, 0.7244, 152, 0, 0, 0, 0, 0, 0
131, 801, 736, 18318426, 9, 74, 94, 248, 10000000, 10000000, 0.940334, 1, 0.549, 0, 0, 152, 0, 0, 0, 1, 1, 1
94, 801, 786, 18318866, 10, 51, 248, 74, 133, 10000000, 1, 1, 0.9516, 0.845089, 0, 152, 0, 0, 0, 0, 1, 0
74, 798, 813, 18318866, 10, 51, 248, 10000000, 10000000, 10000000, 1, 1, 0, 0, 0, 152, 0, 0, 1, 1, 1, 1
248, 801, 909, 18318866, 10, 223, 301, 211, 10000000, 10000000, 0.431217, 0.536638, 0.215146, 0, 0, 152, 0, 1, 0, 1, 1, 0
51, 828, 801, 18319254, 11, 57, 54, 211, 329, 223, 1, 1, 1, 1, 1, 152, 1, 1, 0, 0, 0, 1
223, 918, 798, 18319525, 12, 101, 57, 54, 211, 355, 1, 1, 1, 1, 0.75202, 152, 0, 1, 1, 0, 1, 0
329, 931, 801, 18319525, 12, 307, 355, 57, 226, 101, 0.965776, 1, 1, 0.752516, 0.825341, 152, 0, 0, 1, 0, 0, 0
211, 955, 798, 18319526, 12, 101, 355, 57, 54, 307, 1, 0.859452, 1, 1, 0.317826, 152, 0, 0, 1, 1, 1, 0
57, 991, 798, 18319526, 12, 307, 152, 258, 355, 101, 1, 1, 1, 1, 1, 152, 0, 0, 0, 0, 0, 1
54, 1001, 791, 18319526, 12, 307, 152, 258, 226, 355, 1, 1, 1, 1, 1, 152, 0, 0, 0, 0, 0, 0
101, 998, 815, 18319784, 13, 307, 152, 258, 226, 355, 1, 1, 1, 1, 1, 152, 0, 0, 0, 0, 0, 0
355, 1001, 833, 18319784, 13, 307, 152, 258, 226, 10000000, 1, 1, 1, 1, 0, 152, 0, 0, 0, 0, 1, 0
307, 1001, 873, 18319784, 13, 152, 10000000, 10000000, 10000000, 10000000, 1, 0, 0, 0, 0, 152, 0, 1, 1, 1, 1, 0
258, 998, 892, 18319784, 13, 152, 307, 10000000, 10000000, 10000000, 1, 1, 0, 0, 0, 152, 0, 0, 1, 1, 1, 0
102, 787, 198, 18320801, 5, 126, 187, 319, 40, 119, 1, 1, 0.859451, 1, 0.969005, 152, 0, 0, 0, 0, 0, 0
44, 811, 201, 18320801, 5, 187, 92, 99, 119, 237, 1, 1, 1, 1, 1, 152, 0, 1, 0, 0, 0, 0
389, 812, 198, 18320801, 5, 319, 250, 187, 92, 119, 1, 0.859796, 1, 1, 1, 152, 0, 0, 0, 1, 0, 0
359, 833, 198, 18320801, 5, 92, 250, 319, 99, 119, 0.777537, 0.752321, 0.859451, 1, 0.969005, 152, 1, 0, 0, 0, 0, 0
243, 598, 501, 18321001, 6, 19, 21, 236, 179, 204, 1, 1, 0.930872, 1, 0.722366, 152, 1, 1, 0, 0, 0, 0
286, 601, 519, 18321001, 6, 204, 21, 179, 19, 332, 1, 1, 1, 0.633253, 0.862077, 152, 0, 1, 0, 1, 0, 0
332, 598, 526, 18321001, 6, 186, 19, 21, 204, 236, 0.968524, 1, 1, 0.822891, 0.685438, 152, 0, 1, 1, 0, 0, 0
179, 601, 550, 18321001, 6, 96, 309, 19, 21, 204, 1, 1, 0.926557, 1, 1, 152, 0, 0, 1, 1, 0, 0
21, 601, 589, 18321002, 6, 186, 309, 236, 204, 90, 0.966039, 1, 1, 1, 1, 152, 0, 0, 0, 0, 1, 0
90, 611, 601, 18321403, 7, 84, 377, 128, 318, 273, 1, 0.96726, 1, 0.966543, 1, 152, 0, 0, 0, 0, 0, 0
204, 598, 661, 18321403, 7, 393, 4, 358, 317, 384, 1, 1, 0.429943, 0.429282, 0.361957, 152, 1, 1, 1, 1, 1, 0
236, 598, 682, 18321403, 7, 393, 4, 384, 387, 358, 1, 1, 0.723914, 0.64533, 0.644915, 152, 1, 1, 1, 1, 1, 0
309, 598, 728, 18321403, 7, 387, 384, 393, 4, 337, 1, 1, 1, 1, 0.723452, 152, 1, 1, 1, 1, 0, 0
16, 410, 601, 18324801, 5, 90, 162, 96, 173, 332, 1, 1, 0.966192, 1, 0.323146, 152, 0, 0, 0, 0, 1, 0
108, 398, 621, 18324801, 5, 16, 79, 304, 352, 154, 0, 0.859252, 0.323289, 0.322091, 1, 152, 1, 0, 1, 1, 0, 0
187, 798, 248, 18325001, 6, 58, 126, 250, 87, 367, 1, 1, 1, 0.64438, 0.646052, 152, 1, 0, 0, 0, 1, 0
319, 801, 272, 18325001, 6, 58, 126, 87, 250, 10000000, 1, 1, 0.869884, 1, 0, 152, 1, 0, 0, 0, 1, 0
92, 996, 204, 18325002, 6, 121, 72, 245, 127, 58, 1, 0.274276, 0.754444, 0.32218, 0.136584, 152, 0, 0, 0, 0, 0, 0
173, 462, 601, 18325124, 6, 19, 21, 96, 162, 273, 1, 1, 1, 1, 0.646741, 152, 1, 1, 0, 0, 0, 0
90, 611, 601, 18325125, 6, 84, 377, 128, 318, 273, 1, 0.966873, 1, 0.966157, 1, 152, 0, 0, 0, 0, 0, 0
250, 801, 314, 18325441, 7, 280, 146, 87, 58, 126, 1, 1, 1, 1, 1, 152, 0, 0, 0, 1, 0, 0
126, 801, 361, 18325442, 7, 280, 146, 87, 58, 398, 1, 1, 1, 1, 1, 152, 0, 0, 0, 1, 1, 0
58, 801, 411, 18325442, 7, 111, 280, 146, 139, 283, 0.950619, 1, 0.903847, 1, 1, 152, 0, 0, 0, 0, 0, 0
273, 706, 598, 18325552, 7, 70, 202, 84, 377, 371, 1, 0.905943, 1, 1, 0.751136, 152, 0, 0, 0, 0, 1, 0
318, 731, 601, 18325552, 7, 277, 371, 202, 70, 334, 0.965802, 1, 0.961097, 1, 0.861543, 152, 0, 0, 0, 0, 0, 0
128, 741, 598, 18325552, 7, 277, 202, 37, 70, 84, 0.95877, 1, 1, 1, 1, 152, 0, 0, 0, 0, 0, 0
377, 764, 601, 18325552, 7, 84, 397, 261, 9, 376, 1, 0.483015, 0.967596, 0.428952, 1, 152, 0, 1, 0, 0, 0, 0
84, 784, 598, 18325552, 7, 334, 256, 277, 371, 341, 1, 1, 0.965802, 1, 0.875745, 152, 0, 0, 0, 0, 0, 0
146, 798, 465, 18325726, 8, 334, 371, 111, 261, 280, 0.969218, 0.965373, 1, 0.752561, 1, 152, 0, 0, 0, 0, 0, 0
280, 798, 487, 18325726, 8, 334, 111, 371, 131, 37, 0.969218, 1, 0.858109, 0.753795, 0.858954, 152, 0, 0, 0, 0, 0, 0
393, 598, 787, 18325849, 8, 240, 51, 361, 337, 194, 0.967614, 0.773644, 0.375591, 1, 0.64547, 152, 0, 0, 1, 0, 0, 0
4, 601, 788, 18325849, 8, 337, 219, 109, 10000000, 10000000, 1, 1, 1, 0, 0, 152, 0, 0, 0, 1, 1, 0
371, 801, 637, 18325927, 8, 74, 131, 261, 94, 297, 1, 1, 1, 0.859043, 1, 152, 0, 0, 0, 0, 0, 0
334, 801, 677, 18325927, 8, 74, 131, 94, 261, 297, 1, 1, 0.859043, 1, 1, 152, 0, 0, 0, 0, 0, 0
256, 894, 601, 18325928, 8, 397, 9, 354, 39, 151, 1, 1, 0.751947, 1, 0.87622, 152, 1, 1, 1, 1, 0, 0
277, 914, 598, 18325928, 8, 9, 39, 376, 148, 341, 0.965102, 1, 1, 1, 0.962515, 152, 1, 1, 0, 0, 0, 0
280, 798, 487, 18326224, 9, 334, 111, 371, 131, 37, 0.969166, 1, 0.858063, 0.753754, 0.858908, 152, 0, 0, 0, 0, 0, 0
111, 801, 568, 18326224, 9, 131, 297, 171, 334, 371, 0.961126, 1, 1, 0.962938, 1, 152, 0, 0, 0, 0, 0, 0
297, 798, 689, 18326367, 9, 74, 94, 248, 131, 133, 1, 1, 0.965766, 1, 0.723706, 152, 0, 0, 0, 0, 0, 0
261, 801, 711, 18326368, 9, 94, 74, 131, 10000000, 10000000, 0.966378, 0.467426, 1, 0, 0, 152, 0, 0, 0, 1, 1, 0
131, 801, 736, 18326368, 9, 74, 94, 248, 10000000, 10000000, 0.938931, 1, 0.548402, 0, 0, 152, 0, 0, 0, 1, 1, 0
74, 798, 813, 18326368, 9, 51, 248, 10000000, 10000000, 10000000, 1, 1, 0, 0, 0, 152, 0, 0, 1, 1, 1, 0
51, 828, 801, 18326704, 10, 57, 54, 211, 329, 223, 1, 1, 1, 1, 1, 152, 1, 1, 0, 0, 0, 0
248, 801, 909, 18326704, 10, 223, 301, 211, 10000000, 10000000, 0.430852, 0.536187, 0.214964, 0, 0, 152, 0, 1, 0, 1, 1, 0
223, 919, 798, 18326988, 11, 101, 57, 54, 211, 355, 1, 1, 1, 1, 0.751418, 152, 0, 1, 1, 0, 1, 0
329, 931, 801, 18326988, 11, 307, 355, 57, 226, 101, 0.965004, 1, 1, 0.751913, 0.824495, 152, 0, 0, 1, 0, 0, 0
211, 955, 798, 18326988, 11, 101, 355, 57, 54, 307, 1, 0.858763, 1, 1, 0.317449, 152, 0, 0, 1, 1, 1, 0
57, 991, 798, 18326989, 11, 307, 152, 258, 355, 101, 1, 1, 1, 1, 1, 152, 0, 0, 0, 0, 0, 0
54, 1001, 791, 18326989, 11, 307, 152, 258, 226, 355, 1, 1, 1, 1, 1, 152, 0, 0, 0, 0, 0, 0
101, 998, 815, 18327325, 12, 307, 152, 258, 226, 355, 1, 1, 1, 1, 1, 152, 0, 0, 0, 0, 0, 0
355, 1001, 833, 18327325, 12, 307, 152, 258, 226, 10000000, 1, 1, 1, 1, 0, 152, 0, 0, 0, 0, 1, 0
307, 1001, 874, 18327325, 12, 152, 10000000, 10000000, 10000000, 10000000, 1, 0, 0, 0, 0, 152, 0, 1, 1, 1, 1, 0
258, 998, 892, 18327325, 12, 152, 307, 10000000, 10000000, 10000000, 1, 1, 0, 0, 0, 152, 0, 0, 1, 1, 1, 0
9, 986, 598, 18330128, 9, 145, 151, 255, 376, 10000000, 1, 1, 0.323188, 1, 0, 152, 0, 0, 0, 0, 1, 0
337, 668, 798, 18334049, 9, 51, 6, 194, 240, 301, 1, 0.969316, 1, 1, 0.120045, 152, 0, 1, 0, 0, 1, 0
139, 956, 398, 18334224, 9, 72, 93, 10000000, 10000000, 10000000, 1, 1, 0, 0, 0, 152, 0, 0, 1, 1, 1, 0
93, 982, 398, 18334224, 9, 212, 72, 245, 10000000, 10000000, 1, 1, 0.215341, 0, 0, 152, 0, 0, 1, 1, 1, 0
376, 968, 601, 18334328, 10, 255, 145, 54, 151, 355, 0.969127, 0.860491, 0.750385, 1, 0.36179, 152, 0, 0, 0, 0, 1, 0
151, 998, 643, 18334328, 10, 355, 57, 54, 145, 307, 0.964773, 1, 1, 1, 0.749968, 152, 0, 1, 1, 0, 0, 0
255, 1001, 708, 18334328, 10, 152, 101, 57, 54, 145, 1, 1, 1, 1, 1, 152, 0, 0, 1, 1, 0, 0
371, 801, 637, 18334424, 10, 74, 131, 261, 94, 297, 1, 1, 1, 0.85826, 1, 152, 0, 0, 0, 0, 0, 0
171, 798, 664, 18334424, 10, 94, 131, 74, 261, 297, 1, 1, 0.843625, 1, 1, 152, 0, 0, 0, 0, 0, 0
334, 801, 677, 18334425, 10, 74, 131, 94, 261, 297, 1, 1, 0.85826, 1, 1, 152, 0, 0, 0, 0, 0, 0
297, 798, 689, 18334425, 10, 74, 94, 248, 131, 133, 1, 1, 0.964932, 1, 0.723004, 152, 0, 0, 0, 0, 0, 0
72, 998, 434, 18334638, 10, 397, 354, 127, 303, 25, 1, 1, 1, 1, 0.857311, 152, 1, 0, 0, 0, 0, 0
212, 998, 456, 18334638, 10, 39, 397, 25, 354, 127, 0.968675, 0.967665, 0.964475, 1, 1, 152, 0, 1, 0, 0, 0, 0
245, 1001, 511, 18334639, 10, 151, 39, 397, 25, 354, 1, 1, 0.967665, 0.964474, 1, 152, 0, 1, 1, 0, 0, 0
127, 1001, 560, 18334962, 11, 255, 151, 397, 25, 39, 0.861387, 0.900367, 1, 1, 0.684003, 152, 0, 0, 1, 0, 1, 0
354, 998, 565, 18334962, 11, 145, 255, 151, 54, 39, 0.967987, 1, 0.967915, 0.643143, 1, 152, 0, 0, 0, 0, 1, 0
25, 1001, 583, 18334962, 11, 255, 151, 145, 9, 39, 1, 0.930342, 0.681863, 1, 1, 152, 0, 0, 0, 1, 1, 0
397, 998, 587, 18334962, 11, 145, 255, 54, 151, 376, 1, 1, 0.857524, 1, 1, 152, 0, 0, 0, 0, 0, 0
121, 998, 234, 18337202, 7, 72, 354, 245, 127, 25, 0.600057, 0.24007, 0.753454, 0.643517, 0.321403, 152, 0, 1, 0, 0, 0, 0
145, 1001, 755, 18338528, 11, 152, 307, 355, 321, 101, 1, 0.958486, 1, 1, 1, 152, 0, 0, 0, 0, 0, 0
57, 991, 798, 18338529, 11, 307, 152, 258, 355, 101, 1, 1, 1, 1, 1, 152, 0, 0, 0, 0, 0, 0
131, 801, 736, 18338625, 11, 74, 94, 248, 10000000, 10000000, 0.936775, 1, 0.547482, 0, 0, 152, 0, 0, 0, 1, 1, 0
94, 801, 786, 18338625, 11, 51, 248, 74, 133, 10000000, 1, 1, 0.948627, 0.843078, 0, 152, 0, 0, 0, 0, 1, 0
74, 798, 813, 18338625, 11, 51, 248, 10000000, 10000000, 10000000, 1, 1, 0, 0, 0, 152, 0, 0, 1, 1, 1, 0
51, 828, 801, 18338935, 12, 57, 54, 211, 329, 223, 1, 1, 1, 1, 1, 152, 1, 1, 0, 0, 0, 0
248, 801, 909, 18338935, 12, 223, 301, 211, 10000000, 10000000, 0.430286, 0.535485, 0.214682, 0, 0, 152, 0, 1, 0, 1, 1, 0
223, 919, 798, 18339206, 13, 101, 57, 54, 211, 355, 1, 1, 1, 1, 0.750434, 152, 0, 1, 1, 0, 1, 0
329, 931, 801, 18339206, 13, 307, 355, 57, 226, 101, 0.963741, 1, 1, 0.750928, 0.823113, 152, 0, 0, 1, 0, 0, 0
211, 955, 798, 18339207, 13, 101, 355, 57, 54, 307, 1, 0.857638, 1, 1, 0.316835, 152, 0, 0, 1, 1, 1, 0
57, 991, 798, 18339207, 13, 307, 152, 258, 355, 101, 1, 1, 1, 1, 1, 152, 0, 0, 0, 0, 0, 0
101, 998, 815, 18339634, 14, 307, 152, 258, 226, 355, 1, 1, 1, 1, 1, 152, 0, 0, 0, 0, 0, 0
355, 1001, 833, 18339634, 14, 307, 152, 258, 226, 10000000, 1, 1, 1, 1, 0, 152, 0, 0, 0, 0, 1, 0
307, 1001, 874, 18339634, 14, 10000000, 10000000, 10000000, 10000000, 10000000, 0, 0, 0, 0, 0, 152, 1, 1, 1, 1, 1, 0
258, 998, 892, 18339634, 14, 152, 307, 10000000, 10000000, 10000000, 1, 1, 0, 0, 0, 152, 0, 0, 1, 1, 1, 0
240, 706, 798, 18346250, 10, 252, 6, 51, 194, 223, 1, 1, 0.899449, 1, 0.631892, 152, 0, 1, 0, 0, 0, 0
194, 754, 798, 18346250, 10, 301, 196, 223, 51, 74, 1, 1, 0.859895, 0.92824, 1, 152, 0, 0, 0, 0, 0, 0
6, 788, 798, 18346250, 10, 223, 211, 252, 301, 329, 1, 0.927324, 1, 1, 0.858679, 152, 0, 0, 0, 0, 0, 0
301, 872, 798, 18346250, 10, 54, 57, 211, 223, 252, 1, 0.967492, 1, 1, 0.96092, 152, 1, 1, 0, 0, 0, 0
307, 1001, 874, 18347834, 15, 10000000, 10000000, 10000000, 10000000, 10000000, 0, 0, 0, 0, 0, 152, 1, 1, 1, 1, 1, 0
301, 872, 798, 18350450, 11, 54, 57, 211, 223, 252, 1, 0.967055, 1, 1, 0.960435, 152, 1, 1, 0, 0, 0, 0
252, 890, 801, 18350450, 11, 355, 57, 211, 307, 329, 0.963682, 1, 0.964877, 0.748675, 1, 152, 0, 1, 0, 0, 0, 0
223, 919, 798, 18350450, 11, 101, 57, 54, 211, 355, 1, 1, 1, 1, 0.74953, 152, 0, 1, 1, 0, 1, 0
329, 931, 801, 18350450, 11, 307, 355, 57, 226, 101, 0.962582, 1, 1, 0.750023, 0.821845, 152, 0, 0, 1, 0, 0, 0
211, 956, 798, 18350450, 11, 101, 355, 57, 54, 307, 1, 0.856606, 1, 1, 0.316271, 152, 0, 0, 1, 1, 1, 0
101, 998, 815, 18350729, 12, 307, 152, 258, 226, 355, 1, 1, 1, 1, 1, 152, 0, 0, 0, 0, 0, 0
355, 1001, 833, 18350729, 12, 307, 152, 258, 226, 10000000, 1, 1, 1, 1, 0, 152, 0, 0, 0, 0, 1, 0
307, 1001, 874, 18350729, 12, 10000000, 10000000, 10000000, 10000000, 10000000, 0, 0, 0, 0, 0, 152, 1, 1, 1, 1, 1, 0
321, 998, 927, 18350729, 12, 152, 307, 258, 226, 355, 1, 1, 1, 1, 0.84251, 152, 0, 0, 0, 0, 0, 0
211, 956, 798, 18350903, 12, 101, 355, 57, 54, 307, 1, 0.856564, 1, 1, 0.316249, 152, 0, 0, 1, 1, 1, 0
307, 1001, 874, 18358929, 13, 10000000, 10000000, 10000000, 10000000, 10000000, 0, 0, 0, 0, 0, 152, 1, 1, 1, 1, 1, 0
258, 998, 892, 18358929, 13, 152, 307, 10000000, 10000000, 10000000, 1, 1, 0, 0, 0, 152, 0, 0, 1, 1, 1, 0
226, 1001, 902, 18358929, 13, 307, 152, 258, 10000000, 10000000, 1, 1, 1, 0, 0, 152, 0, 0, 0, 1, 1, 0
307, 1001, 874, 18367129, 14, 152, 10000000, 10000000, 10000000, 10000000, 1, 0, 0, 0, 0, 152, 0, 1, 1, 1, 1, 0
27, 391, 198, 19299999, 1, 118, 351, 380, 224, 312, 1, 1, 1, 1, 1, 248, 0, 0, 0, 0, 0, 0
224, 398, 268, 19300200, 2, 349, 381, 395, 388, 53, 0.969012, 1, 1, 1, 1, 248, 0, 0, 1, 1, 1, 0
312, 517, 201, 19300200, 2, 91, 88, 86, 47, 272, 1, 1, 1, 0.968546, 1, 248, 1, 1, 1, 1, 0, 0
351, 398, 341, 19300200, 2, 217, 300, 349, 381, 115, 1, 1, 1, 1, 1, 248, 0, 0, 0, 0, 0, 0
380, 552, 201, 19300200, 2, 91, 88, 102, 86, 385, 0.948693, 1, 0.861764, 1, 0.468457, 248, 1, 1, 0, 1, 1, 1
118, 401, 363, 19300200, 2, 381, 115, 349, 300, 53, 1, 1, 0.847239, 0.754075, 1, 248, 0, 0, 0, 0, 1, 1
53, 410, 401, 19300640, 3, 395, 388, 24, 81, 217, 1, 1, 0.755411, 0.467914, 1, 248, 1, 1, 0, 0, 0, 0
115, 398, 432, 19300640, 3, 104, 217, 300, 108, 349, 1, 1, 1, 0.705062, 1, 248, 0, 0, 0, 0, 0, 0
381, 401, 433, 19300640, 3, 108, 104, 217, 300, 349, 1, 0.970391, 1, 1, 1, 248, 1, 0, 0, 0, 0, 1
349, 401, 466, 19300640, 3, 24, 104, 217, 108, 300, 0.215832, 1, 1, 0.783845, 1, 248, 0, 0, 0, 0, 0, 0
300, 401, 511, 19300641, 3, 16, 108, 104, 217, 166, 1, 1, 1, 1, 0.323564, 248, 1, 1, 0, 0, 0, 0
349, 401, 466, 19300911, 4, 24, 104, 217, 108, 300, 0.215826, 1, 1, 0.783678, 1, 248, 0, 0, 0, 0, 0, 0
300, 401, 511, 19300912, 4, 16, 108, 104, 217, 166, 1, 1, 1, 1, 0.323555, 248, 1, 1, 0, 0, 0, 0
217, 401, 542, 19300912, 4, 154, 16, 108, 104, 10000000, 1, 1, 1, 1, 0, 248, 0, 1, 1, 0, 1, 0
104, 401, 572, 19300912, 4, 107, 108, 16, 154, 10000000, 1, 0.940022, 1, 0.64667, 0, 248, 1, 1, 1, 0, 1, 0
108, 398, 608, 19300912, 4, 16, 79, 154, 173, 304, 1, 0.864672, 1, 1, 0.215453, 248, 1, 1, 0, 0, 1, 1
16, 407, 601, 19301248, 5, 162, 96, 90, 154, 173, 1, 0.972714, 0.875758, 1, 1, 248, 0, 1, 0, 0, 0, 1
173, 451, 601, 19301248, 5, 21, 96, 332, 162, 19, 1, 1, 0.324112, 1, 0.877558, 248, 1, 0, 1, 0, 1, 0
154, 401, 749, 19301248, 5, 3, 52, 79, 169, 292, 0, 0.94075, 1, 0.884416, 0.754972, 248, 1, 0, 1, 0, 0, 0
173, 451, 601, 19301610, 6, 21, 96, 332, 162, 19, 1, 1, 0.324099, 1, 0.877419, 248, 1, 0, 1, 0, 1, 0
154, 401, 749, 19301610, 6, 3, 52, 79, 169, 292, 0, 0.94067, 1, 0.884274, 0.754942, 248, 1, 0, 1, 0, 0, 0
88, 593, 200, 19308400, 3, 114, 290, 206, 287, 345, 1, 1, 1, 1, 0.910899, 248, 0, 0, 0, 0, 0, 0
91, 601, 199, 19308400, 3, 290, 114, 102, 137, 345, 1, 0.825065, 1, 1, 1, 248, 0, 0, 1, 0, 0, 1
86, 607, 201, 19308400, 3, 102, 47, 385, 389, 44, 0.861003, 1, 0.75421, 0.752903, 0.322761, 248, 1, 1, 1, 1, 0, 0
290, 598, 275, 19308762, 4, 347, 130, 85, 24, 114, 0.97183, 0.964475, 1, 1, 1, 248, 0, 0, 1, 1, 0, 1
345, 711, 201, 19308763, 4, 102, 389, 385, 44, 40, 0.968591, 1, 1, 1, 0.323525, 248, 1, 1, 1, 1, 1, 0
114, 601, 356, 19309086, 5, 332, 347, 130, 286, 85, 1, 1, 1, 0.755164, 1, 248, 0, 0, 0, 0, 1, 0
24, 592, 398, 19309086, 5, 90, 19, 21, 179, 286, 1, 1, 1, 1, 1, 248, 1, 1, 1, 0, 0, 0
85, 598, 410, 19309086, 5, 21, 179, 286, 332, 243, 1, 1, 1, 1, 1, 248, 1, 0, 0, 0, 0, 0
130, 598, 438, 19309086, 5, 90, 21, 96, 179, 286, 1, 1, 1, 1, 1, 248, 1, 1, 1, 0, 0, 0
347, 601, 484, 19309086, 5, 90, 96, 21, 179, 286, 1, 1, 0.969324, 1, 1, 248, 1, 1, 1, 0, 0, 1
286, 601, 533, 19309513, 6, 309, 236, 204, 90, 21, 1, 1, 1, 1, 1, 248, 0, 0, 0, 1, 1, 0
179, 601, 562, 19309513, 6, 309, 204, 90, 21, 19, 1, 1, 1, 1, 0.942406, 248, 0, 0, 1, 1, 1, 0
21, 601, 592, 19309514, 6, 186, 236, 128, 318, 273, 0.863022, 1, 1, 1, 1, 248, 0, 0, 0, 0, 0, 0
96, 592, 598, 19309514, 6, 393, 309, 236, 318, 273, 1, 1, 1, 1, 0.970987, 248, 1, 0, 0, 0, 0, 0
90, 608, 601, 19309514, 6, 84, 70, 371, 186, 334, 1, 0.318739, 0.644979, 1, 0.322886, 248, 1, 0, 1, 0, 1, 1
3, 389, 798, 19313811, 7, 384, 317, 181, 257, 358, 1, 1, 0.823206, 1, 0.761911, 248, 1, 0, 0, 0, 0, 1
79, 401, 800, 19313811, 7, 82, 317, 257, 141, 33, 1, 1, 1, 1, 1, 248, 1, 0, 0, 0, 0, 0
52, 398, 812, 19313811, 7, 141, 33, 292, 289, 177, 1, 1, 1, 1, 1, 248, 0, 0, 0, 0, 0, 0
169, 398, 844, 19313811, 7, 292, 289, 177, 364, 327, 1, 1, 1, 0.430361, 0.322279, 248, 0, 0, 0, 1, 1, 0
257, 468, 801, 19314095, 8, 337, 109, 4, 240, 82, 0.969174, 1, 1, 0.859291, 1, 248, 0, 1, 1, 0, 1, 0
317, 519, 801, 19314095, 8, 240, 337, 4, 109, 393, 0.966702, 1, 1, 0.970213, 1, 248, 0, 0, 1, 1, 1, 1
358, 556, 801, 19314095, 8, 240, 337, 194, 109, 4, 1, 1, 0.863426, 1, 1, 248, 0, 0, 0, 1, 1, 0
181, 574, 798, 19314095, 8, 240, 337, 219, 109, 194, 1, 1, 1, 1, 0.647569, 248, 0, 0, 0, 1, 0, 0
300, 401, 512, 19317112, 5, 16, 108, 104, 217, 166, 1, 1, 1, 1, 0.32299, 248, 1, 1, 0, 0, 0, 0
217, 401, 542, 19317112, 5, 154, 16, 108, 104, 10000000, 1, 1, 1, 1, 0, 248, 0, 1, 1, 0, 1, 0
104, 401, 572, 19317112, 5, 107, 108, 16, 154, 10000000, 1, 0.936457, 1, 0.645543, 0, 248, 1, 1, 1, 0, 1, 1
162, 575, 598, 19317810, 7, 377, 318, 273, 204, 251, 1, 1, 0.970119, 1, 1, 248, 0, 0, 0, 0, 0, 0
96, 592, 597, 19317811, 7, 393, 309, 236, 318, 273, 1, 1, 1, 1, 0.970118, 248, 1, 0, 0, 0, 0, 0
19, 599, 602, 19317811, 7, 90, 186, 309, 4, 393, 0.9113, 1, 1, 0.861847, 0.860915, 248, 1, 0, 0, 1, 1, 0
21, 601, 592, 19317811, 7, 186, 236, 128, 318, 273, 0.86225, 1, 1, 1, 1, 248, 0, 0, 0, 0, 0, 1
236, 598, 671, 19318238, 8, 219, 4, 393, 82, 186, 0.966013, 1, 1, 1, 1, 248, 0, 1, 1, 1, 0, 1
318, 718, 601, 19318238, 8, 84, 70, 371, 37, 334, 1, 1, 0.966561, 0.687811, 0.752695, 248, 1, 1, 0, 1, 0, 0
273, 719, 598, 19318238, 8, 84, 70, 377, 202, 371, 1, 1, 1, 0.929335, 0.633117, 248, 1, 1, 0, 0, 1, 0
128, 753, 598, 19318238, 8, 84, 70, 37, 334, 371, 1, 1, 1, 0.241773, 0.859166, 248, 1, 1, 1, 1, 0, 0
109, 598, 806, 19318295, 9, 74, 194, 240, 337, 219, 1, 1, 1, 1, 1, 248, 1, 0, 0, 0, 0, 0
4, 601, 792, 19318295, 9, 240, 337, 219, 109, 42, 1, 1, 1, 1, 0.770688, 248, 0, 0, 0, 1, 1, 0
337, 679, 798, 19318296, 9, 74, 51, 6, 94, 194, 1, 1, 1, 1, 1, 248, 1, 0, 1, 1, 0, 1
16, 407, 601, 19321312, 6, 162, 96, 90, 154, 173, 1, 0.970609, 0.868131, 1, 1, 248, 0, 1, 0, 0, 0, 0
107, 387, 598, 19321312, 6, 154, 173, 162, 16, 108, 1, 1, 0.683119, 1, 1, 248, 0, 0, 0, 1, 1, 1
108, 398, 608, 19321312, 6, 79, 16, 154, 173, 304, 0.862769, 1, 1, 1, 0.214981, 248, 1, 1, 0, 0, 1, 0
108, 398, 608, 19321635, 7, 79, 16, 154, 173, 304, 0.862739, 1, 1, 1, 0.214973, 248, 1, 1, 0, 0, 1, 0
16, 407, 601, 19321635, 7, 162, 96, 90, 154, 173, 1, 0.970575, 0.868009, 1, 1, 248, 0, 1, 0, 0, 0, 0
173, 451, 601, 19321635, 7, 96, 21, 162, 332, 19, 1, 1, 1, 0.3234, 0.869778, 248, 0, 1, 0, 1, 1, 0
186, 601, 773, 19322438, 9, 219, 112, 109, 4, 393, 1, 0.869035, 0.940719, 1, 0.968047, 248, 0, 0, 1, 1, 1, 0
219, 598, 849, 19322438, 9, 253, 10000000, 10000000, 10000000, 10000000, 0.215394, 0, 0, 0, 0, 248, 0, 1, 1, 1, 1, 1
194, 766, 798, 19322496, 10, 74, 51, 6, 196, 10000000, 1, 0.945989, 0.966281, 1, 0, 248, 1, 0, 1, 0, 1, 0
6, 791, 798, 19322496, 10, 248, 133, 51, 74, 10000000, 1, 1, 0.945989, 1, 0, 248, 0, 0, 0, 1, 1, 0
74, 798, 800, 19322496, 10, 248, 133, 69, 10000000, 10000000, 1, 1, 1, 0, 0, 248, 0, 0, 1, 1, 1, 1
94, 802, 793, 19322496, 10, 248, 133, 74, 6, 51, 1, 0.753759, 0.957749, 1, 0.762804, 248, 0, 0, 1, 1, 0, 0
51, 818, 801, 19322496, 10, 10000000, 10000000, 10000000, 10000000, 10000000, 0, 0, 0, 0, 0, 248, 1, 1, 1, 1, 1, 0
133, 801, 955, 19322767, 11, 248, 10000000, 10000000, 10000000, 10000000, 1, 0, 0, 0, 0, 248, 0, 1, 1, 1, 1, 0
102, 791, 198, 19324963, 5, 87, 126, 250, 319, 187, 1, 1, 1, 0.965118, 1, 248, 1, 0, 0, 0, 0, 0
40, 798, 210, 19324963, 5, 58, 126, 250, 319, 187, 0.966155, 1, 1, 1, 1, 248, 1, 0, 0, 0, 0, 0
44, 808, 201, 19324963, 5, 250, 319, 187, 40, 10000000, 1, 1, 1, 0, 0, 248, 0, 0, 0, 1, 1, 0
385, 812, 198, 19324963, 5, 319, 187, 250, 40, 126, 1, 1, 0.645491, 0.954827, 0.430867, 248, 0, 0, 0, 1, 0, 0
389, 812, 198, 19324963, 5, 319, 250, 187, 40, 126, 1, 0.753073, 1, 0.954827, 0.430867, 248, 0, 0, 0, 1, 0, 0
187, 798, 234, 19325364, 6, 58, 126, 250, 319, 87, 1, 1, 1, 1, 0.644339, 248, 0, 0, 0, 0, 1, 0
319, 801, 286, 19325364, 6, 146, 58, 126, 87, 250, 1, 1, 1, 0.909223, 1, 248, 0, 0, 0, 1, 0, 0
250, 801, 329, 19325364, 6, 146, 58, 87, 398, 280, 1, 1, 1, 1, 0.778402, 248, 0, 0, 1, 1, 0, 0
126, 801, 375, 19325364, 6, 280, 146, 58, 87, 398, 1, 1, 1, 1, 1, 248, 0, 0, 0, 1, 1, 0
162, 575, 598, 19325835, 8, 377, 318, 273, 204, 251, 1, 1, 0.96928, 1, 1, 248, 0, 0, 0, 0, 0, 0
21, 601, 592, 19325836, 8, 186, 236, 128, 318, 273, 0.861505, 1, 1, 1, 1, 248, 0, 0, 0, 0, 0, 0
84, 791, 598, 19326438, 9, 131, 261, 334, 297, 171, 1, 1, 1, 1, 1, 248, 0, 0, 0, 0, 0, 0
37, 798, 612, 19326438, 9, 131, 261, 94, 334, 297, 1, 1, 0.858657, 1, 1, 248, 0, 0, 1, 0, 0, 0
70, 812, 601, 19326438, 9, 371, 37, 10000000, 10000000, 10000000, 0.91109, 1, 0, 0, 0, 248, 0, 1, 1, 1, 1, 0
371, 801, 648, 19326438, 9, 74, 131, 261, 94, 334, 1, 1, 1, 0.751325, 1, 248, 1, 0, 0, 0, 0, 0
171, 798, 652, 19326852, 10, 94, 131, 74, 261, 334, 1, 1, 0.861145, 1, 1, 248, 1, 0, 1, 0, 0, 0
297, 798, 677, 19326852, 10, 248, 94, 74, 131, 261, 0.86123, 1, 0.948514, 1, 1, 248, 0, 1, 0, 0, 0, 0
334, 801, 692, 19326853, 10, 74, 94, 131, 261, 6, 1, 0.858619, 1, 1, 0, 248, 1, 1, 0, 0, 1, 0
261, 801, 723, 19326853, 10, 94, 131, 74, 6, 10000000, 0.965947, 1, 0.568264, 0, 0, 248, 1, 0, 1, 1, 1, 0
131, 801, 748, 19326853, 10, 94, 74, 248, 6, 10000000, 1, 0.948513, 0.482253, 0, 0, 248, 1, 1, 0, 1, 1, 0
6, 791, 798, 19327163, 11, 248, 133, 51, 74, 10000000, 1, 1, 0.945154, 1, 0, 248, 0, 0, 0, 1, 1, 0
398, 787, 401, 19329565, 7, 111, 280, 146, 58, 87, 0.85885, 1, 1, 1, 1, 248, 0, 0, 0, 0, 1, 0
87, 798, 409, 19329565, 7, 111, 371, 280, 146, 58, 0.966206, 0.750857, 1, 1, 0.946678, 248, 0, 0, 0, 0, 0, 0
58, 801, 426, 19329565, 7, 111, 280, 146, 10000000, 10000000, 0.956833, 1, 0.925226, 0, 0, 248, 0, 0, 0, 1, 1, 0
146, 798, 454, 19329565, 7, 334, 111, 371, 280, 377, 0.859176, 1, 0.858122, 1, 0.537301, 248, 0, 0, 0, 0, 1, 0
280, 798, 475, 19329565, 7, 84, 334, 111, 37, 371, 1, 0.859176, 1, 0.860149, 0.750857, 248, 1, 0, 0, 0, 0, 0
111, 801, 579, 19329927, 8, 297, 334, 131, 171, 371, 1, 0.966536, 0.857699, 1, 1, 248, 0, 0, 0, 0, 0, 0
84, 791, 598, 19329927, 8, 131, 261, 334, 297, 171, 1, 1, 1, 1, 1, 248, 0, 0, 0, 0, 0, 0
334, 801, 692, 19329927, 8, 74, 94, 131, 261, 6, 1, 0.858336, 1, 1, 0, 248, 1, 1, 0, 0, 1, 0
171, 798, 652, 19330315, 9, 94, 131, 74, 261, 334, 1, 1, 0.860824, 1, 1, 248, 1, 0, 1, 0, 0, 0
297, 798, 677, 19330315, 9, 248, 94, 74, 131, 261, 0.860909, 1, 0.947995, 1, 1, 248, 0, 1, 0, 0, 0, 0
334, 801, 692, 19330315, 9, 74, 94, 131, 261, 6, 1, 0.8583, 1, 1, 0, 248, 1, 1, 0, 0, 1, 0
261, 801, 723, 19330316, 9, 94, 131, 74, 6, 10000000, 0.965588, 1, 0.567892, 0, 0, 248, 1, 0, 1, 1, 1, 0
131, 801, 748, 19330316, 9, 94, 74, 248, 6, 10000000, 1, 0.947994, 0.482052, 0, 0, 248, 1, 1, 0, 1, 1, 0
94, 802, 793, 19330574, 10, 248, 133, 74, 6, 51, 1, 0.753104, 0.956692, 1, 0.758132, 248, 0, 0, 1, 1, 0, 0
6, 791, 798, 19330574, 10, 248, 133, 51, 74, 10000000, 1, 1, 0.944545, 1, 0, 248, 0, 0, 0, 1, 1, 0
74, 798, 799, 19330574, 10, 248, 133, 69, 51, 10000000, 1, 1, 1, 0.758132, 0, 248, 0, 0, 1, 0, 1, 0
74, 798, 799, 19330832, 11, 248, 133, 69, 51, 10000000, 1, 1, 1, 0.757984, 0, 248, 0, 0, 1, 0, 1, 0
6, 791, 798, 19330832, 11, 248, 133, 51, 74, 10000000, 1, 1, 0.944499, 1, 0, 248, 0, 0, 0, 1, 1, 0
51, 818, 801, 19330832, 11, 10000000, 10000000, 10000000, 10000000, 10000000, 0, 0, 0, 0, 0, 248, 1, 1, 1, 1, 1, 0
204, 598, 649, 19334036, 9, 219, 4, 393, 186, 360, 1, 1, 1, 1, 1, 248, 0, 1, 1, 0, 0, 0
251, 678, 601, 19334036, 9, 70, 84, 371, 377, 128, 1, 1, 0.857711, 1, 1, 248, 1, 1, 0, 0, 0, 0
273, 719, 598, 19334036, 9, 84, 70, 377, 202, 371, 1, 1, 1, 0.925937, 0.631537, 248, 1, 1, 0, 0, 1, 0
51, 818, 801, 19339032, 12, 10000000, 10000000, 10000000, 10000000, 10000000, 0, 0, 0, 0, 0, 248, 1, 1, 1, 1, 1, 0
69, 801, 991, 19339032, 12, 248, 133, 10000000, 10000000, 10000000, 1, 1, 0, 0, 0, 248, 0, 0, 1, 1, 1, 0
319, 801, 286, 19341564, 7, 146, 58, 126, 87, 250, 1, 1, 1, 0.904781, 1, 248, 0, 0, 0, 1, 0, 0
250, 801, 329, 19341564, 7, 146, 58, 87, 398, 280, 1, 1, 1, 1, 0.768708, 248, 0, 0, 1, 1, 0, 0
126, 801, 375, 19341564, 7, 280, 146, 58, 87, 398, 1, 1, 1, 1, 1, 248, 0, 0, 0, 1, 1, 0
58, 801, 427, 19341565, 7, 111, 280, 146, 10000000, 10000000, 0.955267, 1, 0.922665, 0, 0, 248, 0, 0, 0, 1, 1, 0
146, 798, 454, 19341953, 8, 334, 111, 371, 280, 377, 0.858035, 1, 0.856983, 1, 0.536587, 248, 0, 0, 0, 0, 1, 0
280, 798, 475, 19341953, 8, 84, 334, 111, 37, 371, 1, 0.858035, 1, 0.859005, 0.74986, 248, 1, 0, 0, 0, 0, 0
377, 754, 601, 19342236, 10, 70, 37, 334, 261, 371, 0.964675, 0.966352, 0.96526, 0.858879, 1, 248, 1, 1, 0, 0, 0, 0
84, 791, 598, 19342236, 10, 131, 261, 334, 297, 171, 1, 1, 1, 1, 1, 248, 0, 0, 0, 0, 0, 0
70, 812, 601, 19342236, 10, 371, 37, 10000000, 10000000, 10000000, 0.906739, 1, 0, 0, 0, 248, 0, 1, 1, 1, 1, 0
202, 832, 601, 19342236, 10, 70, 37, 145, 255, 10000000, 1, 1, 0.215198, 0.321364, 0, 248, 1, 1, 0, 0, 1, 0
171, 798, 652, 19342585, 11, 94, 131, 74, 261, 334, 1, 1, 0.859689, 1, 1, 248, 1, 0, 1, 0, 0, 0
297, 798, 677, 19342585, 11, 248, 94, 74, 131, 261, 0.859773, 1, 0.94616, 1, 1, 248, 0, 1, 0, 0, 0, 0
334, 801, 692, 19342586, 11, 74, 131, 94, 261, 6, 1, 1, 0.857172, 1, 0, 248, 1, 0, 1, 0, 1, 0
261, 801, 724, 19342586, 11, 94, 131, 74, 6, 10000000, 0.964318, 1, 0.566576, 0, 0, 248, 1, 0, 1, 1, 1, 0
131, 801, 748, 19342586, 11, 94, 74, 248, 6, 10000000, 1, 0.94616, 0.48134, 0, 0, 248, 1, 1, 0, 1, 1, 0
94, 802, 793, 19343026, 12, 248, 133, 74, 6, 51, 1, 0.752097, 0.955067, 1, 0.751042, 248, 0, 0, 1, 1, 0, 0
6, 791, 798, 19343026, 12, 248, 133, 51, 74, 10000000, 1, 1, 0.942329, 1, 0, 248, 0, 0, 0, 1, 1, 0
74, 798, 799, 19343026, 12, 248, 133, 69, 51, 10000000, 1, 1, 1, 0.751042, 0, 248, 0, 0, 1, 0, 1, 0
74, 798, 799, 19343427, 13, 248, 133, 69, 51, 10000000, 1, 1, 1, 0.750816, 0, 248, 0, 0, 1, 0, 1, 0
6, 791, 798, 19343427, 13, 248, 133, 51, 74, 10000000, 1, 1, 0.942257, 1, 0, 248, 0, 0, 0, 1, 1, 0
51, 818, 801, 19343427, 13, 10000000, 10000000, 10000000, 10000000, 10000000, 0, 0, 0, 0, 0, 248, 1, 1, 1, 1, 1, 0
111, 801, 579, 19346153, 9, 297, 334, 131, 171, 371, 1, 0.964854, 0.85621, 1, 1, 248, 0, 0, 0, 0, 0, 0
37, 798, 612, 19346153, 9, 131, 261, 94, 334, 297, 1, 1, 0.856844, 1, 1, 248, 0, 0, 1, 0, 0, 0
371, 801, 648, 19346153, 9, 74, 131, 261, 94, 334, 1, 1, 1, 0.749739, 1, 248, 1, 0, 0, 0, 0, 0
360, 598, 751, 19346236, 10, 387, 384, 82, 109, 4, 1, 1, 1, 1, 1, 248, 1, 1, 1, 1, 1, 0
186, 601, 773, 19346236, 10, 219, 112, 109, 4, 393, 1, 0.860141, 0.936526, 1, 0.965576, 248, 0, 0, 1, 1, 1, 0
133, 801, 955, 19347233, 13, 248, 10000000, 10000000, 10000000, 10000000, 1, 0, 0, 0, 0, 248, 0, 1, 1, 1, 1, 0
398, 787, 401, 19349765, 8, 111, 280, 146, 58, 87, 0.856992, 1, 1, 1, 1, 248, 0, 0, 0, 0, 1, 0
87, 798, 409, 19349765, 8, 111, 371, 280, 146, 58, 0.964116, 0.749233, 1, 1, 0.943071, 248, 0, 0, 0, 0, 0, 0
58, 801, 427, 19349765, 8, 111, 280, 146, 10000000, 10000000, 0.954199, 1, 0.920923, 0, 0, 248, 0, 0, 0, 1, 1, 0
146, 798, 454, 19349765, 8, 334, 111, 371, 280, 377, 0.857316, 1, 0.856267, 1, 0.536138, 248, 0, 0, 0, 0, 1, 0
280, 798, 475, 19349765, 8, 84, 334, 111, 37, 371, 1, 0.857316, 1, 0.858285, 0.749233, 248, 1, 0, 0, 0, 0, 0
280, 798, 475, 19350036, 9, 84, 334, 111, 37, 371, 1, 0.857291, 1, 0.85826, 0.749212, 248, 1, 0, 0, 0, 0, 0
111, 801, 579, 19350036, 9, 334, 297, 131, 171, 371, 0.964453, 1, 0.855854, 1, 1, 248, 0, 0, 0, 0, 0, 0
51, 818, 801, 19351627, 14, 10000000, 10000000, 10000000, 10000000, 10000000, 0, 0, 0, 0, 0, 248, 1, 1, 1, 1, 1, 0
371, 801, 648, 19354236, 10, 74, 131, 261, 94, 334, 1, 1, 1, 0.74909, 1, 248, 1, 0, 0, 0, 0, 0
171, 798, 652, 19354236, 10, 94, 131, 74, 261, 334, 1, 1, 0.858614, 1, 1, 248, 1, 0, 1, 0, 0, 0
297, 798, 677, 19354236, 10, 248, 94, 74, 131, 261, 0.858698, 1, 0.944425, 1, 1, 248, 0, 1, 0, 0, 0, 0
334, 801, 693, 19354236, 10, 74, 131, 94, 261, 6, 1, 1, 0.856103, 1, 0, 248, 1, 0, 1, 0, 1, 0
261, 801, 724, 19354547, 11, 94, 131, 74, 6, 10000000, 0.963084, 1, 0.565299, 0, 0, 248, 1, 0, 1, 1, 1, 0
131, 801, 748, 19354547, 11, 94, 74, 248, 6, 10000000, 1, 0.944379, 0.480648, 0, 0, 248, 1, 1, 0, 1, 1, 0
94, 802, 793, 19354547, 11, 248, 133, 74, 6, 51, 1, 0.751167, 0.953568, 1, 0.744599, 248, 0, 0, 1, 1, 0, 0
6, 791, 798, 19354547, 11, 248, 133, 51, 74, 10000000, 1, 1, 0.940287, 1, 0, 248, 0, 0, 0, 1, 1, 0
74, 798, 799, 19354547, 11, 248, 133, 69, 51, 10000000, 1, 1, 1, 0.744599, 0, 248, 0, 0, 1, 0, 1, 0
51, 818, 801, 19354831, 12, 10000000, 10000000, 10000000, 10000000, 10000000, 0, 0, 0, 0, 0, 248, 1, 1, 1, 1, 1, 0
69, 801, 991, 19354831, 12, 248, 133, 10000000, 10000000, 10000000, 1, 1, 0, 0, 0, 248, 0, 0, 1, 1, 1, 0
393, 598, 787, 19358436, 11, 109, 112, 337, 361, 240, 1, 0.642397, 1, 0.314588, 0.855218, 248, 1, 0, 0, 1, 0, 0
4, 601, 792, 19358436, 11, 240, 337, 219, 109, 42, 1, 1, 1, 1, 0.747561, 248, 0, 0, 0, 1, 1, 0
109, 598, 806, 19358436, 11, 74, 194, 240, 337, 219, 1, 1, 1, 1, 1, 248, 1, 0, 0, 0, 0, 0
219, 598, 849, 19358436, 11, 253, 10000000, 10000000, 10000000, 10000000, 0.214562, 0, 0, 0, 0, 248, 0, 1, 1, 1, 1, 0
133, 801, 955, 19363032, 13, 248, 10000000, 10000000, 10000000, 10000000, 1, 0, 0, 0, 0, 248, 0, 1, 1, 1, 1, 0
