source_id,source_x,source_y,time,hop,pri_1_id,pri_2_id,pri_3_id,pri_4_id,pri_5_id,pri_1_r,pri_2_r,pri_3_r,pri_4_r,pri_5_r,des_id,inter_1id ,inter_2id ,inter_3id ,inter_4id ,inter_5id ,send_log
98, 201, 76, 10299999, 1, 27, 116, 119, 56, 174, 0.944394, 1, 0.875597, 1, 0.754575, 128, 0, 0, 0, 0, 1, 1
174, 181, 201, 10300200, 2, 23, 194, 27, 119, 165, 1, 0.757572, 1, 1, 0.705474, 128, 0, 1, 0, 0, 1, 0
116, 159, 201, 10300200, 2, 23, 174, 125, 27, 119, 0.969452, 1, 0.189702, 1, 1, 128, 0, 1, 1, 0, 0, 0
27, 284, 198, 10300200, 2, 180, 194, 104, 165, 189, 0.686969, 0.603575, 1, 0.688682, 0.362993, 128, 1, 1, 0, 1, 1, 1
119, 201, 245, 10300200, 2, 18, 125, 177, 194, 180, 1, 0.31825, 0.324217, 0.323792, 0.4378, 128, 0, 1, 1, 1, 1, 0
194, 387, 201, 10300712, 3, 47, 45, 41, 88, 105, 1, 1, 1, 0.969308, 1, 128, 0, 0, 0, 0, 0, 1
105, 448, 198, 10305225, 4, 196, 175, 104, 41, 88, 0.550164, 0.431138, 1, 1, 0.968837, 128, 1, 1, 0, 0, 0, 0
88, 495, 198, 10305225, 4, 196, 175, 47, 41, 109, 0.723679, 0.646707, 1, 1, 0.826064, 128, 1, 1, 0, 0, 0, 1
109, 553, 201, 10317737, 5, 47, 150, 53, 41, 107, 0.845226, 0.477775, 0.317635, 0.412358, 0.215373, 128, 0, 1, 0, 0, 1, 0
175, 581, 201, 10317737, 5, 35, 53, 150, 47, 107, 0.769166, 0.482343, 0.482167, 0.430944, 0.32306, 128, 0, 0, 0, 0, 0, 0
196, 587, 201, 10317737, 5, 47, 131, 150, 53, 10000000, 0.756083, 0.635503, 0.477775, 0.215462, 0, 128, 0, 0, 0, 1, 1, 1
41, 401, 287, 10317737, 5, 104, 45, 47, 18, 24, 1, 1, 0.761146, 0.536664, 0.274891, 128, 0, 0, 0, 0, 0, 0
47, 598, 316, 10318249, 6, 21, 53, 107, 131, 35, 1, 1, 1, 0.966651, 0.970878, 128, 0, 0, 0, 0, 0, 1
150, 598, 359, 10318250, 6, 21, 131, 53, 107, 24, 1, 1, 1, 1, 0.964793, 128, 0, 0, 0, 0, 0, 0
107, 644, 398, 10318762, 7, 85, 21, 179, 131, 53, 1, 1, 0.685149, 1, 0.969474, 128, 0, 0, 1, 0, 0, 0
131, 553, 401, 10318762, 7, 21, 85, 117, 84, 179, 1, 0.905845, 0.547343, 0.431399, 0.214831, 128, 0, 0, 0, 0, 1, 0
53, 514, 401, 10318762, 7, 21, 85, 117, 179, 131, 1, 0.538667, 0.430965, 0.361806, 1, 128, 0, 0, 0, 1, 0, 1
131, 553, 401, 10323274, 8, 21, 85, 117, 84, 179, 1, 0.904612, 0.547005, 0.431189, 0.214727, 128, 0, 0, 0, 0, 1, 0
21, 601, 486, 10323274, 8, 115, 179, 90, 85, 117, 0.757687, 0.751543, 0.701477, 0.82205, 0.646134, 128, 0, 1, 0, 0, 0, 1
85, 598, 515, 10323786, 9, 4, 16, 179, 115, 84, 1, 1, 1, 0.967173, 1, 128, 0, 0, 1, 0, 0, 0
117, 598, 551, 10323786, 9, 4, 16, 115, 179, 84, 1, 1, 1, 1, 1, 128, 0, 0, 0, 1, 0, 0
179, 598, 580, 10323787, 9, 4, 16, 115, 19, 193, 1, 1, 1, 0.412163, 0.361482, 128, 0, 0, 0, 0, 1, 0
115, 645, 598, 10323787, 9, 4, 128, 193, 19, 138, 0.966095, 0.778052, 0.769302, 0.792991, 0.755651, 128, 0, 0, 1, 0, 0, 1
4, 601, 692, 10324299, 10, 176, 148, 33, 82, 19, 1, 0.966087, 0.72217, 0.874333, 1, 128, 1, 0, 0, 0, 0, 1
19, 598, 710, 10324811, 11, 128, 193, 33, 172, 176, 1, 1, 1, 0.965313, 1, 128, 0, 1, 0, 1, 1, 0
148, 598, 750, 10324811, 11, 128, 193, 172, 33, 176, 1, 1, 1, 1, 1, 128, 0, 1, 1, 0, 1, 0
176, 619, 798, 10324811, 11, 128, 193, 172, 33, 10000000, 1, 1, 1, 1, 0, 128, 0, 1, 1, 0, 1, 0
82, 483, 798, 10324811, 11, 128, 33, 172, 176, 193, 0.84491, 0.955606, 0.643542, 0.694433, 0.567625, 128, 0, 0, 1, 1, 1, 0
193, 598, 787, 10325323, 12, 128, 10000000, 10000000, 10000000, 10000000, 1, 0, 0, 0, 0, 128, 0, 1, 1, 1, 1, 0
172, 598, 780, 10325323, 12, 128, 193, 10000000, 10000000, 10000000, 1, 1, 0, 0, 0, 128, 0, 1, 1, 1, 1, 0
33, 520, 801, 10325324, 12, 128, 193, 172, 10000000, 10000000, 1, 1, 1, 0, 0, 128, 0, 1, 1, 1, 1, 0
104, 398, 346, 10330249, 6, 53, 24, 18, 131, 20, 1, 0.857996, 1, 0.360258, 0.137121, 128, 0, 0, 0, 0, 1, 0
24, 486, 398, 10330250, 6, 85, 53, 131, 21, 96, 1, 1, 0.858139, 0.482825, 0.159134, 128, 0, 0, 0, 0, 1, 0
18, 314, 401, 10330250, 6, 24, 79, 53, 10000000, 10000000, 1, 0.188386, 0.158503, 0, 0, 128, 0, 0, 1, 1, 1, 0
45, 283, 398, 10330250, 6, 18, 65, 24, 104, 103, 1, 0.968957, 0.462617, 0.700053, 0.188666, 128, 0, 0, 0, 0, 0, 0
18, 314, 401, 10330762, 7, 24, 79, 53, 10000000, 10000000, 1, 0.188368, 0.15849, 0, 0, 128, 0, 0, 1, 1, 1, 0
24, 486, 398, 10330762, 7, 85, 53, 131, 21, 96, 1, 1, 0.858092, 0.482795, 0.159121, 128, 0, 0, 0, 0, 1, 0
53, 514, 401, 10330762, 7, 21, 85, 117, 179, 131, 1, 0.537972, 0.430409, 0.361283, 1, 128, 0, 0, 0, 1, 0, 0
131, 553, 401, 10330762, 7, 21, 85, 117, 84, 179, 1, 0.902574, 0.546446, 0.430841, 0.214554, 128, 0, 0, 0, 0, 1, 0
24, 486, 398, 10339274, 8, 85, 53, 131, 21, 96, 1, 1, 0.85731, 0.482299, 0.158906, 128, 0, 0, 0, 0, 1, 0
53, 514, 401, 10339786, 9, 21, 85, 117, 179, 131, 1, 0.53745, 0.429991, 0.360891, 1, 128, 0, 0, 0, 1, 0, 0
131, 553, 401, 10339786, 9, 21, 85, 117, 84, 179, 1, 0.900131, 0.545773, 0.430423, 0.214347, 128, 0, 0, 0, 0, 1, 0
21, 601, 486, 10339787, 9, 115, 179, 90, 85, 117, 0.755325, 0.750213, 0.698779, 0.820195, 0.644987, 128, 0, 1, 0, 0, 0, 0
85, 598, 515, 10339787, 9, 4, 16, 179, 115, 84, 1, 1, 1, 0.965512, 1, 128, 0, 0, 1, 0, 0, 0
179, 598, 580, 10340299, 10, 4, 16, 115, 19, 193, 1, 1, 1, 0.41123, 0.360764, 128, 0, 0, 0, 0, 1, 0
115, 645, 598, 10340299, 10, 4, 128, 193, 19, 138, 0.964386, 0.768183, 0.759652, 0.790919, 0.746339, 128, 0, 0, 1, 0, 0, 0
84, 684, 598, 10340299, 10, 4, 16, 19, 115, 96, 1, 1, 0.643044, 1, 1, 128, 0, 0, 0, 0, 0, 0
115, 645, 598, 10348811, 11, 4, 128, 193, 19, 138, 0.963507, 0.763193, 0.754772, 0.789856, 0.741627, 128, 0, 0, 1, 0, 0, 0
16, 514, 601, 10348811, 11, 82, 4, 138, 19, 33, 1, 1, 0.645175, 0.535381, 0.273513, 128, 0, 0, 0, 0, 0, 0
4, 601, 692, 10348811, 11, 176, 148, 33, 82, 19, 1, 0.963552, 0.720045, 0.865063, 1, 128, 1, 0, 0, 0, 0, 0
19, 598, 710, 10348811, 11, 128, 193, 33, 172, 176, 1, 1, 1, 0.962835, 1, 128, 0, 1, 0, 1, 1, 0
19, 598, 710, 10349323, 12, 128, 193, 33, 172, 176, 1, 1, 1, 0.962782, 1, 128, 0, 1, 0, 1, 1, 0
148, 598, 750, 10349324, 12, 128, 193, 172, 33, 176, 1, 1, 1, 1, 1, 128, 0, 1, 1, 0, 1, 0
176, 619, 798, 10349324, 12, 128, 193, 172, 33, 10000000, 1, 1, 1, 1, 0, 128, 0, 1, 1, 0, 1, 0
33, 520, 801, 10349324, 12, 128, 193, 172, 10000000, 10000000, 1, 1, 1, 0, 0, 128, 0, 1, 1, 1, 1, 0
193, 598, 787, 10349836, 13, 128, 10000000, 10000000, 10000000, 10000000, 1, 0, 0, 0, 0, 128, 0, 1, 1, 1, 1, 0
172, 598, 780, 10349836, 13, 128, 193, 10000000, 10000000, 10000000, 1, 1, 0, 0, 0, 128, 0, 1, 1, 1, 1, 0
193, 598, 787, 10357836, 13, 128, 10000000, 10000000, 10000000, 10000000, 1, 0, 0, 0, 0, 128, 0, 1, 1, 1, 1, 0
172, 598, 780, 10357836, 13, 128, 193, 10000000, 10000000, 10000000, 1, 1, 0, 0, 0, 128, 0, 1, 1, 1, 1, 0
193, 598, 787, 10358348, 14, 128, 10000000, 10000000, 10000000, 10000000, 1, 0, 0, 0, 0, 128, 0, 1, 1, 1, 1, 0
17, 99, 201, 11299999, 1, 23, 119, 27, 174, 116, 1, 1, 0.860298, 1, 1, 184, 0, 0, 0, 0, 0, 0
116, 148, 201, 11300200, 2, 23, 27, 119, 137, 125, 1, 1, 1, 0.845456, 0.159453, 184, 0, 0, 0, 0, 1, 0
174, 175, 201, 11300200, 2, 71, 23, 137, 27, 119, 1, 1, 0.933821, 1, 1, 184, 0, 0, 0, 0, 0, 0
119, 201, 257, 11300200, 2, 189, 18, 137, 125, 165, 1, 0.785426, 0.955941, 0.27456, 0.847433, 184, 1, 0, 0, 1, 0, 0
23, 201, 298, 11300200, 2, 195, 180, 18, 189, 125, 1, 1, 0.785426, 0.8635, 0.13728, 184, 1, 0, 0, 1, 1, 1
27, 300, 198, 11300200, 2, 165, 189, 104, 195, 194, 0.605309, 0.323812, 0.790836, 0.121097, 0.646275, 184, 1, 1, 0, 1, 1, 1
189, 198, 387, 11300712, 3, 45, 65, 135, 149, 186, 1, 1, 1, 1, 1, 184, 0, 0, 0, 0, 0, 0
195, 201, 412, 11300712, 3, 45, 67, 65, 18, 135, 1, 0.107837, 1, 0.84747, 1, 184, 0, 1, 0, 0, 0, 1
135, 259, 398, 11301225, 4, 20, 45, 18, 65, 41, 1, 1, 0.726357, 1, 0.437407, 184, 0, 0, 0, 0, 0, 0
65, 201, 499, 11301225, 4, 20, 154, 18, 45, 104, 1, 0.826247, 0.953209, 1, 0.275688, 184, 0, 0, 0, 0, 0, 0
45, 296, 398, 11301225, 4, 20, 18, 104, 24, 10000000, 1, 1, 0.570736, 0.377771, 0, 184, 0, 0, 0, 0, 1, 1
18, 301, 401, 11301225, 4, 24, 104, 79, 53, 10000000, 1, 1, 0.159255, 0.274725, 0, 184, 0, 0, 0, 0, 1, 0
18, 301, 401, 11301737, 5, 24, 104, 79, 53, 10000000, 1, 1, 0.159242, 0.274705, 0, 184, 0, 0, 0, 0, 1, 1
104, 398, 332, 11301737, 5, 53, 24, 47, 131, 107, 1, 0.970307, 0.570103, 0.32262, 0.189519, 184, 0, 0, 0, 0, 1, 0
104, 398, 332, 11306249, 6, 53, 24, 47, 131, 107, 1, 0.969835, 0.569615, 0.322464, 0.189357, 184, 0, 0, 0, 0, 1, 0
53, 502, 401, 11306249, 6, 85, 21, 35, 107, 115, 1, 1, 0.971334, 0.967938, 0.614217, 184, 0, 0, 0, 0, 0, 0
194, 387, 201, 11308712, 3, 104, 41, 47, 88, 196, 1, 1, 0.780947, 1, 0.377596, 184, 0, 0, 0, 0, 1, 0
104, 398, 332, 11308713, 3, 53, 24, 47, 131, 107, 1, 0.969577, 0.569348, 0.322379, 0.189269, 184, 0, 0, 0, 0, 1, 0
24, 499, 398, 11317225, 4, 117, 81, 85, 131, 21, 1, 1, 0.775613, 1, 0.539284, 184, 0, 0, 0, 0, 0, 0
53, 502, 401, 11317225, 4, 85, 21, 35, 107, 115, 1, 1, 0.970185, 0.966796, 0.612153, 184, 0, 0, 0, 0, 0, 1
131, 541, 401, 11317225, 4, 21, 96, 85, 35, 170, 1, 1, 0.928012, 1, 0.159099, 184, 0, 0, 0, 0, 1, 0
47, 598, 303, 11317225, 4, 21, 35, 107, 111, 131, 1, 1, 1, 0.933836, 1, 184, 0, 0, 0, 0, 0, 0
21, 601, 499, 11317738, 5, 133, 179, 115, 84, 90, 1, 0.861074, 0.637584, 0.601736, 0.569135, 184, 0, 0, 0, 0, 0, 0
85, 598, 502, 11317738, 5, 4, 84, 115, 179, 117, 1, 1, 1, 1, 1, 184, 0, 0, 0, 0, 0, 1
117, 598, 538, 11318250, 6, 4, 19, 84, 115, 179, 1, 1, 1, 1, 1, 184, 0, 0, 0, 0, 0, 0
179, 598, 574, 11318250, 6, 133, 4, 84, 90, 115, 0.136981, 0.970476, 1, 0.952389, 1, 184, 1, 0, 0, 0, 0, 0
115, 656, 598, 11318250, 6, 94, 9, 193, 176, 4, 1, 0.107335, 0.435855, 0.120851, 0.970476, 184, 0, 1, 1, 1, 0, 0
84, 696, 598, 11318250, 6, 193, 172, 37, 176, 118, 0.322801, 0.159435, 0.760758, 0.159425, 0.722013, 184, 1, 1, 0, 1, 0, 1
118, 801, 659, 11322762, 7, 155, 37, 184, 94, 51, 0.963371, 1, 0.694755, 1, 0.869912, 184, 0, 0, 0, 0, 0, 0
37, 798, 708, 11322763, 7, 184, 120, 155, 69, 6, 1, 1, 1, 0.968618, 0.824276, 184, 0, 0, 0, 0, 0, 0
172, 598, 775, 11322763, 7, 6, 138, 176, 193, 37, 1, 1, 1, 1, 0.302618, 184, 0, 0, 0, 1, 0, 1
193, 598, 787, 11327275, 8, 6, 138, 176, 120, 184, 1, 1, 1, 0.411963, 0.321898, 184, 0, 0, 0, 1, 1, 0
176, 624, 798, 11327275, 8, 6, 37, 138, 155, 69, 1, 0.8627, 1, 0.430923, 0.317109, 184, 0, 0, 0, 1, 0, 0
138, 661, 798, 11327275, 8, 120, 69, 6, 155, 37, 1, 1, 1, 0.632217, 0.751071, 184, 0, 0, 0, 0, 0, 0
6, 699, 798, 11327275, 8, 184, 120, 155, 74, 69, 0.925373, 1, 0.751861, 0.760789, 0.634218, 184, 0, 0, 0, 0, 0, 1
69, 801, 902, 11327788, 9, 184, 120, 155, 10000000, 10000000, 1, 1, 1, 0, 0, 184, 0, 0, 0, 1, 1, 0
155, 856, 798, 11327788, 9, 184, 120, 10000000, 10000000, 10000000, 1, 1, 0, 0, 0, 184, 0, 0, 1, 1, 1, 0
115, 657, 598, 11330762, 7, 94, 9, 193, 176, 4, 1, 0.107191, 0.433491, 0.120669, 0.969169, 184, 0, 1, 1, 1, 0, 0
84, 696, 598, 11330762, 7, 193, 172, 37, 176, 118, 0.322367, 0.159117, 0.753585, 0.159108, 0.720928, 184, 1, 1, 0, 1, 0, 0
90, 699, 601, 11330762, 7, 94, 118, 37, 130, 4, 0.967318, 1, 0.861404, 1, 0.941796, 184, 0, 0, 0, 0, 0, 0
4, 601, 705, 11330762, 7, 37, 176, 193, 138, 148, 1, 1, 1, 0.684122, 1, 184, 0, 0, 1, 0, 0, 0
155, 856, 798, 11331275, 8, 184, 120, 10000000, 10000000, 10000000, 1, 1, 0, 0, 0, 184, 0, 0, 1, 1, 1, 0
6, 699, 798, 11331275, 8, 184, 120, 155, 74, 69, 0.924518, 1, 0.751296, 0.758481, 0.633816, 184, 0, 0, 0, 0, 0, 0
120, 801, 857, 11331275, 8, 184, 10000000, 10000000, 10000000, 10000000, 1, 0, 0, 0, 0, 184, 0, 1, 1, 1, 1, 0
69, 801, 902, 11331275, 8, 184, 120, 155, 10000000, 10000000, 1, 1, 1, 0, 0, 184, 0, 0, 0, 1, 1, 0
130, 742, 601, 11343274, 8, 94, 118, 37, 6, 155, 1, 1, 0.791612, 0.760907, 0.462967, 184, 0, 0, 0, 0, 0, 0
118, 801, 660, 11343275, 8, 155, 37, 184, 94, 51, 0.960997, 1, 0.691471, 1, 0.862219, 184, 0, 0, 0, 0, 0, 0
94, 801, 692, 11343275, 8, 155, 69, 184, 51, 37, 0.960997, 1, 0.642693, 1, 0.960954, 184, 0, 0, 0, 0, 0, 0
4, 601, 705, 11343275, 8, 37, 176, 193, 138, 148, 1, 1, 1, 0.682953, 1, 184, 0, 0, 1, 0, 0, 0
37, 798, 708, 11343787, 9, 184, 120, 155, 69, 6, 1, 1, 1, 0.966431, 0.821903, 184, 0, 0, 0, 0, 0, 0
155, 856, 798, 11343787, 9, 184, 120, 10000000, 10000000, 10000000, 1, 1, 0, 0, 0, 184, 0, 0, 1, 1, 1, 0
120, 801, 857, 11344299, 10, 184, 10000000, 10000000, 10000000, 10000000, 1, 0, 0, 0, 0, 184, 0, 1, 1, 1, 1, 0
148, 598, 738, 11359787, 9, 6, 138, 176, 193, 172, 1, 1, 1, 1, 1, 184, 0, 0, 0, 1, 0, 0
193, 598, 786, 11359787, 9, 6, 138, 176, 120, 184, 1, 1, 1, 0.410132, 0.320779, 184, 0, 0, 0, 1, 1, 0
176, 625, 798, 11359787, 9, 6, 138, 37, 155, 69, 1, 1, 0.850769, 0.429419, 0.315483, 184, 0, 0, 0, 1, 0, 0
138, 661, 798, 11359787, 9, 120, 69, 6, 155, 37, 1, 1, 1, 0.628985, 0.74846, 184, 0, 0, 0, 0, 0, 0
138, 662, 798, 11364299, 10, 120, 69, 6, 155, 37, 1, 1, 1, 0.628539, 0.748099, 184, 0, 0, 0, 0, 0, 0
6, 700, 798, 11364299, 10, 184, 120, 155, 74, 69, 0.917515, 1, 0.746664, 0.739947, 0.630517, 184, 0, 0, 0, 0, 0, 0
74, 798, 905, 11364812, 11, 120, 184, 155, 69, 10000000, 1, 0.839404, 1, 1, 0, 184, 0, 0, 0, 0, 1, 0
69, 801, 903, 11364812, 11, 184, 120, 155, 10000000, 10000000, 1, 1, 1, 0, 0, 184, 0, 0, 0, 1, 1, 0
69, 801, 903, 11377324, 12, 184, 120, 155, 10000000, 10000000, 1, 1, 1, 0, 0, 184, 0, 0, 0, 1, 1, 0
120, 801, 857, 11377324, 12, 184, 10000000, 10000000, 10000000, 10000000, 1, 0, 0, 0, 0, 184, 0, 1, 1, 1, 1, 0
155, 856, 798, 11377324, 12, 184, 120, 10000000, 10000000, 10000000, 1, 1, 0, 0, 0, 184, 0, 0, 1, 1, 1, 0
7, 302, -1, 12299999, 1, 125, 100, 48, 174, 61, 1, 1, 0.94662, 0.274111, 1, 85, 0, 0, 0, 1, 0, 0
100, 398, 85, 12300200, 2, 88, 105, 180, 194, 177, 1, 1, 1, 1, 1, 85, 0, 0, 0, 1, 0, 0
48, 401, 102, 12300200, 2, 88, 194, 141, 177, 105, 0.967005, 0.848359, 0.963991, 0.825177, 0.647846, 85, 0, 1, 0, 0, 0, 0
125, 398, 131, 12300200, 2, 41, 88, 109, 105, 180, 1, 1, 0.959643, 1, 1, 85, 0, 0, 0, 0, 0, 1
180, 432, 198, 12300712, 3, 196, 41, 88, 104, 105, 0.570355, 1, 1, 0.704435, 1, 85, 1, 0, 0, 0, 0, 0
105, 476, 198, 12300712, 3, 196, 41, 104, 88, 109, 0.647525, 1, 0.944025, 1, 0.822494, 85, 1, 0, 0, 0, 0, 0
88, 524, 198, 12300713, 3, 196, 47, 41, 175, 109, 0.964646, 0.880089, 1, 0.860539, 0.864039, 85, 1, 0, 0, 0, 0, 1
109, 526, 201, 12300713, 3, 196, 47, 150, 175, 107, 1, 1, 0.484139, 1, 0.378415, 85, 1, 0, 0, 0, 1, 0
109, 526, 201, 12305225, 4, 196, 47, 150, 175, 107, 1, 1, 0.483875, 1, 0.378093, 85, 1, 0, 0, 0, 1, 0
175, 568, 201, 12305225, 4, 196, 47, 150, 107, 53, 1, 0.957596, 0.823196, 0.411378, 0.430071, 85, 1, 0, 0, 0, 0, 0
196, 584, 201, 12305225, 4, 47, 131, 150, 53, 10000000, 0.824412, 0.482992, 0.362906, 0.215036, 0, 85, 0, 0, 0, 1, 1, 1
47, 598, 290, 12305225, 4, 21, 131, 107, 53, 35, 0.968463, 1, 1, 1, 1, 85, 0, 0, 0, 0, 0, 0
41, 401, 313, 12305225, 4, 131, 53, 24, 47, 10000000, 1, 1, 0.431821, 0.302911, 0, 85, 0, 0, 0, 0, 1, 0
47, 598, 290, 12305737, 5, 21, 131, 107, 53, 35, 0.96841, 1, 1, 1, 1, 85, 0, 0, 0, 0, 0, 1
150, 598, 333, 12305737, 5, 21, 131, 107, 24, 53, 0.96841, 1, 1, 0.971543, 1, 85, 0, 0, 0, 0, 0, 0
107, 667, 398, 12306249, 6, 21, 85, 179, 117, 131, 1, 1, 0.646191, 0.48277, 1, 85, 0, 0, 0, 0, 0, 0
131, 527, 401, 12306249, 6, 21, 179, 85, 117, 115, 1, 1, 0.754815, 0.645472, 0.241856, 85, 0, 0, 0, 0, 0, 0
35, 707, 398, 12306250, 6, 21, 107, 131, 117, 81, 1, 1, 0.971024, 0.645472, 1, 85, 0, 0, 0, 0, 0, 0
53, 489, 401, 12306250, 6, 85, 21, 131, 107, 117, 1, 0.968356, 1, 0.859986, 0.550779, 85, 0, 0, 0, 0, 0, 0
21, 601, 512, 12310762, 7, 10000000, 10000000, 10000000, 10000000, 10000000, 0, 0, 0, 0, 0, 85, 1, 1, 1, 1, 1, 0
53, 489, 401, 12313737, 5, 85, 21, 131, 107, 117, 1, 0.967577, 1, 0.859294, 0.550212, 85, 0, 0, 0, 0, 0, 0
24, 512, 398, 12313738, 5, 179, 85, 21, 117, 131, 1, 0.874961, 0.820982, 0.776467, 1, 85, 0, 0, 0, 0, 0, 0
131, 527, 401, 12318250, 6, 21, 179, 85, 117, 115, 1, 1, 0.753109, 0.64464, 0.241506, 85, 0, 0, 0, 0, 0, 0
21, 601, 513, 12318250, 6, 10000000, 10000000, 10000000, 10000000, 10000000, 0, 0, 0, 0, 0, 85, 1, 1, 1, 1, 1, 0
117, 598, 524, 12318250, 6, 21, 85, 10000000, 10000000, 10000000, 1, 1, 0, 0, 0, 85, 0, 0, 1, 1, 1, 0
21, 601, 513, 12326762, 7, 10000000, 10000000, 10000000, 10000000, 10000000, 0, 0, 0, 0, 0, 85, 1, 1, 1, 1, 1, 0
117, 598, 524, 12326762, 7, 21, 85, 10000000, 10000000, 10000000, 1, 1, 0, 0, 0, 85, 0, 0, 1, 1, 1, 0
21, 601, 513, 12339274, 8, 10000000, 10000000, 10000000, 10000000, 10000000, 0, 0, 0, 0, 0, 85, 1, 1, 1, 1, 1, 0
171, 201, 45, 13299999, 1, 98, 116, 7, 110, 143, 1, 0.919454, 0.972689, 1, 0.863132, 84, 0, 0, 0, 0, 0, 0
110, 201, 86, 13300200, 2, 141, 71, 100, 143, 98, 1, 1, 1, 1, 1, 84, 0, 0, 0, 0, 0, 0
98, 201, 110, 13300200, 2, 194, 141, 137, 27, 13, 1, 1, 1, 0.723362, 0.780757, 84, 1, 0, 0, 0, 0, 1
143, 198, 116, 13300200, 2, 27, 119, 23, 71, 141, 1, 1, 0.861481, 0.861091, 0.637423, 84, 0, 0, 0, 0, 0, 0
7, 315, -1, 13300200, 2, 180, 125, 48, 100, 61, 1, 1, 0.955087, 0.875457, 0.793745, 84, 0, 0, 0, 0, 0, 1
116, 122, 201, 13300200, 2, 27, 23, 119, 137, 165, 0.968764, 1, 1, 0.966588, 0.761572, 84, 0, 0, 0, 0, 0, 0
13, 198, 273, 13300712, 3, 195, 189, 45, 135, 65, 0.970946, 1, 0.971732, 1, 0.970438, 84, 1, 1, 0, 0, 0, 1
100, 398, 71, 13308712, 3, 88, 105, 180, 91, 194, 1, 1, 1, 1, 1, 84, 0, 0, 0, 0, 1, 0
48, 401, 114, 13308712, 3, 196, 175, 88, 105, 180, 1, 1, 0.969673, 0.959002, 1, 84, 1, 0, 0, 0, 0, 1
61, 476, 1, 13308712, 3, 180, 91, 125, 49, 100, 1, 0.968845, 0.911709, 0.70022, 1, 84, 0, 0, 0, 0, 0, 0
189, 198, 380, 13317225, 4, 45, 135, 65, 18, 149, 1, 1, 1, 0.842305, 0.966986, 84, 0, 0, 0, 0, 0, 0
180, 442, 198, 13317225, 4, 196, 41, 88, 105, 49, 0.477981, 1, 1, 1, 0.964786, 84, 1, 0, 0, 0, 0, 0
195, 201, 419, 13317225, 4, 45, 135, 18, 65, 149, 1, 1, 0.967399, 1, 1, 84, 0, 0, 0, 0, 0, 1
105, 491, 198, 13317225, 4, 47, 41, 102, 88, 196, 1, 1, 0.775043, 1, 0.751903, 84, 0, 0, 0, 0, 1, 0
88, 539, 198, 13317225, 4, 150, 47, 41, 196, 86, 1, 0.912129, 0.968282, 0.966732, 0.762236, 84, 0, 0, 0, 1, 0, 0
149, 201, 486, 13317737, 5, 20, 45, 135, 65, 18, 1, 0.969949, 1, 1, 0.537415, 84, 0, 0, 0, 0, 0, 0
18, 273, 401, 13317737, 5, 24, 104, 20, 45, 41, 0.859963, 1, 1, 1, 0.645486, 84, 0, 0, 0, 0, 0, 0
135, 288, 398, 13317737, 5, 45, 41, 20, 104, 10000000, 1, 0.697234, 0.439698, 0.323586, 0, 84, 0, 0, 0, 0, 1, 0
45, 323, 398, 13317737, 5, 53, 41, 104, 24, 20, 0.761263, 1, 0.687486, 0.273571, 0.439698, 84, 0, 0, 0, 0, 0, 1
41, 401, 326, 13318250, 6, 131, 53, 24, 47, 10000000, 0.877141, 0.760966, 0.604236, 0.231786, 0, 84, 0, 0, 0, 0, 1, 0
104, 398, 303, 13318250, 6, 24, 53, 131, 41, 196, 0.859915, 0.860489, 0.753415, 1, 1, 84, 0, 0, 0, 0, 1, 0
53, 477, 401, 13318250, 6, 85, 96, 21, 35, 107, 1, 1, 0.860122, 0.753038, 0.751609, 84, 0, 0, 0, 0, 0, 1
85, 598, 478, 13318762, 7, 84, 115, 179, 21, 117, 1, 1, 1, 1, 1, 84, 0, 0, 0, 0, 0, 1
21, 601, 527, 13318762, 7, 130, 84, 115, 133, 179, 1, 0.797561, 0.725101, 0.878939, 1, 84, 0, 0, 0, 0, 0, 0
117, 598, 511, 13319274, 8, 84, 115, 179, 21, 19, 1, 1, 1, 1, 1, 84, 0, 0, 0, 0, 0, 0
21, 601, 527, 13319274, 8, 130, 84, 115, 133, 179, 1, 0.797496, 0.725056, 0.878741, 1, 84, 0, 0, 0, 0, 0, 0
179, 598, 554, 13319274, 8, 84, 115, 90, 130, 118, 1, 1, 0.963742, 0.610656, 0.429412, 84, 0, 0, 0, 0, 0, 0
115, 681, 598, 13319275, 8, 130, 84, 10000000, 10000000, 10000000, 1, 1, 0, 0, 0, 84, 0, 0, 1, 1, 1, 0
130, 721, 601, 13323787, 9, 84, 10000000, 10000000, 10000000, 10000000, 0.751329, 0, 0, 0, 0, 84, 0, 1, 1, 1, 1, 0
196, 578, 201, 13325737, 5, 47, 102, 124, 131, 86, 0.843534, 1, 1, 0.537506, 0.840914, 84, 0, 0, 0, 0, 0, 0
47, 598, 277, 13325737, 5, 170, 107, 35, 21, 190, 1, 1, 0.967413, 0.85943, 0.868751, 84, 0, 0, 0, 0, 1, 0
150, 598, 320, 13325737, 5, 107, 35, 21, 111, 81, 1, 0.967413, 0.85943, 0.841436, 0.820207, 84, 0, 0, 0, 0, 0, 0
86, 675, 201, 13325737, 5, 58, 113, 47, 40, 150, 0.965587, 0.969508, 1, 0.791444, 0.43042, 84, 0, 0, 0, 0, 0, 0
107, 680, 398, 13326250, 6, 21, 87, 85, 133, 179, 1, 1, 1, 0.766607, 0.723944, 84, 0, 0, 0, 0, 0, 0
81, 681, 401, 13326250, 6, 21, 87, 117, 133, 130, 1, 0.952636, 0.931152, 0.644586, 0.466674, 84, 0, 0, 0, 0, 0, 0
35, 720, 398, 13326250, 6, 21, 87, 133, 179, 117, 0.966806, 1, 0.876056, 0.537294, 0.603687, 84, 0, 0, 0, 1, 0, 0
111, 720, 401, 13326250, 6, 130, 115, 117, 85, 87, 1, 1, 1, 1, 0.752325, 84, 0, 0, 0, 0, 0, 0
85, 598, 477, 13326762, 7, 84, 115, 179, 21, 117, 1, 1, 1, 1, 1, 84, 0, 0, 0, 0, 0, 0
87, 798, 478, 13326762, 7, 130, 90, 115, 133, 118, 1, 1, 0.758051, 1, 0.965402, 84, 0, 0, 0, 0, 0, 0
21, 601, 527, 13326762, 7, 130, 84, 115, 133, 179, 1, 0.796545, 0.724401, 0.875859, 1, 84, 0, 0, 0, 0, 0, 0
179, 598, 554, 13327274, 8, 84, 115, 90, 130, 118, 1, 1, 0.962814, 0.609168, 0.429044, 84, 0, 0, 0, 0, 0, 0
115, 681, 598, 13327275, 8, 130, 84, 10000000, 10000000, 10000000, 1, 1, 0, 0, 0, 84, 0, 0, 1, 1, 1, 0
130, 721, 601, 13327275, 8, 84, 10000000, 10000000, 10000000, 10000000, 0.751047, 0, 0, 0, 0, 84, 0, 1, 1, 1, 1, 0
133, 798, 521, 13327275, 8, 130, 84, 90, 115, 10000000, 1, 0.942444, 1, 0.645828, 0, 84, 0, 0, 0, 0, 1, 0
133, 798, 521, 13331274, 8, 130, 84, 90, 115, 10000000, 1, 0.941735, 1, 0.64555, 0, 84, 0, 0, 0, 0, 1, 0
130, 721, 601, 13335787, 9, 84, 10000000, 10000000, 10000000, 10000000, 0.750362, 0, 0, 0, 0, 84, 0, 1, 1, 1, 1, 0
160, 93, 198, 14299999, 1, 189, 165, 137, 71, 13, 1, 1, 1, 1, 1, 155, 0, 0, 0, 0, 0, 0
13, 198, 259, 14300200, 2, 135, 45, 186, 194, 195, 1, 0.863881, 0.970627, 1, 0.971713, 155, 0, 0, 0, 0, 0, 0
137, 198, 296, 14300200, 2, 135, 45, 149, 186, 195, 0.972637, 0.863881, 0.967897, 1, 1, 155, 0, 0, 0, 0, 0, 1
71, 276, 201, 14300200, 2, 41, 105, 180, 104, 194, 1, 0.968572, 1, 0.914185, 1, 155, 0, 0, 0, 0, 0, 0
195, 201, 425, 14308712, 3, 45, 135, 65, 18, 149, 1, 1, 1, 1, 1, 155, 0, 0, 0, 0, 0, 0
135, 303, 398, 14308712, 3, 45, 41, 20, 67, 104, 1, 0.755617, 0.612508, 0.12074, 0.431272, 155, 0, 0, 0, 0, 0, 1
186, 201, 456, 14308713, 3, 45, 20, 135, 65, 18, 1, 0.875698, 1, 1, 1, 155, 0, 0, 0, 0, 0, 0
45, 336, 398, 14308713, 3, 41, 53, 24, 20, 10000000, 1, 0.433918, 0.240915, 0.306254, 0, 155, 0, 0, 0, 0, 1, 0
149, 201, 499, 14308713, 3, 20, 45, 135, 65, 18, 1, 0.863087, 0.971743, 1, 1, 155, 0, 0, 0, 0, 0, 1
45, 336, 398, 14309225, 4, 41, 53, 24, 20, 10000000, 1, 0.433822, 0.2409, 0.306206, 0, 155, 0, 0, 0, 0, 1, 1
104, 398, 289, 14309225, 4, 53, 24, 41, 131, 45, 0.968228, 0.75546, 1, 0.634907, 0.947679, 155, 0, 0, 0, 0, 0, 0
41, 401, 339, 14309737, 5, 131, 196, 53, 24, 47, 0.916976, 0.322737, 0.867451, 0.647501, 0.188473, 155, 0, 1, 0, 0, 0, 1
53, 464, 401, 14309737, 5, 85, 96, 21, 24, 131, 1, 0.777788, 0.752339, 0.971252, 1, 155, 0, 0, 0, 0, 0, 0
53, 464, 401, 14310249, 6, 85, 96, 21, 24, 131, 1, 0.777479, 0.752298, 0.971198, 1, 155, 0, 0, 0, 0, 0, 0
24, 539, 398, 14310249, 6, 117, 21, 96, 85, 81, 0.91341, 0.859769, 0.88344, 0.934072, 0.90775, 155, 0, 0, 0, 0, 0, 0
65, 201, 539, 14317225, 4, 20, 45, 67, 135, 154, 0.933483, 0.970082, 0.87048, 0.970851, 0.860104, 155, 0, 0, 0, 0, 0, 0
20, 264, 601, 14317225, 4, 79, 123, 96, 82, 197, 1, 0.772043, 0.644259, 0.318452, 0.274845, 155, 0, 0, 0, 0, 1, 1
135, 303, 398, 14317225, 4, 45, 41, 20, 67, 104, 1, 0.754404, 0.610916, 0.120616, 0.430876, 155, 0, 0, 0, 0, 0, 0
79, 401, 731, 14317738, 5, 128, 33, 193, 96, 82, 1, 0.927195, 0.702644, 0.858965, 0.723372, 155, 0, 0, 0, 0, 0, 1
33, 476, 801, 14318250, 6, 176, 138, 193, 172, 148, 1, 0.858925, 1, 1, 1, 155, 0, 0, 0, 0, 0, 0
128, 499, 801, 14318250, 6, 6, 138, 176, 193, 172, 0.966036, 0.96629, 1, 1, 1, 155, 0, 0, 0, 0, 0, 1
82, 538, 798, 14318250, 6, 6, 138, 176, 4, 148, 1, 1, 0.842003, 0.946842, 0.96239, 155, 0, 0, 0, 0, 0, 0
131, 499, 401, 14318761, 7, 21, 179, 117, 107, 85, 0.966356, 0.915843, 0.965243, 1, 0.820589, 155, 0, 0, 0, 0, 0, 0
24, 539, 398, 14318761, 7, 21, 117, 96, 85, 81, 0.858983, 0.911049, 0.880131, 0.932219, 0.905418, 155, 0, 0, 0, 0, 0, 0
85, 598, 466, 14318762, 7, 84, 115, 19, 21, 179, 0.970096, 0.970381, 1, 1, 1, 155, 0, 0, 0, 0, 0, 1
21, 601, 540, 14318762, 7, 130, 84, 19, 115, 133, 1, 0.82541, 0.878025, 0.754741, 0.610599, 155, 0, 0, 0, 0, 0, 0
193, 598, 772, 14318762, 7, 6, 138, 176, 184, 120, 1, 1, 1, 0.465813, 0.361927, 155, 0, 0, 0, 1, 1, 0
176, 651, 798, 14318763, 7, 94, 120, 6, 138, 74, 1, 1, 1, 1, 0.759601, 155, 0, 0, 0, 0, 0, 1
21, 601, 540, 14319274, 8, 130, 84, 19, 115, 133, 1, 0.825352, 0.877827, 0.754699, 0.610504, 155, 0, 0, 0, 0, 0, 0
179, 598, 542, 14319274, 8, 84, 115, 148, 90, 193, 1, 1, 1, 0.967641, 0.323288, 155, 0, 0, 0, 0, 1, 0
115, 693, 598, 14319274, 8, 146, 37, 94, 84, 130, 1, 0.863958, 0.754558, 1, 1, 155, 0, 0, 0, 0, 0, 1
130, 710, 601, 14323786, 9, 94, 118, 138, 37, 176, 1, 1, 1, 0.860517, 1, 155, 0, 0, 0, 0, 0, 0
84, 735, 598, 14323786, 9, 118, 94, 138, 146, 70, 1, 0.843869, 1, 1, 1, 155, 0, 0, 0, 0, 0, 0
37, 798, 671, 14323787, 9, 155, 57, 94, 51, 118, 1, 0.966814, 1, 0.724131, 1, 155, 0, 0, 0, 0, 0, 0
94, 801, 732, 14323787, 9, 155, 51, 140, 57, 184, 1, 1, 0.60874, 0.686137, 0.683145, 155, 0, 0, 0, 0, 0, 1
138, 703, 798, 14327275, 8, 51, 120, 94, 6, 155, 1, 1, 0.869188, 1, 0.643298, 155, 0, 0, 0, 0, 0, 0
6, 740, 798, 14327275, 8, 51, 155, 57, 184, 120, 1, 0.841333, 0.871689, 0.955947, 1, 155, 0, 0, 0, 0, 0, 0
74, 798, 866, 14327275, 8, 155, 51, 140, 184, 57, 1, 0.942757, 0.773888, 1, 0.480531, 155, 0, 0, 0, 0, 0, 0
115, 693, 598, 14331786, 9, 146, 37, 94, 84, 130, 1, 0.859314, 0.752781, 1, 1, 155, 0, 0, 0, 0, 0, 0
19, 598, 650, 14331786, 9, 6, 138, 176, 37, 130, 0.964635, 1, 1, 0.81902, 1, 155, 0, 0, 0, 0, 0, 0
130, 710, 601, 14331786, 9, 94, 118, 138, 37, 176, 1, 1, 1, 0.859777, 1, 155, 0, 0, 0, 0, 0, 1
84, 735, 598, 14331786, 9, 118, 94, 138, 146, 70, 1, 0.843055, 1, 1, 1, 155, 0, 0, 0, 0, 0, 0
133, 798, 509, 14331787, 9, 118, 9, 94, 70, 84, 1, 1, 0.751422, 0.844995, 0.950892, 155, 0, 0, 0, 0, 0, 0
140, 909, 801, 14332299, 10, 155, 51, 10000000, 10000000, 10000000, 1, 1, 0, 0, 0, 155, 0, 0, 1, 1, 1, 0
184, 801, 861, 14332299, 10, 155, 51, 57, 140, 10000000, 1, 0.859846, 1, 0.643143, 0, 155, 0, 0, 0, 0, 1, 0
57, 956, 798, 14332299, 10, 155, 51, 140, 10000000, 10000000, 1, 1, 1, 0, 0, 155, 0, 0, 0, 1, 1, 0
184, 801, 861, 14335787, 9, 155, 51, 57, 140, 10000000, 1, 0.859524, 1, 0.642903, 0, 155, 0, 0, 0, 0, 1, 0
120, 801, 893, 14335787, 9, 155, 51, 57, 184, 74, 1, 1, 0.96557, 1, 0.964115, 155, 0, 0, 0, 0, 0, 0
51, 875, 801, 14335787, 9, 155, 10000000, 10000000, 10000000, 10000000, 1, 0, 0, 0, 0, 155, 0, 1, 1, 1, 1, 0
57, 956, 798, 14335788, 9, 155, 51, 140, 10000000, 10000000, 1, 1, 1, 0, 0, 155, 0, 0, 0, 1, 1, 0
74, 798, 865, 14352299, 10, 155, 51, 140, 184, 57, 1, 0.938329, 0.759186, 1, 0.47909, 155, 0, 0, 0, 0, 0, 0
184, 801, 862, 14352299, 10, 155, 51, 57, 140, 10000000, 1, 0.858002, 1, 0.641767, 0, 155, 0, 0, 0, 0, 1, 0
51, 875, 801, 14352300, 10, 155, 10000000, 10000000, 10000000, 10000000, 1, 0, 0, 0, 0, 155, 0, 1, 1, 1, 1, 0
23, 201, 353, 15299999, 1, 135, 45, 18, 186, 27, 1, 0.824353, 0.948228, 1, 0.8648, 117, 0, 0, 0, 0, 0, 0
18, 246, 401, 15300200, 2, 45, 135, 104, 53, 41, 1, 1, 1, 0.705529, 0.753633, 117, 0, 0, 0, 0, 0, 0
186, 201, 469, 15300200, 2, 45, 135, 18, 20, 149, 1, 1, 1, 0.610616, 1, 117, 0, 0, 0, 0, 0, 0
135, 318, 398, 15300200, 2, 53, 45, 41, 10000000, 10000000, 1, 1, 0.795523, 0, 0, 117, 0, 0, 0, 1, 1, 1
45, 349, 398, 15300200, 2, 41, 53, 24, 10000000, 10000000, 1, 0.606783, 0.322817, 0, 0, 117, 0, 0, 0, 1, 1, 0
45, 349, 398, 15300712, 3, 41, 53, 24, 10000000, 10000000, 1, 0.606689, 0.322799, 0, 0, 117, 0, 0, 0, 1, 1, 0
41, 401, 352, 15300712, 3, 24, 131, 53, 10000000, 10000000, 1, 0.938395, 0.910034, 0, 0, 117, 0, 0, 0, 1, 1, 0
53, 452, 401, 15300712, 3, 85, 24, 131, 21, 117, 1, 1, 1, 0.646197, 0.605564, 117, 0, 0, 0, 0, 0, 1
131, 486, 401, 15301224, 4, 117, 21, 85, 24, 179, 0.970818, 0.861548, 0.843954, 1, 0.704534, 117, 0, 0, 0, 0, 0, 0
24, 552, 398, 15301225, 4, 117, 85, 21, 179, 96, 0.935591, 0.948172, 0.753855, 0.610515, 0.614467, 117, 0, 0, 0, 0, 0, 0
85, 598, 454, 15301225, 4, 117, 179, 10000000, 10000000, 10000000, 1, 1, 0, 0, 0, 117, 0, 0, 1, 1, 1, 0
179, 598, 531, 15301737, 5, 117, 10000000, 10000000, 10000000, 10000000, 1, 0, 0, 0, 0, 117, 0, 1, 1, 1, 1, 0
56, 170, 198, 16299999, 1, 189, 119, 141, 71, 137, 1, 0.965699, 1, 1, 0.930999, 69, 0, 0, 0, 0, 0, 0
137, 198, 269, 16300200, 2, 186, 195, 18, 135, 23, 0.969742, 1, 0.964102, 0.860223, 1, 69, 0, 0, 0, 0, 0, 0
71, 253, 201, 16300200, 2, 41, 189, 119, 27, 180, 0.864086, 1, 1, 1, 0.863218, 69, 0, 0, 0, 0, 0, 0
141, 277, 201, 16300200, 2, 41, 180, 104, 27, 194, 0.972097, 1, 0.822582, 1, 1, 69, 0, 0, 0, 0, 0, 1
194, 356, 201, 16308712, 3, 88, 41, 104, 105, 175, 0.753735, 0.863293, 1, 1, 1, 69, 0, 0, 0, 0, 0, 0
27, 376, 198, 16308712, 3, 165, 189, 175, 180, 109, 0.323187, 0.275288, 1, 1, 1, 69, 1, 1, 0, 0, 0, 0
104, 398, 260, 16308712, 3, 53, 41, 135, 88, 45, 0.970872, 1, 1, 0.538382, 0.824682, 69, 0, 0, 0, 0, 0, 1
41, 401, 364, 16317225, 4, 24, 53, 131, 45, 10000000, 0.944224, 0.927408, 0.757703, 0.823718, 0, 69, 0, 0, 0, 0, 1, 0
45, 362, 398, 16317225, 4, 131, 53, 24, 20, 10000000, 1, 0.695556, 0.362232, 0.189618, 0, 69, 0, 0, 0, 0, 1, 0
53, 439, 401, 16317225, 4, 85, 24, 21, 131, 117, 1, 1, 0.539281, 1, 0.539184, 69, 0, 0, 0, 0, 0, 1
131, 472, 401, 16317737, 5, 117, 21, 179, 85, 107, 0.970477, 0.754952, 0.758345, 0.859217, 0.86001, 69, 0, 0, 0, 0, 0, 1
85, 598, 441, 16330249, 6, 19, 96, 21, 115, 179, 0.942817, 1, 1, 0.858904, 1, 69, 0, 0, 0, 0, 0, 0
117, 598, 472, 16330249, 6, 84, 115, 96, 21, 19, 0.969765, 0.966267, 1, 1, 0.754253, 69, 0, 0, 0, 0, 0, 1
179, 598, 519, 16330249, 6, 84, 115, 90, 96, 19, 0.969765, 0.966267, 1, 1, 0.857555, 69, 0, 0, 0, 0, 0, 0
21, 601, 567, 16330762, 7, 4, 148, 130, 115, 19, 1, 1, 1, 0.858857, 0.932436, 69, 0, 0, 0, 0, 0, 0
96, 563, 598, 16330762, 7, 193, 148, 128, 130, 90, 0.903431, 0.938204, 1, 1, 0.933846, 69, 0, 0, 0, 0, 0, 1
19, 598, 621, 16330762, 7, 176, 138, 4, 193, 82, 1, 0.965862, 0.96956, 1, 0.96524, 69, 0, 0, 0, 0, 0, 0
90, 632, 601, 16339274, 8, 118, 193, 37, 172, 148, 1, 1, 0.95494, 0.911538, 1, 69, 0, 0, 0, 0, 0, 0
130, 687, 601, 16339274, 8, 118, 94, 37, 172, 148, 1, 0.85935, 1, 0.927076, 1, 69, 0, 0, 0, 0, 0, 0
193, 598, 752, 16339274, 8, 42, 138, 6, 176, 4, 0.232708, 1, 0.964132, 1, 1, 69, 0, 0, 0, 0, 0, 1
4, 601, 771, 16339786, 9, 138, 176, 94, 6, 74, 1, 1, 0.927319, 0.64272, 0.431509, 69, 0, 0, 0, 0, 0, 0
138, 731, 798, 16339787, 9, 120, 184, 69, 74, 6, 1, 0.94181, 0.603086, 0.721459, 1, 69, 0, 0, 0, 0, 0, 1
6, 768, 798, 16339787, 9, 120, 184, 69, 74, 80, 0.954745, 0.964104, 0.752646, 0.790272, 0.322435, 69, 0, 0, 0, 0, 0, 0
6, 768, 798, 16344299, 10, 120, 184, 69, 74, 80, 0.954158, 0.963638, 0.752281, 0.789709, 0.322279, 69, 0, 0, 0, 0, 0, 0
74, 798, 838, 16344299, 10, 69, 120, 184, 80, 1, 1, 1, 1, 0.95919, 0.751037, 69, 0, 0, 0, 0, 0, 0
184, 801, 886, 16344299, 10, 69, 120, 10000000, 10000000, 10000000, 1, 1, 0, 0, 0, 69, 0, 0, 1, 1, 1, 0
120, 801, 918, 16344299, 10, 69, 10000000, 10000000, 10000000, 10000000, 1, 0, 0, 0, 0, 69, 0, 1, 1, 1, 1, 1
27, 385, 198, 17299999, 1, 196, 175, 180, 109, 104, 1, 1, 1, 1, 0.825959, 193, 0, 0, 0, 0, 0, 0
104, 398, 246, 17300200, 2, 53, 41, 135, 18, 45, 0.969038, 1, 1, 0.75286, 0.725775, 193, 0, 0, 0, 0, 0, 0
109, 455, 201, 17300200, 2, 131, 150, 47, 41, 104, 1, 0.94547, 1, 0.687049, 1, 193, 0, 0, 0, 0, 0, 0
180, 491, 198, 17300200, 2, 88, 86, 150, 41, 47, 1, 1, 0.917581, 0.756443, 1, 193, 1, 0, 0, 0, 0, 0
175, 507, 201, 17300200, 2, 131, 24, 150, 47, 104, 1, 0.869654, 0.963857, 1, 1, 193, 0, 0, 0, 0, 0, 0
196, 539, 201, 17300200, 2, 86, 47, 150, 131, 104, 0.86244, 1, 0.755275, 0.430519, 0.885673, 193, 0, 0, 0, 0, 0, 1
47, 598, 223, 17300712, 3, 131, 117, 107, 53, 24, 0.968615, 0.772024, 0.861245, 0.861319, 0.755492, 193, 0, 0, 0, 0, 0, 0
86, 621, 201, 17300712, 3, 150, 47, 113, 24, 107, 0.793867, 1, 0.646228, 0.43473, 0.303685, 193, 0, 0, 0, 0, 0, 1
150, 598, 267, 17300712, 3, 117, 24, 111, 190, 131, 0.915879, 1, 0.970269, 1, 0.968615, 193, 0, 0, 0, 0, 0, 0
47, 598, 223, 17301224, 4, 131, 117, 107, 53, 24, 0.968561, 0.771719, 0.861198, 0.861272, 0.755451, 193, 0, 0, 0, 0, 0, 0
150, 598, 267, 17301225, 4, 117, 24, 111, 190, 131, 0.915736, 1, 0.970215, 1, 0.968561, 193, 0, 0, 0, 0, 0, 1
24, 578, 398, 17301225, 4, 90, 117, 21, 179, 85, 0.795822, 0.956119, 0.725417, 0.758161, 0.962424, 193, 0, 0, 0, 0, 0, 0
24, 578, 398, 17301737, 5, 90, 117, 21, 179, 85, 0.795497, 0.956041, 0.725372, 0.758088, 0.962356, 193, 0, 0, 0, 0, 0, 1
111, 665, 401, 17301737, 5, 90, 179, 117, 133, 130, 1, 1, 0.939678, 0.965266, 0.468597, 193, 0, 0, 0, 0, 0, 0
131, 459, 401, 17301737, 5, 117, 21, 85, 179, 24, 0.967207, 0.753602, 1, 0.639116, 1, 193, 0, 0, 0, 0, 0, 0
85, 598, 429, 17306249, 6, 21, 96, 90, 179, 19, 1, 0.967851, 0.860329, 1, 0.796273, 193, 0, 0, 0, 0, 0, 0
117, 598, 459, 17306249, 6, 21, 96, 19, 115, 179, 1, 0.967719, 0.796273, 0.864287, 1, 193, 0, 0, 1, 0, 0, 0
179, 598, 508, 17306249, 6, 172, 90, 96, 21, 19, 1, 1, 1, 1, 0.86081, 193, 0, 0, 0, 0, 1, 0
90, 620, 601, 17306250, 6, 193, 172, 148, 4, 19, 1, 0.939383, 1, 0.646853, 0.965471, 193, 0, 0, 0, 0, 1, 1
19, 598, 611, 17306762, 7, 193, 172, 82, 4, 148, 1, 1, 0.963852, 0.862422, 1, 193, 0, 0, 0, 0, 0, 0
148, 598, 669, 17306762, 7, 193, 4, 172, 82, 10000000, 1, 1, 1, 0.963852, 0, 193, 0, 1, 0, 0, 1, 0
172, 598, 705, 17306762, 7, 193, 4, 82, 10000000, 10000000, 1, 1, 1, 0, 0, 193, 0, 1, 0, 1, 1, 0
4, 601, 782, 17311274, 8, 193, 10000000, 10000000, 10000000, 10000000, 1, 0, 0, 0, 0, 193, 0, 1, 1, 1, 1, 0
82, 578, 798, 17311274, 8, 193, 4, 10000000, 10000000, 10000000, 1, 0.966915, 0, 0, 0, 193, 0, 1, 1, 1, 1, 0
41, 401, 377, 17316712, 3, 85, 24, 53, 131, 45, 1, 0.794301, 0.941162, 0.796356, 0.84505, 193, 0, 0, 0, 0, 0, 0
45, 375, 398, 17316712, 3, 131, 53, 24, 20, 10000000, 1, 0.75293, 0.323224, 0.159407, 0, 193, 0, 0, 0, 0, 1, 0
53, 427, 401, 17316712, 3, 179, 85, 24, 131, 21, 1, 1, 1, 1, 0.429937, 193, 0, 0, 0, 0, 0, 0
135, 349, 398, 17316712, 3, 53, 131, 45, 41, 20, 1, 0.773543, 1, 0.843202, 0.318813, 193, 0, 0, 0, 0, 0, 0
131, 459, 401, 17317224, 4, 117, 21, 85, 24, 179, 0.965399, 0.752348, 1, 1, 0.637538, 193, 0, 0, 0, 0, 0, 0
24, 579, 398, 17329737, 5, 90, 21, 117, 179, 85, 0.778165, 0.722925, 0.951794, 0.754086, 0.958666, 193, 0, 0, 0, 0, 0, 0
85, 598, 429, 17329737, 5, 21, 96, 90, 179, 19, 1, 0.965108, 0.858161, 1, 0.793305, 193, 0, 0, 0, 0, 0, 0
117, 598, 459, 17329737, 5, 21, 96, 19, 115, 179, 1, 0.965282, 0.793305, 0.8621, 1, 193, 0, 0, 1, 0, 0, 0
179, 598, 508, 17330249, 6, 172, 90, 96, 21, 19, 1, 1, 1, 1, 0.858593, 193, 0, 0, 0, 0, 1, 0
21, 601, 580, 17330249, 6, 172, 148, 4, 19, 96, 1, 1, 0.876502, 0.9453, 1, 193, 0, 0, 0, 1, 0, 0
96, 575, 598, 17330249, 6, 193, 90, 148, 172, 19, 0.925891, 0.946459, 0.948044, 0.753918, 1, 193, 0, 0, 0, 0, 1, 0
19, 598, 610, 17330249, 6, 193, 172, 82, 4, 148, 1, 1, 0.961132, 0.860244, 1, 193, 0, 0, 0, 0, 0, 0
19, 598, 610, 17330761, 7, 193, 172, 82, 4, 148, 1, 1, 0.961073, 0.860197, 1, 193, 0, 0, 0, 0, 0, 0
96, 575, 598, 17330761, 7, 193, 90, 148, 172, 19, 0.925781, 0.946367, 0.947967, 0.753846, 1, 193, 0, 0, 0, 0, 1, 0
148, 598, 668, 17330761, 7, 193, 4, 172, 82, 10000000, 1, 1, 1, 0.961073, 0, 193, 0, 1, 0, 0, 1, 0
172, 598, 705, 17330762, 7, 193, 4, 82, 10000000, 10000000, 1, 1, 1, 0, 0, 193, 0, 1, 0, 1, 1, 0
4, 601, 783, 17331274, 8, 193, 10000000, 10000000, 10000000, 10000000, 1, 0, 0, 0, 0, 193, 0, 1, 1, 1, 1, 0
82, 579, 798, 17331274, 8, 193, 4, 10000000, 10000000, 10000000, 1, 0.964584, 0, 0, 0, 193, 0, 1, 1, 1, 1, 0
116, 56, 201, 18299999, 1, 119, 141, 137, 13, 23, 1, 1, 0.971367, 1, 0.864063, 179, 0, 0, 0, 1, 0, 0
13, 198, 209, 18300200, 2, 23, 135, 18, 27, 119, 0.864045, 0.862247, 0.798898, 0.969569, 1, 179, 0, 0, 0, 1, 0, 0
137, 198, 242, 18300200, 2, 23, 18, 194, 119, 177, 1, 0.863355, 1, 1, 1, 179, 1, 1, 0, 0, 0, 0
141, 252, 201, 18300200, 2, 27, 41, 180, 194, 23, 1, 0.75389, 0.860836, 1, 0.540028, 179, 1, 0, 0, 0, 1, 1
194, 333, 201, 18304712, 3, 27, 49, 105, 180, 104, 0.969098, 1, 0.968109, 0.967971, 1, 179, 1, 0, 0, 0, 0, 0
27, 390, 198, 18304713, 3, 175, 49, 180, 45, 109, 1, 1, 0.969103, 0.215714, 1, 179, 0, 0, 0, 0, 0, 1
23, 201, 387, 18304713, 3, 135, 45, 186, 195, 18, 1, 0.726697, 1, 1, 0.966451, 179, 0, 0, 0, 0, 1, 1
49, 420, 201, 18305225, 4, 91, 88, 47, 86, 53, 0.756268, 1, 1, 0.322536, 1, 179, 0, 1, 1, 0, 1, 0
109, 442, 201, 18305225, 4, 131, 47, 150, 88, 105, 1, 1, 0.794483, 1, 1, 179, 0, 1, 0, 1, 0, 0
175, 494, 201, 18305225, 4, 131, 150, 24, 47, 86, 1, 0.967221, 0.605182, 1, 1, 179, 0, 0, 0, 1, 1, 1
180, 504, 198, 18305225, 4, 91, 88, 86, 47, 41, 0.942629, 1, 1, 1, 0.645842, 179, 1, 1, 1, 1, 0, 0
47, 598, 213, 18305737, 5, 131, 150, 107, 24, 35, 0.860795, 1, 0.753891, 0.647274, 0.645987, 179, 0, 0, 0, 0, 0, 0
150, 598, 253, 18305737, 5, 117, 24, 111, 190, 81, 0.934456, 0.97091, 0.967402, 1, 0.846084, 179, 0, 0, 0, 0, 0, 1
86, 612, 201, 18305737, 5, 170, 47, 150, 113, 24, 1, 1, 0.821545, 0.538125, 0.302544, 179, 0, 1, 0, 0, 0, 0
81, 622, 401, 18310250, 6, 117, 21, 179, 130, 90, 0.969853, 0.964142, 0.688027, 0.215758, 0.605425, 179, 0, 1, 0, 0, 0, 1
18, 210, 401, 18321225, 4, 45, 135, 20, 41, 104, 0.968987, 1, 0.188085, 0.644731, 0.751465, 179, 0, 0, 0, 1, 0, 0
195, 201, 466, 18321225, 4, 135, 20, 45, 41, 186, 1, 0.904764, 0.753657, 0.431409, 1, 179, 0, 0, 0, 0, 0, 0
186, 201, 510, 18321225, 4, 45, 20, 135, 10000000, 10000000, 0.861322, 0.317642, 0.860297, 0, 0, 179, 0, 0, 0, 1, 1, 0
117, 598, 446, 18326762, 7, 179, 10000000, 10000000, 10000000, 10000000, 1, 0, 0, 0, 0, 179, 0, 1, 1, 1, 1, 0
20, 216, 601, 18329738, 5, 16, 79, 135, 96, 45, 1, 0.644281, 0.304472, 0.215303, 0.231124, 179, 1, 0, 0, 0, 0, 0
174, 75, 201, 19299999, 1, 119, 141, 137, 189, 13, 0.96899, 1, 1, 0.91543, 1, 37, 0, 0, 0, 0, 1, 0
13, 199, 203, 19300200, 2, 104, 27, 119, 189, 23, 1, 0.863609, 0.96897, 1, 0.860714, 37, 0, 1, 0, 0, 1, 0
137, 198, 228, 19300200, 2, 23, 71, 194, 48, 119, 1, 1, 1, 0.882614, 1, 37, 1, 0, 0, 1, 0, 1
71, 220, 201, 19308712, 3, 194, 27, 18, 23, 119, 1, 0.862816, 0.872964, 0.752436, 0.968082, 37, 0, 1, 0, 1, 0, 1
194, 320, 201, 19308712, 3, 48, 105, 180, 104, 109, 1, 0.862874, 0.864019, 1, 0.96757, 37, 1, 0, 0, 0, 0, 0
119, 201, 371, 19308712, 3, 135, 34, 23, 18, 186, 0.966898, 1, 0.967417, 0.646433, 1, 37, 0, 0, 1, 1, 0, 0
23, 201, 392, 19308712, 3, 65, 135, 45, 186, 195, 0.434718, 0.966898, 0.647911, 0.968874, 1, 37, 0, 0, 0, 0, 0, 1
195, 201, 479, 19309225, 4, 65, 20, 135, 45, 149, 0.755709, 0.929415, 0.966845, 0.647875, 1, 37, 1, 1, 0, 0, 0, 0
186, 201, 523, 19309225, 4, 65, 45, 135, 149, 10, 1, 0.755854, 0.75199, 1, 1, 37, 1, 0, 0, 0, 1, 1
135, 374, 398, 19309225, 4, 24, 131, 53, 41, 45, 1, 0.913168, 1, 1, 1, 37, 1, 0, 1, 1, 1, 1
194, 320, 201, 19313224, 4, 48, 105, 180, 104, 109, 1, 0.862454, 0.863598, 1, 0.967101, 37, 1, 0, 0, 0, 0, 1
27, 392, 198, 19313225, 4, 175, 105, 45, 196, 180, 1, 0.823074, 0.318513, 0.866229, 0.863598, 37, 0, 0, 0, 0, 0, 0
104, 398, 222, 19313737, 5, 41, 135, 45, 53, 175, 0.968675, 0.966376, 0.725224, 0.863477, 1, 37, 1, 0, 1, 1, 0, 0
48, 401, 188, 19313737, 5, 45, 105, 180, 196, 109, 1, 1, 0.971494, 0.796122, 0.967028, 37, 1, 0, 0, 0, 0, 1
109, 431, 201, 19313737, 5, 91, 47, 88, 105, 131, 1, 1, 1, 1, 0.883229, 37, 1, 1, 1, 0, 0, 0
109, 431, 201, 19314249, 6, 91, 47, 88, 105, 131, 1, 1, 1, 1, 0.883029, 37, 1, 1, 1, 0, 0, 0
196, 516, 201, 19314249, 6, 91, 88, 86, 47, 150, 1, 1, 0.968498, 1, 1, 37, 1, 1, 1, 1, 0, 0
180, 517, 198, 19314249, 6, 41, 91, 86, 88, 47, 0.538123, 0.950369, 1, 1, 1, 37, 0, 1, 1, 1, 1, 1
149, 201, 568, 19321737, 5, 65, 20, 135, 45, 10000000, 1, 0.822265, 0.643698, 0.539167, 0, 37, 1, 1, 0, 0, 1, 0
10, 198, 579, 19321737, 5, 65, 20, 16, 149, 197, 1, 1, 0.438653, 1, 0.241785, 37, 1, 1, 0, 0, 1, 0
65, 201, 609, 19321737, 5, 16, 20, 135, 45, 10000000, 0.438653, 0.968832, 0.429132, 0.539167, 0, 37, 0, 1, 0, 0, 1, 1
20, 210, 601, 19322249, 6, 16, 135, 79, 45, 123, 1, 0.233815, 0.53675, 0.187999, 0.158723, 37, 1, 0, 0, 0, 0, 1
16, 406, 600, 19322250, 6, 96, 19, 21, 90, 179, 0.969738, 0.843856, 0.823107, 0.695174, 0.64652, 37, 0, 1, 0, 1, 0, 1
88, 593, 200, 19322761, 7, 111, 24, 124, 150, 157, 1, 1, 0.969121, 1, 1, 37, 0, 1, 0, 0, 0, 0
47, 598, 206, 19322761, 7, 102, 40, 107, 124, 150, 0.645023, 0.567392, 0.646634, 0.969121, 1, 37, 0, 0, 0, 0, 0, 0
91, 601, 200, 19322761, 7, 107, 124, 150, 157, 102, 1, 0.969121, 0.944818, 0.939729, 0.645023, 37, 0, 0, 0, 0, 0, 1
86, 608, 201, 19322761, 7, 170, 102, 124, 157, 150, 1, 1, 1, 1, 0.841312, 37, 0, 1, 0, 0, 0, 0
16, 406, 600, 19326762, 7, 96, 19, 21, 90, 179, 0.969267, 0.843397, 0.822598, 0.694448, 0.646206, 37, 0, 1, 0, 1, 0, 1
150, 598, 239, 19327273, 8, 117, 190, 111, 24, 102, 0.943022, 0.877916, 0.861039, 0.86089, 0.547923, 37, 0, 0, 0, 0, 0, 0
157, 656, 201, 19327273, 8, 190, 111, 40, 170, 102, 1, 0.908452, 0.966251, 0.567239, 1, 37, 0, 0, 1, 0, 1, 0
124, 757, 198, 19327274, 8, 87, 76, 113, 102, 44, 1, 1, 0.960354, 1, 0.94572, 37, 1, 1, 0, 1, 1, 1
19, 600, 601, 19327275, 8, 115, 130, 84, 37, 90, 1, 1, 0.720675, 0.601199, 1, 37, 0, 0, 0, 0, 1, 1
102, 791, 198, 19331786, 9, 35, 107, 190, 76, 113, 1, 0.901634, 0.770665, 0.753939, 0.750737, 37, 0, 0, 0, 0, 0, 0
44, 807, 201, 19331786, 9, 113, 58, 107, 76, 40, 0.960847, 0.859654, 0.751479, 0.546865, 1, 37, 0, 1, 0, 0, 1, 0
76, 816, 401, 19331787, 9, 84, 87, 133, 58, 114, 1, 0.844899, 0.861889, 1, 0.752633, 37, 1, 1, 0, 0, 0, 0
90, 608, 601, 19331787, 9, 37, 115, 84, 130, 118, 1, 1, 0.752496, 1, 0.751629, 37, 1, 0, 0, 0, 0, 0
130, 653, 601, 19331787, 9, 37, 84, 146, 115, 70, 1, 0.967495, 1, 1, 0.549021, 37, 0, 1, 0, 0, 1, 0
115, 755, 598, 19331787, 9, 84, 70, 37, 146, 10000000, 1, 0.925404, 0.81884, 1, 0, 37, 1, 1, 1, 0, 1, 1
84, 791, 598, 19331787, 9, 37, 10000000, 10000000, 10000000, 10000000, 0.857631, 0, 0, 0, 0, 37, 1, 1, 1, 1, 1, 0
84, 791, 598, 19332299, 10, 37, 10000000, 10000000, 10000000, 10000000, 0.857584, 0, 0, 0, 0, 37, 1, 1, 1, 1, 1, 0
70, 812, 601, 19332299, 10, 84, 37, 10000000, 10000000, 10000000, 1, 1, 0, 0, 0, 37, 1, 1, 1, 1, 1, 0
146, 830, 601, 19332299, 10, 37, 84, 70, 10000000, 10000000, 1, 1, 1, 0, 0, 37, 1, 1, 1, 1, 1, 0
87, 797, 406, 19336299, 10, 70, 37, 84, 115, 133, 0.857081, 0.765448, 0.754127, 0.751849, 1, 37, 1, 0, 0, 0, 0, 0
58, 801, 426, 19336299, 10, 84, 70, 37, 115, 133, 1, 1, 0.765448, 0.771949, 0.938522, 37, 1, 1, 0, 0, 0, 0
133, 798, 453, 19336299, 10, 37, 146, 115, 84, 70, 0.964369, 0.956667, 0.96114, 0.859578, 0.857081, 37, 1, 0, 0, 1, 1, 0
133, 798, 453, 19340811, 11, 37, 146, 115, 84, 70, 0.963903, 0.956078, 0.960619, 0.859162, 0.856667, 37, 1, 0, 0, 1, 1, 0
84, 791, 598, 19340811, 11, 37, 10000000, 10000000, 10000000, 10000000, 0.856803, 0, 0, 0, 0, 37, 1, 1, 1, 1, 1, 0
