source_id,source_x,source_y,time,hop,pri_1_id,pri_2_id,pri_3_id,pri_4_id,pri_5_id,pri_1_r,pri_2_r,pri_3_r,pri_4_r,pri_5_r,des_id,send_log
116, 159, 201, 10299999, 1, 23, 27, 119, 141, 174, 0.969469, 1, 1, 0.775207, 1, 16, 0
174, 181, 201, 10300200, 2, 165, 23, 27, 119, 177, 0.940628, 1, 1, 1, 0.793077, 16, 0
119, 201, 245, 10300200, 2, 18, 104, 137, 189, 165, 1, 0.772723, 1, 0.938799, 0.826417, 16, 0
23, 201, 285, 10300200, 2, 18, 135, 165, 189, 137, 1, 0.725931, 0.826417, 0.753097, 0.824224, 16, 1
141, 357, 201, 10300200, 2, 41, 109, 104, 88, 105, 1, 1, 0.646374, 0.96936, 1, 16, 0
137, 198, 351, 10300541, 3, 45, 135, 65, 149, 18, 1, 1, 0.972064, 1, 0.755592, 16, 0
165, 198, 379, 10300541, 3, 45, 65, 135, 149, 186, 1, 1, 1, 1, 1, 16, 0
189, 198, 387, 10300541, 3, 45, 65, 135, 149, 186, 1, 1, 1, 1, 1, 16, 0
135, 247, 398, 10300541, 3, 45, 18, 104, 67, 24, 1, 0.550985, 0.3198, 0.233967, 0.120857, 16, 1
45, 283, 398, 10304882, 4, 18, 104, 24, 10000000, 10000000, 1, 0.938958, 0.232673, 0, 0, 16, 1
18, 314, 401, 10304882, 4, 24, 104, 20, 96, 79, 1, 0.969073, 0.44182, 0.305335, 0.18929, 16, 0
104, 398, 346, 10304883, 4, 53, 24, 131, 107, 20, 0.954853, 0.860335, 0.361358, 0.233662, 0.137599, 16, 0
18, 314, 401, 10305223, 5, 24, 104, 20, 96, 79, 1, 0.969037, 0.441753, 0.305303, 0.189278, 16, 1
104, 398, 346, 10305224, 5, 53, 24, 131, 107, 20, 0.954801, 0.860304, 0.361343, 0.233644, 0.137592, 16, 0
104, 398, 346, 10305565, 6, 53, 24, 131, 107, 20, 0.954749, 0.860272, 0.361328, 0.233625, 0.137586, 16, 0
24, 485, 398, 10305565, 6, 85, 21, 53, 131, 96, 1, 0.754694, 1, 0.967968, 0.159761, 16, 1
53, 514, 401, 10305906, 7, 21, 16, 85, 179, 117, 1, 0.363272, 0.431531, 0.362367, 0.323672, 16, 0
131, 553, 401, 10305906, 7, 85, 21, 179, 117, 53, 1, 1, 0.430255, 0.41123, 1, 16, 0
21, 601, 486, 10305906, 7, 179, 85, 115, 117, 16, 0.752946, 0.824009, 0.760186, 0.539453, 0.41296, 16, 0
85, 598, 515, 10310248, 8, 16, 179, 117, 115, 96, 1, 1, 1, 0.96858, 0.431015, 16, 0
117, 598, 551, 10310248, 8, 16, 179, 96, 10000000, 10000000, 1, 1, 0.482675, 0, 0, 16, 0
179, 598, 580, 10310248, 8, 16, 96, 10000000, 10000000, 10000000, 1, 0.548177, 0, 0, 0, 16, 0
115, 644, 598, 10310248, 8, 16, 179, 117, 85, 4, 1, 1, 1, 0.970489, 0.9675, 16, 0
96, 482, 598, 10310589, 9, 16, 10000000, 10000000, 10000000, 10000000, 0.644567, 0, 0, 0, 0, 16, 0
98, 201, 87, 11299999, 1, 71, 27, 116, 174, 119, 1, 0.953226, 1, 0.844694, 0.704483, 148, 0
174, 175, 201, 11300200, 2, 23, 27, 71, 119, 165, 1, 1, 0.938855, 1, 0.761545, 148, 1
116, 148, 201, 11300200, 2, 23, 13, 27, 119, 137, 1, 0.947352, 1, 1, 0.603896, 148, 0
27, 300, 198, 11300200, 2, 104, 180, 45, 177, 23, 0.871792, 0.845576, 0.610006, 0.863768, 1, 148, 0
71, 312, 201, 11300200, 2, 135, 41, 45, 88, 105, 1, 1, 0.882208, 1, 1, 148, 1
119, 201, 257, 11300200, 2, 195, 189, 18, 137, 165, 1, 0.950432, 0.785416, 1, 0.847431, 148, 0
41, 401, 300, 11300541, 3, 18, 104, 45, 53, 47, 1, 1, 1, 0.608287, 0.435421, 148, 1
104, 398, 332, 11304883, 4, 24, 53, 47, 18, 131, 0.969976, 0.823758, 0.759681, 1, 0.430014, 148, 0
18, 301, 401, 11304883, 4, 24, 20, 96, 79, 53, 1, 0.612864, 0.233913, 0.159162, 0.137293, 148, 1
53, 502, 401, 11304883, 4, 85, 21, 115, 117, 131, 0.930673, 1, 0.614471, 0.638867, 1, 148, 1
20, 302, 601, 11305225, 5, 96, 79, 95, 16, 163, 1, 1, 0.434838, 0.324058, 0.232995, 148, 1
79, 401, 693, 11309566, 6, 193, 33, 96, 82, 16, 1, 1, 1, 0.604747, 0.647812, 148, 1
119, 201, 257, 11312541, 3, 195, 189, 18, 137, 165, 1, 0.948208, 0.777877, 1, 0.846167, 148, 0
27, 300, 198, 11312541, 3, 104, 180, 45, 177, 23, 0.867127, 0.844318, 0.607719, 0.862619, 1, 148, 1
71, 312, 201, 11312541, 3, 135, 41, 45, 88, 105, 1, 1, 0.877432, 1, 1, 148, 0
165, 198, 371, 11312541, 3, 45, 65, 135, 149, 186, 1, 1, 1, 1, 1, 148, 0
96, 495, 598, 11313908, 7, 4, 115, 19, 16, 179, 0.944793, 0.776398, 0.463765, 0.957871, 0.912638, 148, 0
16, 500, 601, 11313908, 7, 4, 138, 19, 82, 115, 0.970929, 0.755576, 0.646352, 0.789242, 1, 148, 0
177, 373, 201, 11316883, 4, 41, 45, 88, 105, 180, 1, 0.788197, 1, 1, 1, 148, 0
180, 424, 198, 11316883, 4, 47, 41, 104, 88, 49, 1, 1, 0.865498, 1, 0.843854, 148, 0
23, 201, 299, 11316883, 4, 195, 18, 135, 189, 165, 1, 0.775258, 0.754153, 0.861946, 0.845723, 148, 0
104, 398, 332, 11316883, 4, 24, 53, 47, 18, 131, 0.968723, 0.822403, 0.757954, 1, 0.42946, 148, 1
131, 541, 401, 11317224, 5, 85, 21, 117, 179, 84, 1, 1, 0.48155, 0.43056, 0.323464, 148, 0
18, 301, 401, 11317224, 5, 24, 20, 96, 79, 53, 1, 0.610555, 0.23324, 0.15885, 0.137061, 148, 0
21, 601, 499, 11317224, 5, 96, 130, 117, 179, 115, 1, 1, 1, 0.86112, 0.797043, 148, 0
85, 598, 502, 11317224, 5, 4, 115, 179, 16, 84, 0.970582, 1, 1, 1, 1, 148, 1
179, 598, 574, 11317566, 6, 4, 115, 19, 148, 193, 1, 1, 0.483532, 0.361673, 0.322825, 148, 0
115, 656, 598, 11317566, 6, 4, 19, 193, 128, 138, 0.970546, 0.822026, 0.435982, 0.438778, 0.431563, 148, 1
16, 500, 601, 11317566, 6, 4, 138, 19, 82, 115, 0.970546, 0.755278, 0.646098, 0.78697, 1, 148, 0
19, 598, 696, 11321907, 7, 148, 172, 193, 176, 4, 1, 1, 1, 1, 0.842682, 148, 0
4, 601, 705, 11321907, 7, 148, 193, 172, 10000000, 10000000, 1, 1, 0.602902, 0, 0, 148, 0
172, 598, 775, 11322248, 8, 148, 10000000, 10000000, 10000000, 10000000, 1, 0, 0, 0, 0, 148, 0
193, 598, 787, 11322248, 8, 148, 172, 10000000, 10000000, 10000000, 1, 1, 0, 0, 0, 148, 0
172, 598, 775, 11326589, 9, 148, 10000000, 10000000, 10000000, 10000000, 1, 0, 0, 0, 0, 148, 0
186, 201, 425, 11328883, 4, 45, 65, 104, 18, 135, 1, 1, 0.861027, 0.844587, 1, 148, 0
135, 259, 398, 11328883, 4, 45, 65, 18, 104, 103, 1, 1, 0.603277, 0.41196, 0.361513, 148, 0
149, 201, 459, 11328883, 4, 65, 45, 18, 154, 103, 1, 1, 0.546824, 0.316813, 0.430831, 148, 0
45, 297, 398, 11328883, 4, 20, 18, 104, 24, 103, 1, 1, 0.946245, 0.187903, 0.158755, 148, 0
65, 201, 499, 11328883, 4, 20, 67, 154, 18, 45, 1, 1, 0.960295, 0.790864, 1, 148, 0
18, 301, 401, 11329224, 5, 24, 20, 96, 79, 53, 1, 0.608327, 0.232589, 0.158548, 0.136836, 148, 0
104, 398, 332, 11329224, 5, 24, 53, 47, 18, 131, 0.967438, 0.821014, 0.756185, 1, 0.428892, 148, 0
20, 302, 601, 11329224, 5, 96, 79, 95, 16, 163, 1, 1, 0.430347, 0.32322, 0.2317, 148, 0
79, 401, 693, 11329566, 6, 193, 33, 96, 82, 16, 1, 1, 1, 0.603287, 0.646416, 148, 0
95, 304, 801, 11329566, 6, 33, 82, 197, 188, 163, 1, 1, 1, 1, 1, 148, 0
45, 297, 398, 11333224, 5, 20, 18, 104, 24, 103, 1, 1, 0.945469, 0.18775, 0.158646, 148, 0
18, 301, 401, 11333224, 5, 24, 20, 96, 79, 53, 1, 0.607587, 0.232372, 0.158447, 0.136761, 148, 0
20, 302, 601, 11333224, 5, 96, 79, 95, 16, 163, 1, 1, 0.429608, 0.323081, 0.231485, 148, 0
154, 201, 658, 11333224, 5, 95, 20, 67, 10, 79, 1, 0.823635, 1, 0.842901, 0.273095, 148, 0
67, 201, 704, 11333225, 5, 197, 95, 20, 3, 123, 0.754537, 0.859215, 0.823635, 0.720727, 0.645785, 148, 0
79, 401, 693, 11333566, 6, 193, 33, 96, 82, 16, 1, 1, 1, 0.602996, 0.646138, 148, 0
96, 496, 598, 11333907, 7, 4, 115, 19, 16, 179, 0.941236, 0.764527, 0.461624, 0.955257, 0.907119, 148, 0
16, 500, 601, 11333907, 7, 4, 138, 19, 82, 115, 0.968839, 0.753949, 0.644963, 0.776978, 1, 148, 0
82, 497, 798, 11333907, 7, 172, 4, 128, 176, 19, 0.820062, 0.870934, 0.860768, 0.750584, 0.692437, 148, 0
33, 509, 801, 11333907, 7, 148, 172, 193, 176, 19, 1, 1, 1, 1, 1, 148, 0
193, 598, 787, 11333908, 7, 148, 172, 10000000, 10000000, 10000000, 1, 1, 0, 0, 0, 148, 0
172, 598, 775, 11334249, 8, 148, 10000000, 10000000, 10000000, 10000000, 1, 0, 0, 0, 0, 148, 0
163, 375, 801, 11337907, 7, 82, 176, 197, 188, 128, 1, 0.771002, 1, 1, 0.475093, 148, 0
188, 386, 801, 11337907, 7, 82, 33, 79, 19, 128, 1, 0.633856, 1, 0.431447, 0.430199, 148, 0
197, 387, 801, 11337907, 7, 82, 148, 33, 79, 6, 1, 0.769792, 0.481847, 0.6823, 0.274188, 148, 0
16, 500, 601, 11342248, 8, 4, 138, 19, 82, 115, 0.96797, 0.753272, 0.644385, 0.771975, 1, 148, 0
179, 598, 573, 11342249, 8, 4, 115, 19, 148, 193, 1, 1, 0.482093, 0.3606, 0.321969, 148, 0
19, 598, 695, 11342249, 8, 148, 172, 193, 176, 4, 1, 1, 1, 1, 0.840624, 148, 0
115, 657, 598, 11342249, 8, 4, 19, 193, 128, 138, 0.96797, 0.819255, 0.43134, 0.434077, 0.427015, 148, 0
79, 401, 693, 11346249, 8, 193, 33, 96, 82, 16, 1, 1, 1, 0.602075, 0.645256, 148, 0
82, 497, 798, 11346249, 8, 172, 4, 128, 176, 19, 0.818681, 0.866279, 0.859627, 0.74885, 0.69047, 148, 0
33, 509, 801, 11346249, 8, 148, 172, 193, 176, 19, 1, 1, 1, 1, 1, 148, 0
128, 537, 801, 11346590, 9, 148, 172, 193, 176, 19, 1, 1, 1, 1, 1, 148, 0
172, 598, 775, 11346590, 9, 148, 10000000, 10000000, 10000000, 10000000, 1, 0, 0, 0, 0, 148, 0
19, 598, 695, 11346590, 9, 148, 172, 193, 176, 4, 1, 1, 1, 1, 0.840186, 148, 0
19, 598, 695, 11354590, 9, 148, 172, 193, 176, 4, 1, 1, 1, 1, 0.83938, 148, 0
4, 601, 705, 11354590, 9, 148, 193, 172, 10000000, 10000000, 1, 1, 0.600536, 0, 0, 148, 0
82, 497, 798, 11354590, 9, 172, 4, 128, 176, 19, 0.81775, 0.86316, 0.858857, 0.747682, 0.689147, 148, 0
172, 598, 775, 11354931, 10, 148, 10000000, 10000000, 10000000, 10000000, 1, 0, 0, 0, 0, 148, 0
193, 598, 786, 11354931, 10, 148, 172, 10000000, 10000000, 10000000, 1, 1, 0, 0, 0, 148, 0
96, 496, 598, 11358590, 9, 4, 115, 19, 16, 179, 0.936883, 0.750367, 0.459009, 0.95205, 0.900399, 148, 0
82, 497, 798, 11358590, 9, 172, 4, 128, 176, 19, 0.817305, 0.861673, 0.858488, 0.747124, 0.688514, 148, 0
172, 598, 775, 11359272, 11, 148, 10000000, 10000000, 10000000, 10000000, 1, 0, 0, 0, 0, 148, 0
128, 537, 801, 11366931, 10, 148, 172, 193, 176, 19, 1, 1, 1, 1, 1, 148, 0
16, 499, 601, 11366931, 10, 4, 138, 19, 82, 115, 0.965407, 0.751276, 0.642681, 0.757541, 1, 148, 0
172, 598, 775, 11366931, 10, 148, 10000000, 10000000, 10000000, 10000000, 1, 0, 0, 0, 0, 148, 0
4, 601, 705, 11366932, 10, 148, 193, 172, 10000000, 10000000, 1, 1, 0.599647, 0, 0, 148, 0
179, 598, 573, 11366932, 10, 4, 115, 19, 148, 193, 1, 1, 0.480664, 0.359533, 0.321119, 148, 0
115, 657, 598, 11366932, 10, 4, 19, 193, 128, 138, 0.965407, 0.816504, 0.426796, 0.429475, 0.422561, 148, 0
115, 657, 598, 11383273, 11, 4, 19, 193, 128, 138, 0.963718, 0.814692, 0.42384, 0.426482, 0.419663, 148, 0
19, 598, 695, 11383273, 11, 148, 172, 193, 176, 4, 1, 1, 1, 1, 0.836503, 148, 0
4, 601, 705, 11383273, 11, 148, 193, 172, 10000000, 10000000, 1, 1, 0.598474, 0, 0, 148, 0
172, 598, 775, 11383614, 12, 148, 10000000, 10000000, 10000000, 10000000, 1, 0, 0, 0, 0, 148, 0
193, 598, 786, 11383614, 12, 148, 172, 10000000, 10000000, 10000000, 1, 1, 0, 0, 0, 148, 0
4, 601, 705, 11387614, 12, 148, 193, 172, 10000000, 10000000, 1, 1, 0.598163, 0, 0, 148, 0
172, 598, 775, 11387955, 13, 148, 10000000, 10000000, 10000000, 10000000, 1, 0, 0, 0, 0, 148, 0
110, 201, 74, 12299999, 1, 71, 48, 141, 143, 98, 1, 1, 0.770376, 0.863065, 1, 85, 0
98, 201, 99, 12300200, 2, 180, 194, 141, 71, 27, 1, 1, 1, 1, 0.822524, 85, 0
143, 198, 129, 12300200, 2, 27, 119, 23, 141, 194, 0.967884, 1, 0.971742, 0.758254, 0.702031, 85, 0
71, 300, 201, 12300200, 2, 41, 88, 105, 180, 194, 1, 0.970329, 1, 1, 1, 85, 1
194, 384, 201, 12300541, 3, 104, 41, 88, 105, 109, 1, 1, 1, 1, 0.758982, 85, 0
180, 432, 198, 12300541, 3, 47, 41, 104, 196, 88, 1, 1, 0.910618, 1, 1, 85, 0
41, 401, 313, 12300542, 3, 131, 53, 24, 104, 47, 1, 0.466427, 0.432038, 1, 0.30334, 85, 1
105, 476, 198, 12300542, 3, 150, 41, 88, 175, 109, 1, 1, 1, 0.843433, 0.822511, 85, 0
104, 398, 318, 12300883, 4, 24, 53, 47, 131, 107, 0.972051, 0.845442, 0.798548, 0.431815, 0.159345, 85, 0
53, 490, 401, 12300883, 4, 21, 85, 107, 131, 35, 0.968914, 0.944472, 0.968041, 1, 0.863775, 85, 0
24, 512, 398, 12300883, 4, 117, 85, 21, 131, 107, 1, 0.879903, 0.822427, 1, 0.5378, 85, 0
131, 527, 401, 12300883, 4, 85, 21, 117, 179, 84, 1, 1, 0.538203, 0.568991, 0.24114, 85, 1
21, 601, 512, 12301224, 5, 85, 10000000, 10000000, 10000000, 10000000, 0.862367, 0, 0, 0, 0, 85, 0
117, 598, 525, 12301225, 5, 85, 21, 10000000, 10000000, 10000000, 1, 1, 0, 0, 0, 85, 0
38, 63, 1, 13299999, 1, 98, 110, 171, 166, 60, 1, 0.972594, 1, 1, 0.75624, 155, 0
171, 201, 45, 13300200, 2, 56, 98, 7, 110, 143, 1, 1, 1, 1, 0.846826, 155, 0
60, 198, 57, 13300200, 2, 27, 23, 119, 174, 141, 0.964481, 0.861479, 0.863083, 1, 0.72699, 155, 0
110, 201, 86, 13300200, 2, 125, 71, 13, 141, 48, 1, 1, 1, 0.870221, 0.77358, 155, 0
98, 201, 110, 13300200, 2, 141, 71, 13, 180, 194, 1, 1, 1, 0.796254, 0.78356, 155, 1
71, 288, 201, 13300542, 3, 41, 180, 105, 88, 194, 1, 1, 0.969007, 0.862689, 1, 155, 1
194, 380, 201, 13304883, 4, 41, 104, 88, 105, 180, 1, 1, 1, 1, 1, 155, 0
180, 442, 198, 13304883, 4, 47, 196, 41, 88, 104, 1, 1, 1, 1, 0.93049, 155, 0
41, 401, 326, 13304883, 4, 131, 24, 53, 47, 196, 1, 0.605213, 0.37791, 0.232506, 0.361853, 155, 1
105, 491, 198, 13304883, 4, 47, 150, 41, 88, 175, 1, 0.773351, 1, 1, 0.859868, 155, 1
53, 477, 401, 13305224, 5, 107, 21, 85, 96, 35, 0.967707, 0.861327, 0.793865, 0.794364, 0.754094, 155, 0
131, 513, 401, 13305225, 5, 21, 85, 81, 35, 107, 1, 1, 1, 0.969549, 1, 155, 1
85, 598, 478, 13305566, 6, 84, 115, 179, 4, 117, 1, 1, 1, 0.753501, 1, 155, 1
81, 681, 401, 13305566, 6, 179, 87, 126, 190, 170, 1, 0.796475, 1, 1, 1, 155, 0
117, 598, 511, 13309907, 7, 130, 84, 115, 90, 19, 1, 1, 1, 0.942961, 0.876067, 155, 0
179, 598, 554, 13309907, 7, 130, 84, 115, 148, 4, 1, 1, 1, 0.945607, 0.860742, 155, 0
115, 681, 598, 13309907, 7, 70, 94, 176, 130, 6, 1, 0.754126, 1, 1, 0.696985, 155, 1
88, 539, 198, 13313224, 5, 150, 47, 86, 196, 124, 1, 1, 1, 1, 0.725367, 155, 0
175, 558, 201, 13313224, 5, 150, 47, 102, 24, 86, 0.964241, 1, 1, 0.774501, 1, 155, 0
47, 598, 277, 13313225, 5, 170, 35, 107, 21, 81, 1, 1, 1, 0.860585, 0.795303, 155, 1
150, 598, 320, 13313225, 5, 81, 35, 107, 21, 85, 1, 0.968714, 1, 0.860585, 0.64679, 155, 0
107, 680, 398, 13313566, 6, 133, 90, 21, 76, 85, 1, 0.789776, 1, 1, 0.970149, 155, 0
35, 720, 398, 13313566, 6, 133, 87, 21, 190, 117, 1, 1, 1, 0.971052, 0.725534, 155, 1
130, 721, 601, 13314249, 8, 94, 118, 37, 9, 138, 1, 1, 0.965342, 0.859718, 0.784688, 155, 0
190, 781, 401, 13317907, 7, 133, 87, 130, 76, 126, 0.962639, 1, 0.757834, 0.965768, 1, 155, 0
133, 798, 521, 13317908, 7, 118, 94, 9, 70, 130, 0.966318, 0.862711, 1, 0.962833, 1, 155, 1
117, 598, 511, 13317908, 7, 130, 84, 115, 90, 19, 1, 1, 1, 0.941541, 0.873007, 155, 0
21, 601, 526, 13317908, 7, 130, 84, 19, 87, 115, 1, 1, 1, 1, 0.846037, 155, 0
130, 721, 601, 13318249, 8, 94, 118, 37, 9, 138, 1, 1, 0.964876, 0.859348, 0.782233, 155, 0
70, 881, 601, 13318249, 8, 94, 37, 54, 118, 132, 1, 0.943396, 0.968459, 0.68667, 1, 155, 0
9, 923, 598, 13318249, 8, 57, 118, 94, 37, 54, 1, 1, 0.970514, 0.822836, 0.860853, 155, 0
118, 801, 684, 13318249, 8, 155, 57, 94, 120, 184, 0.752438, 0.820219, 1, 0.69601, 0.633556, 155, 1
94, 801, 719, 13318590, 9, 155, 51, 184, 140, 57, 1, 0.908002, 0.862298, 0.568776, 0.537927, 155, 0
57, 940, 798, 13318591, 9, 155, 51, 140, 10000000, 10000000, 1, 0.967873, 1, 0, 0, 155, 1
140, 924, 801, 13322932, 10, 51, 155, 10000000, 10000000, 10000000, 1, 0.859497, 0, 0, 0, 155, 0
51, 886, 801, 13322932, 10, 155, 10000000, 10000000, 10000000, 10000000, 1, 0, 0, 0, 0, 155, 0
118, 801, 684, 13330590, 9, 155, 57, 94, 120, 184, 0.751441, 0.818838, 1, 0.694023, 0.63232, 155, 0
37, 798, 683, 13330590, 9, 155, 184, 51, 120, 94, 1, 1, 0.822749, 0.969249, 0.969224, 155, 0
94, 801, 719, 13330591, 9, 155, 51, 184, 140, 57, 1, 0.904715, 0.861184, 0.567485, 0.537234, 155, 0
51, 886, 801, 13330932, 10, 155, 10000000, 10000000, 10000000, 10000000, 1, 0, 0, 0, 0, 155, 0
184, 801, 850, 13330932, 10, 155, 57, 51, 140, 10000000, 1, 0.966985, 0.751793, 0.600396, 0, 155, 0
57, 941, 798, 13330932, 10, 155, 51, 140, 10000000, 10000000, 1, 0.96659, 1, 0, 0, 155, 0
11, 1, 135, 14299999, 1, 56, 116, 160, 17, 64, 1, 1, 1, 1, 1, 172, 0
17, 58, 201, 14300200, 2, 23, 189, 119, 174, 56, 0.968227, 0.915985, 1, 1, 1, 172, 0
160, 93, 198, 14300200, 2, 23, 137, 13, 71, 165, 1, 1, 1, 1, 0.788696, 172, 0
116, 109, 201, 14300200, 2, 119, 13, 23, 165, 27, 1, 0.966433, 0.860646, 0.799705, 0.860713, 172, 1
64, -1, 264, 14300200, 2, 83, 174, 119, 32, 43, 0.950847, 1, 0.772427, 1, 0.645705, 172, 1
13, 198, 259, 14304541, 3, 135, 45, 186, 195, 189, 1, 0.971409, 1, 1, 1, 172, 1
23, 201, 339, 14304541, 3, 135, 186, 18, 195, 149, 1, 1, 0.935115, 1, 0.72516, 172, 0
45, 336, 398, 14308883, 4, 20, 24, 10000000, 10000000, 10000000, 0.306237, 0.240909, 0, 0, 0, 172, 1
32, 1, 342, 14316541, 3, 165, 83, 145, 23, 50, 1, 1, 1, 0.78103, 0.783422, 172, 0
83, 73, 401, 14316541, 3, 186, 149, 121, 65, 135, 1, 0.966197, 1, 0.862289, 0.86304, 172, 1
186, 201, 456, 14316883, 4, 45, 65, 135, 149, 18, 1, 1, 1, 1, 1, 172, 1
149, 201, 500, 14316883, 4, 20, 10, 45, 65, 135, 1, 1, 1, 1, 1, 172, 0
65, 201, 539, 14316883, 4, 20, 10, 154, 67, 104, 1, 1, 0.860135, 0.301626, 0.273498, 172, 0
149, 201, 500, 14317224, 5, 20, 10, 45, 65, 135, 1, 1, 1, 1, 1, 172, 0
18, 259, 401, 14317224, 5, 24, 45, 135, 65, 41, 0.862636, 1, 1, 0.754447, 0.842827, 172, 0
65, 201, 539, 14317224, 5, 20, 10, 154, 67, 104, 1, 1, 0.860103, 0.301595, 0.273486, 172, 1
135, 303, 398, 14317224, 5, 20, 53, 45, 65, 103, 1, 1, 1, 1, 0.215347, 172, 0
45, 336, 398, 14317224, 5, 20, 24, 10000000, 10000000, 10000000, 0.305456, 0.240667, 0, 0, 0, 172, 1
20, 264, 601, 14321565, 6, 79, 159, 96, 16, 95, 1, 0.875387, 0.751285, 0.608492, 0.18811, 172, 1
10, 198, 654, 14321566, 6, 3, 95, 79, 20, 123, 1, 1, 0.769509, 1, 0.861159, 172, 0
32, 1, 358, 15299999, 1, 165, 83, 160, 145, 23, 0.911949, 1, 1, 0.789828, 0.441732, 115, 0
83, 61, 401, 15300200, 2, 186, 189, 23, 165, 149, 1, 1, 0.958651, 0.972712, 0.863027, 115, 1
145, -1, 491, 15300200, 2, 34, 121, 103, 83, 43, 1, 1, 1, 1, 1, 115, 0
186, 201, 469, 15304541, 3, 45, 135, 18, 65, 149, 1, 1, 1, 1, 1, 115, 1
165, 198, 323, 15304541, 3, 45, 135, 41, 18, 186, 1, 1, 0.875204, 0.958611, 1, 115, 1
149, 201, 513, 15304882, 4, 45, 20, 135, 18, 65, 1, 1, 1, 1, 1, 115, 0
18, 246, 401, 15304883, 4, 45, 24, 135, 104, 41, 1, 0.75286, 1, 0.971918, 0.753252, 115, 0
65, 201, 553, 15304883, 4, 45, 20, 135, 18, 104, 0.971646, 1, 0.968452, 0.86252, 0.240945, 115, 1
45, 349, 398, 15304883, 4, 131, 53, 41, 24, 20, 1, 1, 1, 0.215103, 0.234662, 115, 1
41, 401, 352, 15305224, 5, 131, 24, 53, 47, 10000000, 1, 0.825308, 0.548501, 0.158697, 0, 115, 0
53, 452, 401, 15305224, 5, 85, 21, 24, 107, 131, 0.843546, 0.753529, 1, 0.754309, 1, 115, 1
24, 552, 398, 15305224, 5, 21, 85, 117, 35, 81, 0.861176, 0.947451, 0.701035, 0.821868, 0.697696, 115, 0
131, 486, 401, 15309565, 6, 21, 85, 117, 107, 81, 0.96837, 1, 0.862173, 0.969372, 0.947463, 115, 0
24, 552, 398, 15309565, 6, 21, 85, 117, 35, 81, 0.860774, 0.946672, 0.700325, 0.82138, 0.696993, 115, 0
85, 598, 454, 15309566, 6, 115, 84, 21, 179, 130, 0.971521, 1, 1, 1, 0.759665, 115, 1
179, 598, 531, 15309907, 7, 130, 115, 84, 90, 21, 1, 1, 1, 0.755667, 1, 115, 0
21, 601, 553, 15309907, 7, 130, 115, 84, 90, 10000000, 1, 0.971485, 0.968491, 0.539762, 0, 115, 1
18, 246, 401, 15316883, 4, 45, 24, 135, 104, 41, 1, 0.751889, 1, 0.97066, 0.752281, 115, 0
135, 319, 398, 15316883, 4, 53, 45, 41, 10000000, 10000000, 1, 1, 0.634732, 0, 0, 115, 0
186, 201, 470, 15316883, 4, 45, 135, 18, 65, 149, 1, 1, 1, 1, 1, 115, 0
20, 251, 601, 15317224, 5, 79, 96, 16, 159, 123, 1, 0.646369, 0.46702, 0.609689, 1, 115, 0
18, 246, 401, 15317224, 5, 45, 24, 135, 104, 41, 1, 0.751862, 1, 0.970624, 0.752253, 115, 0
90, 645, 601, 15318248, 8, 130, 115, 84, 10000000, 10000000, 1, 1, 0.96928, 0, 0, 115, 0
130, 699, 601, 15318248, 8, 10000000, 10000000, 10000000, 10000000, 10000000, 0, 0, 0, 0, 0, 115, 0
84, 748, 598, 15318249, 8, 130, 115, 90, 10000000, 10000000, 1, 1, 1, 0, 0, 115, 0
45, 350, 398, 15321224, 5, 131, 53, 41, 24, 20, 1, 1, 1, 0.214725, 0.233766, 115, 0
41, 401, 352, 15321224, 5, 131, 24, 53, 47, 10000000, 1, 0.823496, 0.5473, 0.158295, 0, 115, 0
53, 451, 401, 15321224, 5, 85, 21, 24, 107, 131, 0.841923, 0.752233, 1, 0.75301, 1, 115, 0
131, 486, 401, 15321565, 6, 21, 85, 117, 107, 81, 0.967122, 1, 0.861059, 0.968121, 0.945314, 115, 0
159, 283, 801, 15321565, 6, 197, 33, 188, 79, 3, 1, 0.859781, 1, 0.845771, 1, 115, 0
24, 552, 398, 15321566, 6, 21, 85, 117, 35, 81, 0.859663, 0.944526, 0.698368, 0.820033, 0.695055, 115, 0
85, 598, 453, 15321566, 6, 115, 84, 21, 179, 130, 0.970264, 1, 1, 1, 0.757938, 115, 0
179, 598, 530, 15321907, 7, 130, 115, 84, 90, 21, 1, 1, 1, 0.754689, 1, 115, 0
21, 601, 554, 15321907, 7, 130, 115, 84, 90, 10000000, 1, 0.970228, 0.967086, 0.539064, 0, 115, 0
84, 748, 598, 15321907, 7, 130, 115, 90, 10000000, 10000000, 1, 1, 1, 0, 0, 115, 0
21, 601, 554, 15322248, 8, 130, 115, 84, 90, 10000000, 1, 0.970192, 0.967046, 0.539044, 0, 115, 0
90, 645, 601, 15322248, 8, 130, 115, 84, 10000000, 10000000, 1, 1, 0.968862, 0, 0, 115, 0
130, 699, 601, 15322248, 8, 10000000, 10000000, 10000000, 10000000, 10000000, 0, 0, 0, 0, 0, 115, 0
84, 748, 598, 15322248, 8, 130, 115, 90, 10000000, 10000000, 1, 1, 1, 0, 0, 115, 0
41, 401, 352, 15325565, 6, 131, 24, 53, 47, 10000000, 1, 0.823006, 0.546975, 0.158186, 0, 115, 0
131, 485, 401, 15325565, 6, 21, 85, 117, 107, 81, 0.966706, 1, 0.860688, 0.967704, 0.944599, 115, 0
85, 598, 453, 15325907, 7, 115, 84, 21, 179, 130, 0.96981, 1, 1, 1, 0.757315, 115, 0
117, 598, 485, 15325907, 7, 115, 84, 90, 21, 130, 0.96981, 0.968481, 0.956487, 0.966149, 0.757315, 115, 0
81, 658, 401, 15325907, 7, 115, 179, 21, 90, 133, 0.758345, 0.875469, 0.751855, 0.646598, 0.758139, 115, 0
130, 699, 601, 15326590, 9, 10000000, 10000000, 10000000, 10000000, 10000000, 0, 0, 0, 0, 0, 115, 0
90, 645, 601, 15326590, 9, 130, 115, 84, 10000000, 10000000, 1, 1, 0.96841, 0, 0, 115, 0
179, 598, 530, 15330248, 8, 130, 115, 84, 90, 21, 1, 1, 1, 0.754011, 1, 115, 0
21, 601, 554, 15330248, 8, 130, 115, 84, 90, 10000000, 1, 0.969356, 0.966112, 0.538579, 0, 115, 0
130, 698, 601, 15330248, 8, 10000000, 10000000, 10000000, 10000000, 10000000, 0, 0, 0, 0, 0, 115, 0
84, 748, 598, 15330248, 8, 130, 115, 90, 10000000, 10000000, 1, 1, 1, 0, 0, 115, 0
130, 698, 601, 15330590, 9, 10000000, 10000000, 10000000, 10000000, 10000000, 0, 0, 0, 0, 0, 115, 0
90, 645, 601, 15330590, 9, 130, 115, 84, 10000000, 10000000, 1, 1, 0.967993, 0, 0, 115, 0
3, 350, 798, 15333907, 7, 79, 33, 197, 188, 82, 1, 0.759747, 0.967658, 1, 0.48035, 115, 0
188, 363, 801, 15333907, 7, 82, 33, 79, 128, 197, 0.966633, 0.951451, 0.965899, 0.794231, 1, 115, 0
197, 383, 801, 15333907, 7, 82, 128, 193, 33, 79, 1, 1, 0.750202, 0.858642, 0.858577, 115, 0
79, 401, 745, 15333907, 7, 96, 16, 128, 33, 82, 0.967815, 0.843783, 1, 0.750428, 0.537018, 115, 0
79, 401, 745, 15334248, 8, 96, 16, 128, 33, 82, 0.967779, 0.843749, 1, 0.75038, 0.536998, 115, 0
33, 464, 801, 15334248, 8, 19, 4, 172, 148, 193, 0.964297, 1, 1, 0.967803, 1, 115, 0
128, 486, 801, 15334248, 8, 19, 148, 172, 193, 4, 0.964297, 1, 1, 1, 0.966442, 115, 0
130, 698, 601, 15334931, 10, 10000000, 10000000, 10000000, 10000000, 10000000, 0, 0, 0, 0, 0, 115, 0
84, 748, 598, 15334931, 10, 130, 115, 90, 10000000, 10000000, 1, 1, 1, 0, 0, 115, 0
90, 645, 601, 15338589, 9, 130, 115, 84, 10000000, 10000000, 1, 1, 0.967161, 0, 0, 115, 0
130, 698, 601, 15338589, 9, 10000000, 10000000, 10000000, 10000000, 10000000, 0, 0, 0, 0, 0, 115, 0
193, 598, 763, 15338590, 9, 130, 90, 21, 19, 148, 1, 1, 1, 1, 1, 115, 0
4, 601, 758, 15338590, 9, 115, 84, 19, 148, 90, 1, 0.967161, 1, 1, 0.682023, 115, 0
172, 598, 734, 15338590, 9, 130, 90, 19, 148, 84, 1, 1, 1, 1, 0.606935, 115, 0
130, 698, 601, 15338931, 10, 10000000, 10000000, 10000000, 10000000, 10000000, 0, 0, 0, 0, 0, 115, 0
84, 748, 598, 15338931, 10, 130, 115, 90, 10000000, 10000000, 1, 1, 1, 0, 0, 115, 0
130, 698, 601, 15343272, 11, 10000000, 10000000, 10000000, 10000000, 10000000, 0, 0, 0, 0, 0, 115, 0
90, 645, 601, 15343273, 11, 130, 115, 84, 10000000, 10000000, 1, 1, 0.966675, 0, 0, 115, 0
148, 598, 691, 15350931, 10, 130, 115, 21, 19, 90, 1, 0.821819, 1, 1, 0.60541, 115, 0
19, 598, 635, 15350931, 10, 115, 130, 84, 90, 10000000, 0.967202, 1, 0.722779, 0.630806, 0, 115, 0
90, 645, 601, 15350931, 10, 130, 115, 84, 10000000, 10000000, 1, 1, 0.96588, 0, 0, 115, 0
130, 698, 601, 15355272, 11, 10000000, 10000000, 10000000, 10000000, 10000000, 0, 0, 0, 0, 0, 115, 0
84, 748, 598, 15355272, 11, 130, 115, 90, 10000000, 10000000, 1, 1, 1, 0, 0, 115, 0
130, 698, 601, 15363614, 12, 10000000, 10000000, 10000000, 10000000, 10000000, 0, 0, 0, 0, 0, 115, 0
90, 645, 601, 15363614, 12, 130, 115, 84, 10000000, 10000000, 1, 1, 0.964567, 0, 0, 115, 0
130, 698, 601, 15371955, 13, 10000000, 10000000, 10000000, 10000000, 10000000, 0, 0, 0, 0, 0, 115, 0
84, 749, 598, 15371955, 13, 130, 115, 90, 10000000, 10000000, 1, 1, 1, 0, 0, 115, 0
130, 698, 601, 15380296, 14, 10000000, 10000000, 10000000, 10000000, 10000000, 0, 0, 0, 0, 0, 115, 0
90, 644, 601, 15380296, 14, 130, 115, 84, 10000000, 10000000, 1, 1, 0.962846, 0, 0, 115, 0
130, 698, 601, 15388638, 15, 10000000, 10000000, 10000000, 10000000, 10000000, 0, 0, 0, 0, 0, 115, 0
84, 749, 598, 15388638, 15, 130, 115, 90, 10000000, 10000000, 1, 1, 1, 0, 0, 115, 0
130, 698, 601, 15396979, 16, 10000000, 10000000, 10000000, 10000000, 10000000, 0, 0, 0, 0, 0, 115, 0
90, 644, 601, 15396979, 16, 130, 115, 84, 10000000, 10000000, 1, 1, 0.96113, 0, 0, 115, 0
130, 698, 601, 15405320, 17, 10000000, 10000000, 10000000, 10000000, 10000000, 0, 0, 0, 0, 0, 115, 0
84, 749, 598, 15405321, 17, 130, 115, 90, 10000000, 10000000, 1, 1, 1, 0, 0, 115, 0
130, 698, 601, 15413662, 18, 10000000, 10000000, 10000000, 10000000, 10000000, 0, 0, 0, 0, 0, 115, 0
90, 644, 601, 15413662, 18, 130, 115, 84, 10000000, 10000000, 1, 1, 0.959421, 0, 0, 115, 0
130, 697, 601, 15422003, 19, 10000000, 10000000, 10000000, 10000000, 10000000, 0, 0, 0, 0, 0, 115, 0
84, 749, 598, 15422003, 19, 130, 115, 90, 10000000, 10000000, 1, 1, 1, 0, 0, 115, 0
130, 697, 601, 15430344, 20, 10000000, 10000000, 10000000, 10000000, 10000000, 0, 0, 0, 0, 0, 115, 0
174, 118, 201, 16299999, 1, 119, 23, 165, 13, 189, 1, 0.970008, 0.970471, 0.97291, 0.699487, 128, 0
13, 198, 231, 16300200, 2, 135, 189, 186, 23, 195, 1, 1, 0.861991, 0.969987, 0.864757, 128, 0
119, 201, 331, 16300200, 2, 135, 195, 186, 41, 18, 1, 0.95038, 0.827416, 0.786125, 0.79704, 128, 1
18, 233, 401, 16300541, 3, 45, 186, 149, 135, 65, 1, 1, 0.861828, 1, 0.753625, 128, 0
195, 201, 441, 16300541, 3, 34, 149, 65, 186, 45, 1, 1, 0.861285, 1, 1, 128, 0
135, 334, 398, 16300542, 3, 65, 149, 53, 45, 20, 0.968946, 1, 0.878371, 1, 0.43511, 128, 1
186, 201, 483, 16300542, 3, 10, 65, 149, 34, 20, 1, 1, 1, 0.913093, 0.467756, 128, 0
45, 362, 398, 16300883, 4, 53, 65, 149, 131, 24, 1, 0.753597, 0.96952, 0.786996, 0.912906, 128, 0
53, 439, 401, 16300883, 4, 179, 21, 85, 117, 131, 1, 0.648279, 0.753177, 0.603641, 1, 128, 1
131, 472, 401, 16309224, 5, 117, 21, 85, 16, 179, 1, 0.863594, 1, 0.568777, 0.323247, 128, 0
85, 598, 441, 16309224, 5, 16, 96, 21, 179, 19, 1, 1, 0.971543, 1, 0.702853, 128, 0
179, 598, 519, 16309225, 5, 16, 96, 172, 19, 90, 1, 0.96303, 0.766642, 0.85949, 0.958984, 128, 1
96, 562, 598, 16309566, 6, 172, 79, 4, 16, 176, 1, 0.755575, 0.755827, 1, 0.775008, 128, 0
90, 632, 601, 16309566, 6, 176, 172, 96, 19, 148, 1, 0.755216, 1, 0.823108, 0.603335, 128, 0
19, 598, 621, 16309566, 6, 128, 193, 4, 172, 148, 1, 1, 0.971778, 1, 1, 128, 0
16, 430, 601, 16309566, 6, 33, 79, 148, 4, 128, 0.872644, 1, 0.941947, 0.539876, 0.323811, 128, 1
172, 598, 720, 16309566, 6, 128, 33, 82, 4, 193, 1, 1, 1, 1, 1, 128, 0
79, 401, 758, 16309908, 7, 128, 33, 82, 10000000, 10000000, 1, 0.792859, 0.537445, 0, 0, 128, 1
148, 598, 680, 16309908, 7, 33, 128, 82, 4, 193, 1, 0.863464, 1, 1, 1, 128, 0
33, 452, 801, 16314249, 8, 128, 10000000, 10000000, 10000000, 10000000, 1, 0, 0, 0, 0, 128, 0
82, 566, 798, 16314249, 8, 128, 33, 10000000, 10000000, 10000000, 1, 1, 0, 0, 0, 128, 0
193, 598, 752, 16318249, 8, 128, 33, 82, 4, 163, 1, 1, 1, 1, 0.410907, 128, 0
4, 601, 771, 16318249, 8, 128, 33, 82, 10000000, 10000000, 0.970523, 1, 0.820621, 0, 0, 128, 0
82, 566, 798, 16318249, 8, 128, 33, 10000000, 10000000, 10000000, 1, 1, 0, 0, 0, 128, 0
166, 98, 198, 17299999, 1, 137, 165, 71, 13, 56, 1, 0.915857, 1, 1, 1, 184, 0
56, 182, 198, 17300200, 2, 27, 194, 177, 189, 165, 1, 1, 1, 0.884084, 0.937226, 184, 0
13, 198, 218, 17300200, 2, 135, 18, 23, 189, 119, 0.968468, 1, 0.968741, 1, 1, 184, 0
137, 198, 255, 17300200, 2, 135, 186, 18, 195, 23, 0.968468, 0.971832, 1, 0.972599, 1, 184, 1
165, 198, 298, 17300200, 2, 45, 135, 186, 195, 18, 0.969968, 0.968468, 0.971832, 1, 0.967962, 184, 0
71, 242, 201, 17300200, 2, 41, 49, 104, 27, 119, 0.864505, 1, 0.955166, 1, 1, 184, 0
23, 201, 379, 17300541, 3, 135, 186, 195, 149, 45, 1, 1, 1, 0.826609, 0.689429, 184, 1
195, 201, 453, 17316883, 4, 45, 135, 149, 20, 186, 1, 1, 1, 0.695666, 1, 184, 0
186, 201, 496, 17316883, 4, 45, 10, 135, 65, 149, 1, 1, 1, 0.970891, 1, 184, 1
135, 349, 398, 17316883, 4, 24, 131, 53, 45, 41, 1, 1, 0.910945, 1, 0.722728, 184, 1
149, 201, 541, 17316883, 4, 20, 10, 45, 65, 154, 1, 1, 0.968227, 1, 0.27467, 184, 0
45, 375, 398, 17317224, 5, 53, 131, 24, 20, 10000000, 1, 0.87451, 0.697261, 0.159393, 0, 184, 0
41, 401, 377, 17317224, 5, 131, 24, 53, 47, 10000000, 0.947513, 0.646412, 0.644842, 0.120289, 0, 184, 0
53, 427, 401, 17317224, 5, 179, 24, 85, 131, 21, 1, 1, 0.723092, 1, 0.53739, 184, 0
131, 459, 401, 17317224, 5, 96, 117, 85, 111, 21, 1, 1, 1, 1, 0.752345, 184, 1
149, 201, 541, 17321224, 5, 20, 10, 45, 65, 154, 1, 1, 0.967775, 1, 0.274506, 184, 0
65, 201, 581, 17321224, 5, 20, 154, 10, 45, 67, 1, 0.75164, 1, 0.752714, 0.158235, 184, 0
10, 198, 609, 17321224, 5, 3, 67, 154, 95, 20, 0.75155, 1, 1, 0.756607, 1, 184, 1
85, 598, 429, 17321566, 6, 96, 21, 84, 179, 115, 1, 0.96685, 0.860247, 1, 0.755001, 184, 0
117, 598, 459, 17321566, 6, 96, 21, 90, 130, 84, 1, 0.96685, 0.858912, 0.824462, 0.752716, 184, 1
20, 226, 601, 17325565, 6, 79, 67, 154, 16, 96, 0.85927, 0.967484, 1, 0.476886, 0.429205, 184, 0
154, 201, 740, 17325565, 6, 163, 123, 159, 95, 182, 1, 0.950777, 0.945411, 1, 1, 184, 0
67, 201, 786, 17325566, 6, 123, 163, 3, 159, 95, 1, 1, 0.858514, 0.951906, 0.841342, 184, 1
95, 221, 801, 17325566, 6, 3, 188, 123, 197, 163, 0.965829, 0.965118, 1, 0.86008, 0.96718, 184, 0
21, 601, 580, 17325907, 7, 172, 148, 115, 130, 84, 1, 1, 1, 1, 0.859845, 184, 0
96, 575, 598, 17325907, 7, 172, 115, 130, 19, 90, 1, 0.958904, 1, 1, 0.930515, 184, 1
130, 676, 601, 17325907, 7, 94, 118, 37, 115, 148, 0.96565, 0.967518, 1, 1, 0.934028, 184, 0
19, 598, 611, 17326248, 8, 193, 176, 172, 138, 4, 1, 0.862257, 1, 0.750891, 0.860613, 184, 0
90, 620, 601, 17326248, 8, 118, 176, 115, 130, 172, 0.967482, 0.757493, 1, 1, 0.791994, 184, 0
130, 676, 601, 17326248, 8, 94, 118, 37, 115, 148, 0.965614, 0.967482, 1, 1, 0.933954, 184, 0
172, 598, 705, 17326248, 8, 138, 6, 176, 4, 82, 1, 0.96763, 1, 1, 1, 184, 1
115, 731, 598, 17326249, 8, 94, 37, 118, 176, 84, 0.751033, 1, 0.792422, 0.634404, 1, 184, 1
4, 601, 783, 17326590, 9, 138, 176, 6, 118, 94, 1, 1, 0.474421, 0.604043, 0.429146, 184, 0
176, 690, 798, 17326590, 9, 184, 6, 51, 138, 140, 0.946851, 1, 1, 1, 1, 184, 0
95, 221, 801, 17329907, 7, 3, 188, 123, 197, 163, 0.965379, 0.964669, 1, 0.859679, 0.966729, 184, 0
159, 254, 801, 17329907, 7, 197, 79, 3, 188, 123, 1, 0.962361, 1, 1, 1, 184, 0
163, 305, 801, 17329907, 7, 128, 52, 79, 197, 3, 0.945651, 1, 0.966228, 1, 1, 184, 0
123, 329, 798, 17329907, 7, 33, 52, 79, 197, 3, 0.905735, 1, 1, 1, 0.965379, 184, 1
197, 370, 801, 17330248, 8, 82, 128, 33, 52, 31, 0.860824, 1, 0.969317, 1, 0.969264, 184, 0
3, 377, 798, 17330248, 8, 128, 33, 52, 31, 79, 1, 0.905642, 1, 0.969264, 1, 184, 0
79, 401, 771, 17330248, 8, 4, 172, 148, 128, 33, 1, 1, 1, 1, 0.81893, 184, 0
52, 398, 837, 17330248, 8, 82, 128, 139, 167, 33, 0.840989, 1, 0.858908, 0.857823, 0.81893, 184, 0
33, 440, 801, 17330248, 8, 82, 193, 172, 176, 148, 1, 1, 1, 0.861886, 0.966915, 184, 1
84, 774, 598, 17330590, 9, 94, 118, 37, 176, 138, 0.842111, 0.721291, 0.818907, 0.60128, 0.474958, 184, 0
37, 798, 635, 17330590, 9, 94, 138, 118, 155, 176, 1, 0.964982, 1, 0.861386, 0.90192, 184, 0
82, 578, 798, 17330590, 9, 176, 4, 138, 36, 6, 0.861854, 0.964661, 0.428881, 0.435591, 0.120121, 184, 1
193, 598, 740, 17330590, 9, 138, 176, 6, 4, 184, 1, 1, 0.859714, 1, 0.410654, 184, 0
118, 801, 734, 17330590, 9, 74, 6, 138, 94, 51, 1, 0.927658, 1, 1, 0.722289, 184, 0
4, 601, 783, 17330931, 10, 138, 176, 6, 118, 94, 1, 1, 0.474095, 0.603252, 0.428946, 184, 0
176, 690, 798, 17330931, 10, 184, 6, 51, 138, 140, 0.946073, 1, 1, 1, 1, 184, 1
6, 780, 798, 17330932, 10, 184, 74, 120, 10000000, 10000000, 1, 0.819885, 0.751837, 0, 0, 184, 0
138, 746, 798, 17331272, 11, 120, 184, 74, 6, 51, 0.96108, 0.857895, 0.956488, 1, 1, 184, 0
6, 780, 798, 17331273, 11, 184, 74, 120, 10000000, 10000000, 1, 0.819847, 0.75181, 0, 0, 184, 0
140, 866, 801, 17331273, 11, 184, 74, 51, 6, 120, 0.958104, 0.923999, 1, 0.927511, 0.631901, 184, 0
118, 801, 734, 17334931, 10, 74, 6, 138, 94, 51, 1, 0.926725, 1, 1, 0.721912, 184, 0
94, 801, 772, 17334931, 10, 184, 120, 74, 6, 51, 0.964754, 1, 1, 1, 0.956245, 184, 0
6, 780, 798, 17335272, 11, 184, 74, 120, 10000000, 10000000, 1, 0.819399, 0.751487, 0, 0, 184, 0
51, 839, 801, 17335273, 11, 184, 120, 74, 69, 6, 1, 0.960695, 0.790231, 0.538433, 1, 184, 0
74, 798, 825, 17335273, 11, 184, 120, 10000000, 10000000, 10000000, 1, 1, 0, 0, 0, 184, 0
120, 801, 930, 17335273, 11, 184, 10000000, 10000000, 10000000, 10000000, 1, 0, 0, 0, 0, 184, 0
74, 798, 825, 17335614, 12, 184, 120, 10000000, 10000000, 10000000, 1, 1, 0, 0, 0, 184, 0
120, 801, 930, 17335614, 12, 184, 10000000, 10000000, 10000000, 10000000, 1, 0, 0, 0, 0, 184, 0
120, 801, 930, 17339955, 13, 184, 10000000, 10000000, 10000000, 10000000, 1, 0, 0, 0, 0, 184, 0
154, 201, 740, 17341907, 7, 163, 123, 159, 95, 182, 1, 0.948321, 0.942499, 1, 1, 184, 0
67, 201, 786, 17341907, 7, 123, 163, 3, 159, 95, 1, 1, 0.857011, 0.949444, 0.839692, 184, 0
95, 221, 801, 17346248, 8, 3, 188, 123, 197, 163, 0.96369, 0.962983, 1, 0.858172, 0.965035, 184, 0
159, 254, 801, 17346248, 8, 197, 3, 79, 188, 123, 1, 1, 0.960473, 1, 1, 184, 0
163, 304, 801, 17346248, 8, 128, 52, 79, 197, 3, 0.942738, 1, 0.964536, 1, 1, 184, 0
123, 329, 798, 17346248, 8, 33, 52, 79, 197, 3, 0.901288, 1, 1, 1, 0.96369, 184, 0
197, 370, 801, 17346589, 9, 82, 128, 33, 52, 31, 0.859313, 1, 0.967614, 1, 0.967561, 184, 0
3, 377, 798, 17346589, 9, 128, 33, 52, 31, 79, 1, 0.901196, 1, 0.967561, 1, 184, 0
79, 401, 771, 17346589, 9, 4, 172, 148, 128, 33, 1, 1, 1, 1, 0.817108, 184, 0
52, 398, 837, 17346589, 9, 82, 128, 139, 167, 33, 0.839341, 1, 0.857404, 0.856323, 0.817108, 184, 0
33, 439, 801, 17346590, 9, 82, 193, 172, 176, 148, 1, 1, 1, 0.860371, 0.965221, 184, 0
82, 579, 798, 17346931, 10, 176, 4, 138, 36, 6, 0.86034, 0.962764, 0.428131, 0.432512, 0.119886, 184, 0
193, 598, 740, 17346931, 10, 138, 176, 6, 4, 184, 1, 1, 0.858207, 1, 0.409738, 184, 0
4, 601, 783, 17347272, 11, 138, 176, 6, 118, 94, 1, 1, 0.472874, 0.600293, 0.428196, 184, 0
176, 690, 798, 17347272, 11, 184, 6, 51, 138, 140, 0.943157, 1, 1, 1, 1, 184, 0
138, 746, 798, 17347614, 12, 120, 184, 74, 6, 51, 0.958928, 0.856395, 0.954357, 1, 1, 184, 0
6, 780, 798, 17347614, 12, 184, 74, 120, 10000000, 10000000, 1, 0.81802, 0.750493, 0, 0, 184, 0
51, 839, 801, 17347614, 12, 184, 120, 74, 69, 6, 1, 0.959273, 0.788693, 0.537719, 1, 184, 0
74, 798, 825, 17351955, 13, 184, 120, 10000000, 10000000, 10000000, 1, 1, 0, 0, 0, 184, 0
120, 801, 930, 17356296, 14, 184, 10000000, 10000000, 10000000, 10000000, 1, 0, 0, 0, 0, 184, 0
163, 304, 801, 17362589, 9, 128, 52, 79, 197, 3, 0.939842, 1, 0.96285, 1, 1, 184, 0
123, 329, 798, 17362589, 9, 52, 33, 79, 197, 3, 1, 0.896885, 1, 1, 0.962006, 184, 0
188, 343, 801, 17362589, 9, 128, 52, 82, 31, 33, 0.840934, 1, 0.750609, 1, 0.839848, 184, 0
3, 377, 798, 17362589, 9, 128, 33, 52, 31, 79, 1, 0.896885, 1, 0.965899, 1, 184, 0
79, 401, 771, 17362930, 10, 4, 172, 148, 128, 33, 1, 1, 1, 1, 0.815294, 184, 0
52, 398, 837, 17362931, 10, 82, 128, 139, 167, 33, 0.8377, 1, 0.855904, 0.854828, 0.815293, 184, 0
33, 439, 801, 17362931, 10, 82, 193, 172, 176, 148, 1, 1, 1, 0.858862, 0.963532, 184, 0
128, 461, 801, 17362931, 10, 4, 193, 176, 82, 172, 1, 1, 0.858862, 1, 1, 184, 0
82, 579, 798, 17363272, 11, 176, 4, 138, 36, 6, 0.85883, 0.960875, 0.427383, 0.429477, 0.119651, 184, 0
4, 601, 783, 17363272, 11, 138, 176, 6, 118, 94, 1, 1, 0.471684, 0.597424, 0.427464, 184, 0
193, 598, 740, 17363272, 11, 138, 176, 6, 4, 184, 1, 1, 0.856706, 1, 0.408825, 184, 0
172, 598, 704, 17363272, 11, 138, 6, 176, 4, 82, 1, 0.963794, 1, 1, 1, 184, 0
176, 690, 798, 17363613, 12, 184, 6, 51, 138, 140, 0.940259, 1, 1, 1, 1, 184, 0
138, 746, 798, 17367955, 13, 120, 184, 74, 6, 51, 0.956263, 0.854534, 0.951718, 1, 1, 184, 0
6, 780, 798, 17367955, 13, 184, 74, 120, 10000000, 10000000, 1, 0.815758, 0.748859, 0, 0, 184, 0
140, 865, 801, 17367955, 13, 184, 74, 51, 6, 120, 0.953317, 0.916236, 1, 0.919688, 0.62826, 184, 0
74, 798, 825, 17372296, 14, 184, 120, 10000000, 10000000, 10000000, 1, 1, 0, 0, 0, 184, 0
120, 801, 931, 17372296, 14, 184, 10000000, 10000000, 10000000, 10000000, 1, 0, 0, 0, 0, 184, 0
120, 801, 931, 17376637, 15, 184, 10000000, 10000000, 10000000, 10000000, 1, 0, 0, 0, 0, 184, 0
56, 189, 198, 18299999, 1, 119, 189, 27, 177, 165, 0.963115, 0.919673, 0.919916, 1, 0.949178, 120, 0
165, 198, 286, 18300200, 2, 45, 195, 135, 18, 186, 0.863275, 0.970242, 0.862245, 1, 0.864726, 120, 0
177, 293, 201, 18300200, 2, 104, 180, 49, 105, 27, 1, 0.968439, 0.970259, 0.860958, 1, 120, 1
27, 390, 198, 18312541, 3, 53, 41, 196, 175, 109, 1, 0.844405, 1, 1, 0.928081, 120, 0
104, 398, 232, 18312541, 3, 41, 53, 45, 135, 105, 1, 0.860705, 0.862127, 0.753462, 1, 120, 1
49, 420, 201, 18312541, 3, 150, 88, 45, 105, 196, 0.859075, 1, 0.782413, 1, 1, 120, 0
41, 401, 390, 18312883, 4, 117, 24, 131, 53, 47, 1, 0.79481, 0.956537, 0.963546, 0.107423, 120, 1
45, 385, 398, 18312883, 4, 131, 53, 24, 20, 10000000, 0.913894, 1, 0.566229, 0.137562, 0, 120, 0
105, 561, 198, 18312883, 4, 81, 131, 157, 47, 150, 1, 1, 1, 1, 0.793516, 120, 1
135, 362, 398, 18312883, 4, 24, 131, 53, 45, 41, 1, 1, 0.932557, 1, 0.75286, 120, 0
53, 417, 401, 18313224, 5, 179, 24, 85, 131, 117, 0.873134, 1, 0.753198, 1, 0.548894, 120, 1
131, 445, 401, 18313224, 5, 179, 117, 111, 85, 96, 1, 0.969541, 1, 1, 0.774455, 120, 0
24, 587, 398, 18313224, 5, 179, 21, 170, 111, 117, 1, 0.754057, 1, 1, 0.82334, 120, 1
117, 598, 446, 18317566, 6, 96, 21, 130, 90, 179, 1, 0.969048, 0.846077, 0.859501, 1, 120, 0
111, 651, 401, 18317566, 6, 96, 84, 133, 87, 58, 1, 0.866147, 0.725713, 0.968776, 1, 120, 0
179, 598, 497, 18317566, 6, 115, 130, 19, 90, 21, 1, 1, 1, 0.966938, 1, 120, 1
170, 707, 401, 18317566, 6, 133, 84, 179, 87, 117, 0.967617, 0.700046, 0.906767, 1, 0.948295, 120, 0
21, 601, 587, 18317566, 6, 172, 115, 148, 130, 84, 1, 1, 1, 1, 0.753246, 120, 0
21, 601, 587, 18317907, 7, 172, 115, 148, 130, 84, 1, 1, 1, 1, 0.753219, 120, 0
90, 612, 601, 18317907, 7, 118, 115, 148, 172, 37, 0.859685, 1, 1, 0.821373, 0.75413, 120, 0
19, 598, 604, 18317907, 7, 193, 172, 176, 115, 148, 1, 1, 0.75438, 1, 1, 120, 0
130, 665, 601, 18317907, 7, 94, 118, 193, 37, 115, 0.967766, 0.859685, 1, 1, 1, 120, 1
115, 743, 598, 18322248, 8, 118, 94, 176, 37, 6, 0.821269, 0.752356, 0.684826, 1, 0.429342, 120, 0
37, 798, 622, 18322249, 8, 94, 138, 118, 140, 155, 1, 0.965475, 1, 0.750947, 0.75209, 120, 0
193, 598, 726, 18322249, 8, 138, 176, 6, 4, 82, 1, 1, 0.751348, 1, 1, 120, 1
131, 445, 401, 18325565, 6, 179, 117, 111, 85, 96, 1, 0.968254, 1, 1, 0.767124, 120, 0
117, 598, 446, 18325565, 6, 96, 21, 130, 90, 179, 1, 0.968214, 0.84526, 0.858763, 1, 120, 0
47, 598, 213, 18329224, 5, 35, 107, 24, 81, 150, 0.751749, 0.751987, 0.753243, 0.723161, 1, 120, 0
150, 598, 253, 18329224, 5, 117, 85, 107, 111, 24, 1, 1, 0.96684, 0.96466, 1, 120, 0
157, 668, 201, 18329224, 5, 24, 111, 113, 40, 150, 1, 0.93342, 0.858827, 1, 0.946005, 120, 0
4, 601, 790, 18330590, 9, 74, 138, 176, 94, 6, 1, 1, 1, 0.695207, 0.545888, 120, 0
82, 587, 798, 18330590, 9, 176, 118, 36, 4, 138, 0.965053, 1, 0.606845, 0.968464, 0.476892, 120, 0
176, 703, 798, 18330590, 9, 184, 51, 6, 138, 74, 0.954705, 1, 1, 1, 0.750705, 120, 0
138, 759, 798, 18330590, 9, 184, 120, 74, 51, 6, 1, 0.845125, 0.961798, 1, 1, 120, 1
6, 787, 798, 18330931, 10, 184, 120, 69, 127, 74, 1, 0.965818, 0.750776, 0.76595, 0.841539, 120, 0
74, 798, 812, 18330931, 10, 120, 184, 69, 80, 1, 1, 1, 0.965283, 1, 0.842541, 120, 0
51, 828, 801, 18330931, 10, 184, 120, 74, 69, 142, 1, 0.965358, 0.819345, 0.429015, 0.321715, 120, 0
184, 801, 910, 18330932, 10, 120, 10000000, 10000000, 10000000, 10000000, 1, 0, 0, 0, 0, 120, 0
179, 598, 496, 18333907, 7, 115, 130, 19, 90, 21, 1, 1, 1, 0.965244, 1, 120, 0
21, 601, 588, 18333907, 7, 172, 115, 148, 130, 84, 1, 1, 1, 1, 0.751924, 120, 0
96, 584, 598, 18333907, 7, 193, 172, 84, 148, 115, 1, 1, 1, 1, 0.962927, 120, 0
130, 664, 601, 18333907, 7, 94, 118, 193, 37, 115, 0.966104, 0.858209, 1, 1, 1, 120, 0
115, 743, 598, 18334248, 8, 118, 94, 176, 37, 6, 0.819922, 0.751387, 0.683702, 1, 0.428789, 120, 0
84, 784, 598, 18334249, 8, 94, 118, 37, 176, 138, 0.858728, 0.643633, 0.840286, 0.461905, 0.409836, 120, 0
150, 598, 253, 18337565, 6, 117, 85, 107, 111, 24, 1, 1, 0.965975, 0.963691, 1, 120, 0
40, 798, 225, 18337566, 6, 58, 35, 113, 190, 170, 1, 0.960627, 1, 0.859356, 0.857472, 120, 0
117, 598, 446, 18337906, 7, 96, 21, 130, 90, 179, 1, 0.966931, 0.844002, 0.857626, 1, 120, 0
37, 798, 622, 18338590, 9, 94, 138, 118, 140, 155, 1, 0.963785, 1, 0.749633, 0.750772, 120, 0
118, 801, 746, 18338590, 9, 74, 138, 6, 94, 140, 1, 1, 0.939861, 1, 0.84228, 120, 0
94, 801, 784, 18338931, 10, 120, 184, 74, 6, 51, 1, 1, 1, 1, 0.961042, 120, 0
6, 787, 798, 18338931, 10, 184, 120, 69, 127, 74, 1, 0.964886, 0.750132, 0.761285, 0.84073, 120, 0
74, 798, 812, 18338931, 10, 120, 184, 69, 80, 1, 1, 1, 0.964455, 1, 0.84173, 120, 0
138, 759, 798, 18338931, 10, 184, 120, 74, 51, 6, 1, 0.844275, 0.960834, 1, 1, 120, 0
140, 853, 801, 18338931, 10, 184, 142, 120, 69, 74, 0.96226, 1, 0.681406, 0.71957, 0.936915, 120, 0
184, 801, 910, 18339272, 11, 120, 10000000, 10000000, 10000000, 10000000, 1, 0, 0, 0, 0, 120, 0
69, 801, 987, 18339273, 11, 120, 184, 10000000, 10000000, 10000000, 1, 1, 0, 0, 0, 120, 0
179, 598, 496, 18342248, 8, 115, 130, 19, 90, 21, 1, 1, 1, 0.964381, 1, 120, 0
193, 598, 726, 18342249, 8, 138, 176, 6, 4, 82, 1, 1, 0.749738, 1, 1, 120, 0
94, 801, 784, 18342249, 8, 120, 184, 74, 6, 51, 1, 1, 1, 1, 0.960659, 120, 0
6, 787, 798, 18342590, 9, 184, 120, 69, 127, 74, 1, 0.96446, 0.749838, 0.75917, 0.840361, 120, 0
74, 798, 812, 18342590, 9, 120, 184, 69, 80, 1, 1, 1, 0.964077, 1, 0.84136, 120, 0
51, 828, 801, 18342590, 9, 184, 120, 74, 69, 142, 1, 0.964153, 0.818043, 0.428479, 0.321313, 120, 0
184, 801, 910, 18342590, 9, 120, 10000000, 10000000, 10000000, 10000000, 1, 0, 0, 0, 0, 120, 0
113, 801, 362, 18349907, 7, 133, 87, 58, 76, 190, 1, 1, 1, 1, 1, 120, 0
58, 801, 410, 18349907, 7, 146, 133, 87, 10000000, 10000000, 1, 0.921415, 0.789853, 0, 0, 120, 0
87, 798, 415, 18350248, 8, 84, 133, 146, 130, 90, 0.952573, 1, 0.682422, 0.644492, 0.64237, 120, 0
133, 798, 464, 18350248, 8, 130, 37, 70, 84, 146, 0.966738, 0.838676, 0.859155, 0.857836, 0.857872, 120, 0
111, 651, 401, 18353907, 7, 96, 84, 133, 87, 58, 1, 0.852726, 0.722537, 0.965001, 1, 120, 0
70, 820, 601, 18354590, 9, 140, 94, 118, 37, 57, 1, 1, 1, 1, 0.463751, 120, 0
146, 842, 601, 18354590, 9, 138, 118, 94, 140, 37, 1, 1, 0.598784, 0.534536, 0.816988, 120, 0
37, 798, 622, 18362931, 10, 94, 138, 118, 140, 155, 1, 0.961279, 1, 0.747684, 0.748817, 120, 0
87, 798, 415, 18366248, 8, 84, 133, 146, 130, 90, 0.950503, 1, 0.680935, 0.643386, 0.641271, 120, 0
58, 801, 411, 18366248, 8, 146, 133, 87, 10000000, 10000000, 1, 0.917959, 0.787819, 0, 0, 120, 0
118, 801, 747, 18375272, 11, 74, 138, 6, 94, 140, 1, 1, 0.933425, 1, 0.838579, 120, 0
94, 801, 785, 18375272, 11, 120, 184, 74, 6, 51, 1, 1, 1, 1, 0.956864, 120, 0
138, 760, 798, 18375273, 11, 184, 120, 74, 51, 6, 1, 0.840591, 0.956659, 1, 1, 120, 0
6, 788, 798, 18375614, 12, 184, 120, 69, 74, 127, 1, 0.960636, 0.747195, 0.837042, 0.740602, 120, 0
74, 798, 811, 18375614, 12, 120, 184, 69, 80, 1, 1, 1, 0.960679, 1, 0.838034, 120, 0
51, 827, 801, 18375614, 12, 184, 120, 74, 69, 142, 1, 0.960754, 0.814376, 0.426968, 0.320181, 120, 0
184, 801, 910, 18375614, 12, 120, 10000000, 10000000, 10000000, 10000000, 1, 0, 0, 0, 0, 120, 0
133, 798, 464, 18378590, 9, 130, 37, 70, 84, 146, 0.963804, 0.835837, 0.856548, 0.855237, 0.855272, 120, 0
84, 784, 598, 18382931, 10, 94, 118, 37, 176, 138, 0.854264, 0.64029, 0.835404, 0.456769, 0.407128, 120, 0
70, 820, 601, 18382931, 10, 140, 94, 118, 37, 57, 1, 1, 1, 1, 0.460724, 120, 0
146, 842, 601, 18382931, 10, 138, 118, 94, 140, 37, 1, 1, 0.596759, 0.532921, 0.813848, 120, 0
130, 664, 601, 18382931, 10, 94, 118, 193, 37, 115, 0.961047, 0.853719, 1, 1, 1, 120, 0
115, 744, 598, 18383272, 11, 118, 94, 176, 37, 6, 0.814466, 0.747454, 0.679149, 1, 0.426548, 120, 0
37, 798, 622, 18383273, 11, 94, 138, 118, 140, 155, 1, 0.959195, 1, 0.746063, 0.747191, 120, 0
193, 598, 725, 18383273, 11, 138, 176, 6, 4, 82, 1, 1, 0.746458, 1, 1, 120, 0
184, 801, 910, 18383955, 13, 120, 10000000, 10000000, 10000000, 10000000, 1, 0, 0, 0, 0, 120, 0
37, 798, 622, 18391272, 11, 94, 138, 118, 140, 155, 1, 0.958378, 1, 0.745427, 0.746554, 120, 0
4, 601, 790, 18391614, 12, 74, 138, 176, 94, 6, 1, 1, 1, 0.685513, 0.54138, 120, 0
82, 587, 798, 18391614, 12, 176, 118, 36, 4, 138, 0.958001, 1, 0.595813, 0.962146, 0.47231, 120, 0
176, 704, 798, 18391614, 12, 184, 51, 6, 138, 74, 0.945524, 1, 1, 1, 0.742205, 120, 0
6, 788, 798, 18391614, 12, 184, 120, 69, 74, 127, 1, 0.958794, 0.745921, 0.835444, 0.731929, 120, 0
94, 801, 785, 18395614, 12, 120, 184, 74, 6, 51, 1, 1, 1, 1, 0.954542, 120, 0
138, 760, 798, 18395614, 12, 184, 120, 74, 51, 6, 1, 0.838542, 0.954337, 1, 1, 120, 0
140, 852, 801, 18395614, 12, 184, 142, 120, 69, 74, 0.955744, 1, 0.676183, 0.714712, 0.927068, 120, 0
6, 788, 798, 18395955, 13, 184, 120, 69, 74, 127, 1, 0.958295, 0.745576, 0.835011, 0.729611, 120, 0
74, 798, 811, 18395955, 13, 120, 184, 69, 80, 1, 1, 1, 0.958598, 1, 0.835998, 120, 0
51, 827, 801, 18395955, 13, 184, 120, 74, 69, 142, 1, 0.958672, 0.812134, 0.426043, 0.319487, 120, 0
6, 788, 798, 18399955, 13, 184, 120, 69, 74, 127, 1, 0.957836, 0.745258, 0.834613, 0.727488, 120, 0
74, 798, 811, 18399955, 13, 120, 184, 69, 80, 1, 1, 1, 0.958189, 1, 0.835599, 120, 0
51, 827, 801, 18399956, 13, 184, 120, 74, 69, 142, 1, 0.958264, 0.811694, 0.425862, 0.319351, 120, 0
184, 801, 910, 18399956, 13, 120, 10000000, 10000000, 10000000, 10000000, 1, 0, 0, 0, 0, 120, 0
160, 152, 198, 19299999, 1, 177, 189, 141, 137, 119, 1, 0.881853, 1, 1, 0.794354, 138, 0
137, 198, 228, 19300200, 2, 18, 119, 23, 189, 135, 1, 1, 0.968301, 1, 0.752719, 138, 0
141, 241, 201, 19300200, 2, 104, 27, 189, 23, 194, 0.97145, 1, 1, 0.860712, 1, 138, 0
177, 280, 201, 19300200, 2, 104, 49, 27, 119, 180, 1, 0.971211, 1, 1, 0.864813, 138, 1
189, 198, 320, 19300200, 2, 135, 186, 45, 195, 53, 1, 0.96976, 0.864675, 1, 0.783502, 138, 0
119, 201, 371, 19300200, 2, 135, 195, 186, 18, 45, 0.967781, 0.968399, 0.754258, 0.8627, 0.540422, 138, 1
27, 392, 198, 19300541, 3, 45, 41, 53, 105, 196, 1, 0.862268, 0.783293, 0.940241, 0.922301, 138, 0
49, 412, 201, 19300541, 3, 135, 150, 86, 105, 88, 1, 0.964072, 1, 1, 0.96952, 138, 1
88, 593, 200, 19304883, 4, 150, 124, 24, 157, 47, 1, 1, 0.569391, 1, 1, 138, 1
18, 210, 401, 19316541, 3, 135, 45, 186, 195, 149, 1, 0.971044, 1, 1, 0.846563, 138, 1
195, 201, 479, 19316541, 3, 45, 10, 135, 149, 34, 0.86315, 1, 0.858741, 1, 0.904765, 138, 0
135, 374, 398, 19316542, 3, 24, 131, 53, 41, 45, 0.873836, 1, 0.944654, 1, 1, 138, 1
45, 391, 398, 19316883, 4, 131, 53, 41, 24, 20, 0.933129, 1, 1, 0.476024, 0.120869, 138, 0
41, 401, 403, 19316883, 4, 117, 24, 131, 53, 10000000, 1, 0.685419, 0.961984, 0.967489, 0, 138, 0
53, 410, 401, 19316883, 4, 24, 85, 179, 117, 131, 0.969584, 0.753581, 0.607117, 0.60306, 1, 138, 0
131, 432, 401, 19316883, 4, 179, 117, 85, 24, 111, 1, 0.964896, 0.96889, 1, 0.871192, 138, 1
47, 598, 206, 19321224, 5, 81, 24, 107, 35, 150, 0.753587, 0.753768, 0.64674, 0.644361, 1, 138, 0
150, 598, 239, 19321224, 5, 190, 85, 111, 117, 24, 1, 1, 0.969297, 0.929883, 1, 138, 1
157, 656, 201, 19321224, 5, 35, 24, 111, 113, 40, 1, 1, 0.757961, 0.751587, 0.966878, 138, 0
24, 591, 398, 19321224, 5, 179, 58, 21, 87, 190, 1, 1, 0.723466, 1, 0.880248, 138, 0
85, 598, 410, 19321224, 5, 96, 179, 21, 84, 115, 0.969844, 1, 0.751999, 0.645728, 0.601801, 138, 1
124, 757, 198, 19321225, 5, 113, 107, 58, 40, 150, 0.954411, 0.604061, 0.604246, 0.949758, 0.858817, 138, 1
24, 591, 398, 19321566, 6, 179, 58, 21, 87, 190, 1, 1, 0.723436, 1, 0.880115, 138, 0
111, 638, 401, 19321566, 6, 96, 84, 87, 133, 21, 0.762925, 0.603668, 1, 0.754983, 0.635085, 138, 0
117, 598, 434, 19321566, 6, 21, 90, 96, 130, 179, 1, 0.965778, 1, 0.862303, 1, 138, 0
40, 798, 213, 19325566, 6, 58, 35, 113, 190, 170, 0.967755, 0.966091, 1, 0.753525, 0.753006, 138, 1
195, 201, 479, 19328882, 4, 45, 10, 135, 149, 186, 0.862002, 1, 0.857605, 1, 1, 138, 0
186, 201, 523, 19328883, 4, 45, 65, 135, 10, 149, 0.969753, 0.969567, 0.857605, 1, 1, 138, 1
135, 374, 398, 19328883, 4, 24, 131, 53, 41, 45, 0.86915, 1, 0.942457, 1, 1, 138, 1
149, 201, 568, 19328883, 4, 20, 65, 45, 10, 154, 1, 1, 0.754252, 1, 0.215205, 138, 0
45, 391, 398, 19329224, 5, 131, 53, 41, 24, 20, 0.93045, 1, 1, 0.475093, 0.120689, 138, 0
41, 401, 403, 19329224, 5, 117, 24, 131, 53, 10000000, 1, 0.684261, 0.960355, 0.966047, 0, 138, 0
53, 410, 401, 19329224, 5, 24, 85, 179, 117, 131, 0.968296, 0.752582, 0.604851, 0.602164, 1, 138, 1
131, 432, 401, 19329224, 5, 179, 117, 85, 24, 111, 1, 0.963462, 0.967605, 1, 0.866534, 138, 0
179, 598, 485, 19329566, 6, 115, 130, 90, 19, 21, 1, 1, 1, 1, 1, 138, 1
21, 601, 592, 19333907, 7, 193, 115, 172, 148, 130, 1, 1, 1, 1, 1, 138, 0
19, 600, 601, 19333907, 7, 193, 115, 172, 148, 130, 1, 1, 1, 1, 1, 138, 0
130, 653, 601, 19333907, 7, 94, 118, 37, 115, 146, 0.857489, 0.751456, 1, 1, 1, 138, 1
149, 201, 568, 19337224, 5, 20, 65, 45, 10, 154, 1, 1, 0.753575, 1, 0.215012, 138, 0
10, 198, 579, 19337224, 5, 154, 67, 20, 65, 95, 1, 0.964876, 1, 0.957041, 0.547738, 138, 0
65, 201, 609, 19337224, 5, 16, 20, 154, 45, 67, 0.776621, 1, 0.537529, 0.538268, 0.119966, 138, 1
131, 432, 401, 19337565, 6, 179, 117, 85, 24, 111, 1, 0.962495, 0.966738, 1, 0.863414, 138, 0
85, 598, 410, 19337565, 6, 96, 179, 21, 84, 115, 0.968139, 1, 0.750681, 0.644595, 0.60062, 138, 1
190, 722, 401, 19337907, 7, 133, 58, 130, 87, 179, 1, 1, 0.480523, 1, 0.436251, 138, 0
115, 755, 598, 19338248, 8, 118, 138, 94, 176, 37, 0.841167, 0.754562, 0.642818, 0.601169, 1, 138, 0
37, 798, 612, 19338249, 8, 94, 118, 138, 140, 51, 0.964226, 1, 0.858535, 0.820204, 0.750782, 138, 1
146, 830, 601, 19338249, 8, 118, 6, 138, 140, 94, 0.961334, 0.858172, 0.756118, 0.602413, 0.535681, 138, 0
20, 210, 601, 19341565, 6, 79, 154, 67, 123, 16, 0.642766, 1, 0.75011, 0.462637, 0.361149, 138, 1
179, 598, 484, 19341907, 7, 115, 130, 90, 19, 21, 1, 1, 1, 1, 1, 138, 0
96, 590, 598, 19341907, 7, 193, 172, 115, 148, 130, 1, 1, 0.96608, 1, 1, 138, 1
148, 598, 645, 19342248, 8, 176, 4, 138, 193, 6, 0.967601, 1, 0.750896, 1, 0.644246, 138, 0
130, 653, 601, 19342248, 8, 94, 118, 37, 115, 146, 0.856723, 0.750784, 1, 1, 1, 138, 0
172, 598, 676, 19342248, 8, 138, 176, 6, 4, 82, 0.965438, 1, 0.75162, 1, 1, 138, 1
82, 593, 798, 19346590, 9, 176, 118, 138, 4, 10000000, 0.967149, 0.754895, 0.54744, 1, 0, 138, 0
118, 801, 758, 19346590, 9, 138, 6, 74, 94, 10000000, 1, 0.948177, 1, 1, 0, 138, 1
94, 802, 794, 19350931, 10, 138, 6, 74, 10000000, 10000000, 0.959614, 1, 1, 0, 0, 138, 0
74, 798, 798, 19350931, 10, 138, 6, 10000000, 10000000, 10000000, 1, 0.83854, 0, 0, 0, 138, 0
6, 791, 798, 19350931, 10, 138, 10000000, 10000000, 10000000, 10000000, 1, 0, 0, 0, 0, 138, 0
146, 830, 601, 19358590, 9, 118, 6, 138, 140, 94, 0.95899, 0.850746, 0.744665, 0.60094, 0.534516, 138, 0
94, 802, 794, 19374932, 10, 138, 6, 74, 10000000, 10000000, 0.956859, 1, 1, 0, 0, 138, 0
74, 798, 797, 19391273, 11, 138, 6, 10000000, 10000000, 10000000, 1, 0.834507, 0, 0, 0, 138, 0
6, 791, 798, 19391273, 11, 138, 10000000, 10000000, 10000000, 10000000, 1, 0, 0, 0, 0, 138, 0
