source_id,source_x,source_y,time,hop,pri_1_id,pri_2_id,pri_3_id,pri_4_id,pri_5_id,pri_1_r,pri_2_r,pri_3_r,pri_4_r,pri_5_r,des_id,send_log
160, 1, 41, 10299999, 1, 379, 11, 165, 346, 8, 1, 1, 0.724417, 0.638676, 0.971568, 69, 0
11, 1, 81, 10300200, 2, 379, 346, 165, 150, 98, 1, 0.91883, 0.965867, 1, 0.761881, 69, 0
8, 79, -1, 10300200, 2, 199, 216, 330, 270, 29, 1, 0.879947, 0.970865, 0.863529, 0.933718, 69, 1
165, -1, 151, 10300200, 2, 17, 32, 129, 176, 216, 1, 0.971396, 0.795315, 1, 0.970291, 69, 0
346, 1, 212, 10300200, 2, 191, 129, 56, 32, 216, 1, 0.9212, 1, 1, 1, 69, 0
379, 1, 212, 10300200, 2, 174, 17, 56, 32, 60, 0.910913, 0.931452, 1, 1, 0.791, 69, 1
32, 1, 282, 10300601, 3, 305, 83, 344, 129, 282, 1, 1, 1, 1, 0.843366, 69, 0
56, 82, 198, 10300601, 3, 23, 13, 83, 199, 238, 0.955434, 0.877023, 0.783115, 1, 0.846628, 69, 1
174, -1, 355, 10300602, 3, 262, 157, 23, 268, 110, 1, 1, 1, 1, 1, 69, 1
110, 61, 398, 10300873, 4, 311, 157, 262, 205, 399, 1, 0.864166, 0.755998, 0.603094, 0.646466, 69, 1
238, 181, 201, 10308802, 4, 193, 13, 23, 197, 27, 1, 1, 1, 0.875017, 0.971746, 69, 0
199, 198, 153, 10308802, 4, 71, 314, 23, 27, 118, 1, 0.874261, 0.971395, 0.971746, 0.782396, 69, 1
270, 182, 1, 10316400, 3, 199, 98, 7, 62, 123, 1, 0.966666, 1, 0.874365, 1, 69, 0
330, 212, -1, 10316400, 3, 98, 238, 7, 123, 62, 1, 0.769162, 1, 1, 0.843842, 69, 1
29, -1, 115, 10316400, 3, 238, 216, 32, 176, 284, 0.86637, 1, 0.969701, 0.971233, 1, 69, 0
157, 156, 401, 10317073, 5, 65, 45, 188, 205, 274, 1, 0.969776, 1, 1, 1, 69, 1
399, 198, 387, 10317073, 5, 18, 45, 65, 188, 205, 0.916225, 0.969776, 1, 1, 1, 69, 0
27, 278, 198, 10321002, 5, 18, 311, 378, 118, 41, 1, 0.764925, 0.757195, 0.603205, 0.546866, 69, 0
71, 323, 201, 10321002, 5, 335, 224, 41, 118, 356, 1, 1, 1, 1, 1, 69, 1
118, 401, 245, 10321003, 5, 53, 395, 279, 144, 166, 1, 0.930947, 0.870827, 0.760052, 0.721455, 69, 0
274, 219, 398, 10321273, 6, 276, 18, 222, 45, 278, 1, 0.95597, 0.864355, 0.969338, 0.753451, 69, 0
205, 201, 446, 10321273, 6, 302, 18, 45, 65, 276, 0.870414, 1, 0.969338, 1, 0.633862, 69, 0
188, 248, 398, 10321273, 6, 189, 335, 168, 45, 388, 1, 0.721845, 0.697906, 0.969338, 0.637535, 69, 1
65, 201, 486, 10321273, 6, 339, 107, 113, 222, 18, 1, 0.685829, 0.963194, 0.791987, 0.75413, 69, 1
356, 412, 198, 10321325, 6, 41, 372, 335, 122, 118, 1, 0.776208, 0.785706, 0.870825, 1, 69, 0
118, 401, 245, 10321326, 6, 53, 395, 279, 144, 166, 1, 0.930877, 0.870705, 0.759866, 0.721427, 69, 0
41, 401, 288, 10321326, 6, 166, 144, 395, 339, 116, 1, 0.878397, 1, 0.916659, 1, 69, 0
224, 398, 375, 10321326, 6, 286, 115, 53, 104, 24, 1, 1, 1, 1, 0.967941, 69, 1
113, 198, 532, 10321584, 7, 20, 107, 217, 67, 210, 0.931919, 1, 1, 0.970697, 0.966625, 69, 0
222, 198, 564, 10321584, 7, 107, 115, 67, 210, 276, 1, 0.776792, 1, 1, 1, 69, 0
18, 312, 401, 10321584, 7, 104, 24, 107, 166, 388, 1, 1, 1, 0.968212, 1, 69, 0
123, 201, 50, 10324600, 4, 238, 344, 199, 71, 249, 1, 0.961302, 1, 0.761662, 0.761204, 69, 0
7, 280, -1, 10324600, 4, 138, 373, 100, 254, 158, 1, 1, 0.777234, 0.913705, 0.682781, 69, 0
98, 201, 76, 10324601, 4, 344, 129, 199, 159, 263, 0.943728, 0.940817, 0.942661, 0.754359, 0.723968, 69, 1
62, 318, 1, 10324601, 4, 48, 356, 310, 158, 5, 1, 0.767011, 0.766305, 0.965215, 0.966053, 69, 0
199, 198, 153, 10325054, 5, 71, 314, 23, 27, 132, 1, 0.868094, 0.969694, 0.970044, 1, 69, 0
263, 198, 179, 10325054, 5, 193, 13, 23, 138, 27, 1, 1, 1, 0.860753, 0.970044, 69, 0
159, 242, 198, 10325054, 5, 356, 378, 197, 138, 193, 1, 1, 0.954566, 1, 0.878541, 69, 0
129, 159, 201, 10325054, 5, 299, 262, 23, 27, 159, 1, 1, 0.969694, 0.970044, 1, 69, 1
24, 486, 398, 10325526, 7, 144, 115, 53, 286, 21, 0.957184, 0.911079, 0.956259, 0.606533, 0.480824, 69, 0
104, 401, 467, 10325526, 7, 21, 173, 79, 20, 162, 1, 0.773039, 0.867853, 0.914017, 0.537848, 69, 0
53, 515, 401, 10325526, 7, 130, 85, 179, 21, 286, 0.925808, 0.860146, 0.968382, 0.860663, 1, 69, 0
115, 398, 533, 10325526, 7, 130, 162, 79, 154, 96, 1, 1, 0.966424, 1, 0.8622, 69, 0
286, 601, 419, 10325527, 7, 128, 21, 85, 130, 234, 0.756545, 0.968246, 0.751887, 0.694356, 1, 69, 1
21, 601, 488, 10325889, 8, 143, 90, 128, 243, 85, 1, 1, 1, 0.754202, 0.961061, 69, 1
85, 598, 515, 10325889, 8, 261, 4, 84, 186, 128, 1, 0.965079, 1, 1, 1, 69, 0
130, 598, 552, 10325889, 8, 4, 318, 84, 186, 377, 1, 1, 1, 1, 0.904213, 69, 0
234, 779, 401, 10325889, 8, 84, 85, 111, 87, 146, 1, 1, 1, 0.751925, 0.682859, 69, 0
159, 242, 198, 10329254, 6, 356, 378, 197, 138, 193, 1, 1, 0.953929, 1, 0.876923, 69, 0
23, 201, 285, 10329254, 6, 224, 168, 18, 305, 193, 1, 0.768378, 0.781747, 0.857779, 0.938933, 69, 0
27, 278, 198, 10329254, 6, 18, 311, 378, 118, 41, 1, 0.760127, 0.756014, 0.602605, 0.54625, 69, 0
45, 283, 398, 10329474, 7, 395, 302, 349, 339, 351, 1, 1, 0.934581, 0.914383, 0.859713, 69, 0
335, 387, 401, 10329474, 7, 144, 290, 104, 24, 166, 1, 0.869651, 1, 1, 1, 69, 0
388, 401, 412, 10329474, 7, 115, 104, 24, 20, 166, 0.844965, 1, 1, 0.756627, 1, 69, 0
85, 598, 515, 10330089, 9, 261, 4, 84, 186, 128, 1, 0.964644, 1, 1, 1, 69, 0
243, 598, 580, 10330089, 9, 309, 4, 186, 360, 84, 0.901907, 0.964644, 1, 0.767695, 0.969445, 69, 0
128, 643, 598, 10330089, 9, 240, 317, 4, 360, 377, 0.868423, 0.862314, 1, 0.767695, 0.940345, 69, 0
143, 754, 601, 10330089, 9, 94, 248, 37, 131, 261, 1, 0.755994, 0.753122, 1, 1, 69, 1
261, 801, 621, 10330400, 10, 223, 94, 37, 131, 171, 1, 1, 0.645511, 0.966059, 0.536993, 69, 0
131, 801, 640, 10330400, 10, 37, 94, 171, 211, 57, 0.942752, 1, 0.632557, 0.602642, 0.546352, 69, 0
94, 801, 683, 10330400, 10, 223, 211, 37, 171, 297, 0.931228, 0.790929, 1, 0.822326, 0.643206, 69, 1
37, 798, 719, 10330400, 10, 69, 133, 248, 301, 211, 1, 0.968753, 1, 1, 1, 69, 0
37, 798, 719, 10330827, 11, 69, 133, 248, 301, 211, 1, 0.968708, 1, 1, 1, 69, 0
171, 798, 755, 10330827, 11, 69, 133, 248, 301, 223, 0.964705, 1, 0.964911, 1, 1, 69, 0
297, 798, 777, 10330827, 11, 69, 133, 248, 301, 223, 0.964705, 0.968708, 1, 1, 1, 69, 0
223, 822, 798, 10330827, 11, 69, 133, 248, 74, 301, 0.964705, 1, 1, 0.796023, 1, 69, 1
211, 849, 798, 10330827, 11, 69, 133, 248, 301, 223, 1, 0.968708, 0.964911, 1, 0.965609, 69, 0
301, 812, 798, 10331150, 12, 69, 133, 248, 74, 10000000, 1, 1, 1, 0.721731, 0, 69, 0
248, 801, 821, 10331150, 12, 69, 133, 74, 10000000, 10000000, 1, 1, 1, 0, 0, 69, 0
133, 801, 846, 10331150, 12, 69, 10000000, 10000000, 10000000, 10000000, 0.964671, 0, 0, 0, 0, 69, 0
74, 798, 920, 10331151, 12, 69, 10000000, 10000000, 10000000, 10000000, 0.857485, 0, 0, 0, 0, 69, 0
216, 46, 198, 10332601, 4, 157, 263, 368, 344, 199, 1, 0.912835, 0.755381, 0.753968, 0.7924, 69, 0
284, 1, 219, 10332601, 4, 249, 17, 129, 56, 32, 1, 1, 0.874569, 1, 1, 69, 0
176, 1, 247, 10332601, 4, 129, 348, 110, 56, 174, 0.874569, 0.791408, 0.685507, 1, 0.792561, 69, 0
166, 445, 398, 10333674, 8, 96, 179, 115, 154, 104, 1, 0.791314, 0.8609, 0.754381, 1, 69, 0
104, 401, 467, 10333674, 8, 21, 173, 79, 20, 162, 1, 0.768201, 0.864795, 0.911753, 0.537377, 69, 0
144, 554, 401, 10333674, 8, 273, 130, 21, 179, 85, 1, 0.752464, 0.859909, 0.967534, 0.720122, 69, 0
276, 201, 618, 10333784, 8, 154, 107, 295, 67, 184, 0.754318, 1, 0.90746, 1, 1, 69, 0
210, 201, 645, 10333784, 8, 95, 136, 79, 107, 246, 1, 1, 0.757909, 0.964345, 0.902302, 69, 0
107, 273, 598, 10333784, 8, 304, 108, 79, 182, 154, 1, 1, 0.683732, 0.683049, 0.465907, 69, 0
67, 201, 691, 10333784, 8, 95, 136, 190, 107, 20, 0.869225, 0.821705, 1, 1, 0.752538, 69, 0
179, 601, 445, 10334024, 9, 85, 96, 21, 84, 130, 0.965831, 1, 1, 0.604359, 0.644338, 69, 0
21, 601, 488, 10334024, 9, 143, 90, 128, 243, 85, 1, 1, 1, 0.753542, 0.960123, 69, 0
85, 598, 515, 10334024, 9, 261, 4, 84, 186, 128, 1, 0.964238, 1, 1, 1, 69, 0
182, 356, 601, 10334068, 9, 96, 162, 79, 154, 108, 1, 1, 0.965539, 1, 0.643272, 69, 0
154, 401, 638, 10334068, 9, 33, 96, 108, 352, 79, 1, 1, 0.944287, 0.873634, 0.965539, 69, 0
79, 401, 680, 10334068, 9, 332, 177, 173, 181, 96, 1, 0.932442, 0.791683, 0.751695, 1, 69, 0
344, 198, 187, 10336801, 5, 274, 363, 336, 71, 23, 1, 1, 1, 0.937508, 0.968468, 69, 0
263, 198, 179, 10336801, 5, 193, 13, 23, 138, 27, 1, 1, 1, 0.856424, 0.968818, 69, 0
368, 201, 212, 10336801, 5, 193, 197, 23, 27, 138, 1, 1, 1, 0.968818, 0.750721, 69, 0
118, 401, 245, 10337526, 7, 53, 395, 279, 144, 166, 1, 0.927381, 0.864607, 0.750626, 0.720025, 69, 0
41, 401, 288, 10337526, 7, 166, 144, 395, 339, 116, 1, 0.872192, 1, 0.912144, 1, 69, 0
122, 553, 201, 10337526, 7, 114, 116, 24, 86, 137, 0.96844, 1, 0.750482, 1, 1, 69, 0
372, 412, 398, 10337526, 7, 96, 53, 104, 24, 144, 0.753208, 0.907963, 1, 1, 0.753168, 69, 0
116, 398, 346, 10337875, 8, 104, 166, 217, 300, 395, 1, 1, 1, 1, 1, 69, 0
339, 412, 398, 10337875, 8, 347, 206, 104, 290, 24, 1, 0.928462, 1, 0.819244, 0.966221, 69, 0
166, 445, 398, 10337875, 8, 96, 179, 115, 154, 104, 1, 0.790788, 0.859346, 0.751998, 1, 69, 0
395, 401, 412, 10337875, 8, 115, 104, 24, 144, 53, 0.844109, 1, 1, 0.633894, 0.681892, 69, 0
104, 401, 467, 10338250, 9, 21, 173, 79, 20, 162, 1, 0.76551, 0.863088, 0.910487, 0.537112, 69, 0
115, 398, 533, 10338251, 9, 130, 162, 79, 154, 96, 1, 1, 0.965106, 1, 0.861019, 69, 0
179, 601, 445, 10338251, 9, 85, 96, 21, 84, 130, 0.965393, 1, 1, 0.603588, 0.644046, 69, 0
4, 601, 690, 10338289, 10, 194, 360, 393, 257, 387, 0.950288, 1, 0.961754, 1, 0.951182, 69, 0
377, 787, 601, 10338290, 10, 94, 37, 131, 261, 371, 1, 0.791101, 1, 1, 1, 69, 0
360, 598, 787, 10338290, 10, 6, 194, 240, 112, 337, 1, 1, 1, 0.964556, 1, 69, 0
158, 401, 42, 10340801, 5, 314, 100, 244, 117, 197, 0.862201, 0.858795, 0.697854, 0.682993, 0.695342, 69, 0
48, 401, 80, 10340801, 5, 314, 378, 122, 244, 49, 1, 1, 0.764545, 0.857427, 0.753815, 69, 0
5, 488, -1, 10340801, 5, 183, 260, 48, 100, 220, 1, 1, 1, 0.792267, 0.928884, 69, 0
27, 278, 198, 10341001, 6, 18, 311, 378, 118, 41, 1, 0.7534, 0.754339, 0.601753, 0.545375, 69, 0
23, 201, 285, 10341001, 6, 224, 168, 18, 305, 193, 1, 0.761505, 0.774633, 0.8567, 0.936866, 69, 0
13, 198, 314, 10341002, 6, 18, 113, 45, 188, 205, 1, 1, 0.967282, 1, 0.966013, 69, 0
314, 412, 198, 10341150, 6, 41, 349, 395, 122, 88, 1, 0.769096, 0.754197, 0.898413, 1, 69, 0
244, 418, 198, 10341150, 6, 116, 53, 41, 88, 118, 1, 0.758538, 1, 0.963923, 0.85809, 69, 0
49, 513, 201, 10341151, 6, 114, 137, 287, 312, 239, 0.968063, 0.964084, 0.967747, 1, 1, 69, 0
378, 398, 187, 10341455, 7, 335, 41, 122, 118, 88, 1, 1, 0.863259, 0.96532, 0.963892, 69, 0
118, 401, 245, 10341455, 7, 53, 395, 279, 144, 166, 1, 0.926537, 0.863141, 0.748418, 0.719685, 69, 0
41, 401, 288, 10341455, 7, 166, 144, 395, 339, 116, 1, 0.8707, 1, 0.911056, 1, 69, 0
88, 496, 198, 10341726, 7, 144, 290, 24, 47, 206, 1, 1, 1, 1, 0.754238, 69, 0
41, 401, 288, 10341726, 7, 166, 144, 395, 339, 116, 1, 0.870597, 1, 0.910981, 1, 69, 0
136, 247, 798, 10341985, 9, 108, 215, 95, 227, 3, 1, 0.925029, 0.821796, 0.645063, 0.964734, 69, 0
107, 273, 598, 10341985, 9, 304, 108, 79, 182, 154, 1, 1, 0.682966, 0.682284, 0.465018, 69, 0
20, 312, 601, 10341985, 9, 96, 162, 79, 154, 182, 0.968257, 1, 0.964719, 1, 0.964336, 69, 0
190, 201, 846, 10341985, 9, 3, 352, 136, 95, 271, 1, 0.751118, 1, 0.645583, 1, 69, 0
116, 398, 346, 10342062, 8, 104, 166, 217, 300, 395, 1, 1, 1, 1, 1, 69, 0
339, 412, 398, 10342062, 8, 347, 206, 104, 290, 24, 1, 0.927561, 1, 0.818776, 0.965787, 69, 0
166, 445, 398, 10342062, 8, 96, 179, 115, 154, 104, 1, 0.790265, 0.857803, 0.749638, 1, 69, 0
111, 801, 468, 10342089, 9, 371, 70, 277, 280, 87, 1, 1, 0.958693, 0.841624, 0.952134, 69, 0
87, 798, 518, 10342090, 9, 94, 131, 261, 371, 377, 0.967572, 1, 1, 1, 1, 69, 0
85, 598, 515, 10342224, 10, 261, 4, 84, 186, 128, 1, 0.963391, 1, 1, 1, 69, 0
243, 598, 580, 10342224, 10, 309, 4, 186, 84, 360, 0.898629, 0.963391, 1, 0.968179, 0.76061, 69, 0
128, 643, 598, 10342224, 10, 240, 317, 4, 360, 377, 0.863871, 0.857826, 1, 0.76061, 0.938204, 69, 0
90, 712, 601, 10342224, 10, 94, 131, 37, 261, 371, 1, 1, 0.752524, 1, 1, 69, 0
181, 444, 798, 10342269, 10, 141, 112, 393, 257, 387, 1, 0.855837, 0.789532, 0.749338, 0.723191, 69, 0
177, 401, 843, 10342269, 10, 82, 358, 181, 240, 360, 0.963156, 0.683052, 1, 0.473983, 0.479728, 69, 0
104, 401, 467, 10342438, 9, 21, 173, 79, 20, 162, 1, 0.763063, 0.861531, 0.909331, 0.536871, 69, 0
23, 201, 285, 10345001, 6, 224, 168, 18, 305, 193, 1, 0.759192, 0.77224, 0.856334, 0.936164, 69, 0
27, 279, 198, 10345001, 6, 18, 311, 378, 118, 41, 1, 0.751136, 0.753771, 0.601464, 0.545077, 69, 0
193, 198, 350, 10345002, 6, 339, 45, 188, 65, 205, 1, 0.966867, 1, 0.963316, 0.965598, 69, 0
197, 355, 201, 10345002, 6, 381, 279, 41, 88, 118, 1, 1, 0.966234, 1, 0.964952, 69, 0
188, 248, 398, 10345273, 7, 189, 335, 168, 45, 388, 1, 0.719766, 0.694031, 0.966838, 0.635105, 69, 0
205, 201, 447, 10345273, 7, 18, 302, 45, 65, 276, 1, 0.861417, 0.966838, 1, 0.63146, 69, 0
45, 283, 398, 10345273, 7, 395, 302, 349, 339, 351, 1, 1, 0.931144, 0.910001, 0.853913, 69, 0
65, 201, 486, 10345273, 7, 339, 107, 113, 222, 18, 1, 0.683579, 0.960418, 0.788988, 0.750733, 69, 0
3, 276, 798, 10346185, 10, 304, 108, 352, 227, 181, 0.906929, 0.90704, 0.79025, 0.749595, 0.601423, 69, 0
95, 318, 801, 10346185, 10, 82, 181, 177, 31, 292, 1, 1, 1, 0.9662, 0.965314, 69, 0
215, 354, 801, 10346185, 10, 82, 33, 181, 52, 177, 1, 0.926658, 1, 1, 0.964247, 69, 0
227, 380, 801, 10346185, 10, 82, 181, 177, 364, 292, 1, 1, 1, 1, 1, 69, 0
371, 801, 612, 10346425, 11, 94, 37, 297, 131, 301, 1, 0.75193, 0.642103, 1, 0.599462, 69, 0
261, 801, 621, 10346425, 11, 223, 94, 37, 131, 171, 1, 1, 0.6444, 0.9644, 0.536071, 69, 0
131, 801, 640, 10346425, 11, 37, 94, 171, 211, 57, 0.939912, 1, 0.630958, 0.599746, 0.545158, 69, 0
94, 801, 683, 10346425, 11, 223, 211, 37, 171, 297, 0.927767, 0.788929, 1, 0.820524, 0.642103, 69, 0
162, 447, 598, 10346451, 10, 273, 332, 82, 96, 173, 0.858869, 0.818044, 0.754026, 1, 0.69764, 69, 0
154, 401, 638, 10346451, 10, 33, 96, 108, 352, 79, 1, 1, 0.942084, 0.868934, 0.964258, 69, 0
96, 484, 598, 10346451, 10, 19, 186, 128, 243, 273, 1, 0.841061, 0.853842, 0.822177, 0.749794, 69, 0
79, 401, 680, 10346451, 10, 332, 177, 173, 181, 96, 1, 0.929759, 0.790134, 0.750697, 1, 69, 0
393, 598, 787, 10346490, 11, 248, 223, 194, 6, 112, 0.746736, 0.767035, 1, 0.860388, 1, 69, 0
257, 578, 801, 10346490, 11, 6, 194, 112, 240, 337, 0.967936, 0.965958, 1, 1, 1, 69, 0
37, 798, 719, 10346813, 12, 69, 133, 248, 301, 211, 1, 0.967044, 1, 1, 1, 69, 0
171, 798, 755, 10346813, 12, 69, 133, 248, 301, 223, 0.963054, 1, 0.96326, 1, 1, 69, 0
297, 798, 777, 10346813, 12, 69, 133, 248, 301, 223, 0.963054, 0.967044, 1, 1, 1, 69, 0
223, 822, 798, 10346813, 12, 69, 133, 248, 74, 301, 0.963054, 1, 1, 0.794002, 1, 69, 0
211, 849, 798, 10346813, 12, 69, 133, 248, 301, 223, 1, 0.967044, 0.96326, 1, 0.963956, 69, 0
301, 812, 798, 10347188, 13, 69, 133, 248, 74, 10000000, 1, 1, 1, 0.720342, 0, 69, 0
248, 801, 821, 10347188, 13, 69, 133, 74, 10000000, 10000000, 1, 1, 1, 0, 0, 69, 0
133, 801, 847, 10347188, 13, 69, 10000000, 10000000, 10000000, 10000000, 0.963016, 0, 0, 0, 0, 69, 0
74, 798, 920, 10347189, 13, 69, 10000000, 10000000, 10000000, 10000000, 0.856014, 0, 0, 0, 0, 69, 0
118, 401, 245, 10349202, 7, 53, 395, 279, 144, 166, 1, 0.924877, 0.860265, 0.744104, 0.719017, 69, 0
41, 401, 288, 10349202, 7, 166, 144, 395, 339, 116, 1, 0.867773, 1, 0.908917, 1, 69, 0
88, 496, 198, 10349202, 7, 144, 290, 24, 47, 206, 1, 1, 1, 1, 0.750009, 69, 0
302, 398, 387, 10349473, 8, 104, 24, 166, 217, 144, 1, 0.96502, 1, 1, 0.752201, 69, 0
349, 401, 412, 10349473, 8, 162, 115, 104, 347, 144, 0.869671, 0.84293, 1, 0.769144, 0.74816, 69, 0
395, 401, 412, 10349473, 8, 115, 104, 24, 144, 53, 0.84293, 1, 1, 0.632731, 0.680815, 69, 0
339, 412, 398, 10349473, 8, 347, 206, 104, 290, 24, 1, 0.925969, 1, 0.817949, 0.96502, 69, 0
104, 401, 468, 10349835, 9, 21, 173, 79, 20, 162, 1, 0.758781, 0.858794, 0.907297, 0.536445, 69, 0
24, 486, 398, 10349836, 9, 144, 115, 53, 286, 21, 0.954013, 0.904402, 0.953094, 0.602094, 0.479423, 69, 0
53, 515, 401, 10349836, 9, 130, 85, 179, 21, 286, 0.920628, 0.851246, 0.965856, 0.858418, 1, 69, 0
87, 798, 518, 10350290, 10, 94, 131, 261, 371, 377, 0.96672, 1, 1, 1, 1, 69, 0
371, 801, 612, 10350290, 10, 94, 37, 297, 131, 301, 1, 0.751384, 0.641838, 1, 0.598768, 69, 0
70, 915, 601, 10350290, 10, 94, 261, 131, 54, 371, 0.81922, 1, 0.903435, 1, 0.842368, 69, 0
177, 401, 843, 10350385, 11, 82, 358, 181, 240, 360, 0.962216, 0.682295, 1, 0.473376, 0.479262, 69, 0
181, 444, 798, 10350385, 11, 141, 112, 393, 257, 387, 1, 0.852875, 0.788521, 0.748687, 0.722484, 69, 0
52, 398, 920, 10350385, 11, 112, 141, 33, 42, 195, 1, 1, 1, 0.965018, 1, 69, 0
82, 484, 798, 10350385, 11, 109, 360, 257, 317, 358, 1, 1, 0.926498, 0.787529, 0.752218, 69, 0
33, 519, 801, 10350385, 11, 194, 112, 240, 337, 393, 1, 1, 1, 0.965457, 1, 69, 0
377, 787, 601, 10350627, 11, 94, 37, 131, 261, 371, 1, 0.78956, 1, 1, 1, 69, 0
257, 578, 801, 10350800, 12, 6, 194, 112, 240, 337, 0.967488, 0.965511, 1, 1, 1, 69, 0
358, 587, 801, 10350800, 12, 6, 194, 171, 240, 112, 1, 1, 0.756392, 1, 0.963264, 69, 0
360, 598, 787, 10350800, 12, 6, 194, 240, 112, 337, 1, 1, 1, 0.963264, 1, 69, 0
131, 801, 640, 10350937, 11, 37, 94, 171, 211, 57, 0.939115, 1, 0.630509, 0.598935, 0.544823, 69, 0
94, 801, 683, 10350937, 11, 223, 211, 37, 171, 297, 0.926797, 0.788368, 1, 0.820018, 0.641793, 69, 0
37, 798, 719, 10350937, 11, 69, 133, 248, 301, 211, 1, 0.966616, 1, 1, 1, 69, 0
297, 798, 777, 10350937, 11, 69, 133, 248, 301, 223, 0.96263, 0.966616, 1, 1, 1, 69, 0
301, 812, 798, 10350937, 11, 69, 133, 248, 74, 10000000, 1, 1, 1, 0.720018, 0, 69, 0
37, 798, 719, 10351312, 12, 69, 133, 248, 301, 211, 1, 0.966577, 1, 1, 1, 69, 0
166, 445, 398, 10353655, 8, 96, 179, 115, 154, 104, 1, 0.788819, 0.853559, 0.743179, 1, 69, 0
395, 401, 412, 10353655, 8, 115, 104, 24, 144, 53, 0.842506, 1, 1, 0.632313, 0.680427, 69, 0
53, 515, 401, 10353655, 8, 130, 85, 179, 21, 286, 0.919819, 0.849865, 0.96546, 0.858066, 1, 69, 0
286, 601, 419, 10353927, 9, 128, 21, 85, 130, 234, 0.740632, 0.965296, 0.749601, 0.689821, 1, 69, 0
179, 601, 446, 10353927, 9, 85, 96, 21, 84, 130, 0.963772, 1, 1, 0.600745, 0.642964, 69, 0
130, 598, 552, 10353927, 9, 4, 318, 84, 186, 377, 1, 1, 1, 1, 0.896636, 69, 0
20, 312, 601, 10354328, 10, 96, 162, 79, 154, 182, 0.966973, 1, 0.963445, 1, 0.963062, 69, 0
186, 601, 647, 10354380, 10, 358, 19, 309, 4, 257, 0.937382, 0.947157, 0.751654, 1, 0.742699, 69, 0
84, 685, 598, 10354380, 10, 37, 317, 4, 94, 148, 1, 1, 0.962139, 0.644197, 0.923557, 69, 0
4, 601, 690, 10354380, 10, 194, 360, 393, 257, 387, 0.947872, 1, 0.959897, 1, 0.948762, 69, 0
377, 787, 601, 10354381, 10, 94, 37, 131, 261, 371, 1, 0.789092, 1, 1, 1, 69, 0
360, 598, 787, 10354717, 11, 6, 194, 240, 112, 337, 1, 1, 1, 0.96286, 1, 69, 0
393, 598, 787, 10354717, 11, 248, 223, 194, 6, 112, 0.742176, 0.762225, 1, 0.859627, 1, 69, 0
387, 587, 801, 10354717, 11, 6, 194, 301, 112, 240, 1, 1, 0.739024, 1, 1, 69, 0
194, 646, 798, 10354717, 11, 36, 6, 301, 248, 171, 1, 1, 0.600371, 0.427754, 0.409797, 69, 0
301, 812, 798, 10355013, 13, 69, 133, 248, 74, 10000000, 1, 1, 1, 0.719666, 0, 69, 0
211, 849, 798, 10355013, 13, 69, 133, 248, 301, 223, 1, 0.966193, 0.962416, 1, 0.96311, 69, 0
248, 801, 821, 10355013, 13, 69, 133, 74, 10000000, 10000000, 1, 1, 1, 0, 0, 69, 0
133, 801, 847, 10355013, 13, 69, 10000000, 10000000, 10000000, 10000000, 0.96221, 0, 0, 0, 0, 69, 0
133, 801, 847, 10355388, 14, 69, 10000000, 10000000, 10000000, 10000000, 0.962171, 0, 0, 0, 0, 69, 0
74, 798, 920, 10355389, 14, 69, 10000000, 10000000, 10000000, 10000000, 0.855263, 0, 0, 0, 0, 69, 0
6, 686, 798, 10355686, 12, 69, 133, 223, 301, 248, 0.950813, 0.938599, 1, 0.750127, 0.544219, 69, 0
301, 812, 798, 10359137, 12, 69, 133, 248, 74, 10000000, 1, 1, 1, 0.71931, 0, 69, 0
223, 822, 798, 10359137, 12, 69, 133, 248, 74, 301, 0.961786, 1, 1, 0.792451, 1, 69, 0
248, 801, 821, 10359137, 12, 69, 133, 74, 10000000, 10000000, 1, 1, 1, 0, 0, 69, 0
133, 801, 847, 10359137, 12, 69, 10000000, 10000000, 10000000, 10000000, 0.961786, 0, 0, 0, 0, 69, 0
21, 601, 488, 10362127, 10, 143, 90, 128, 243, 85, 1, 1, 1, 0.751269, 0.956895, 69, 0
85, 598, 514, 10362127, 10, 261, 4, 84, 186, 128, 1, 0.961343, 1, 1, 1, 69, 0
130, 598, 552, 10362127, 10, 4, 318, 84, 186, 377, 1, 1, 1, 1, 0.894444, 69, 0
84, 685, 598, 10362127, 10, 37, 317, 4, 94, 148, 1, 1, 0.961343, 0.643661, 0.921908, 69, 0
96, 485, 598, 10362127, 10, 19, 186, 128, 243, 273, 1, 0.83948, 0.848165, 0.820415, 0.748537, 69, 0
128, 643, 598, 10362437, 11, 240, 317, 4, 377, 19, 0.856394, 0.850453, 1, 0.934659, 0.819481, 69, 0
84, 685, 598, 10362437, 11, 37, 317, 4, 94, 148, 1, 1, 0.961311, 0.64364, 0.921842, 69, 0
186, 601, 647, 10362437, 11, 358, 19, 309, 4, 257, 0.935968, 0.945954, 0.751004, 1, 0.738281, 69, 0
4, 601, 690, 10362438, 11, 194, 360, 393, 257, 387, 0.946667, 1, 0.95897, 1, 0.947555, 69, 0
4, 601, 690, 10362865, 11, 194, 360, 393, 257, 387, 0.946604, 1, 0.958921, 1, 0.947491, 69, 0
94, 801, 683, 10362865, 11, 223, 211, 37, 171, 297, 0.924243, 0.786888, 1, 0.818684, 0.640976, 69, 0
148, 841, 598, 10362865, 11, 94, 57, 37, 131, 301, 1, 0.758131, 0.788037, 1, 0.596522, 69, 0
182, 355, 601, 10366529, 11, 96, 162, 79, 154, 108, 1, 1, 0.962188, 1, 0.641041, 69, 0
154, 401, 638, 10366529, 11, 33, 96, 108, 352, 79, 1, 1, 0.938533, 0.861419, 0.962188, 69, 0
79, 401, 681, 10366529, 11, 332, 177, 173, 181, 96, 1, 0.92544, 0.787635, 0.749084, 1, 69, 0
162, 448, 598, 10366529, 11, 273, 332, 82, 96, 173, 0.851527, 0.815811, 0.742781, 1, 0.694398, 69, 0
360, 598, 787, 10366638, 12, 6, 194, 240, 112, 337, 1, 1, 1, 0.961634, 1, 69, 0
393, 598, 787, 10366638, 12, 248, 223, 194, 6, 112, 0.735667, 0.755361, 1, 0.858527, 1, 69, 0
387, 587, 801, 10366638, 12, 6, 194, 301, 112, 240, 1, 1, 0.73257, 1, 1, 69, 0
257, 578, 801, 10366638, 12, 6, 194, 112, 240, 337, 0.965843, 0.963873, 1, 1, 1, 69, 0
96, 485, 598, 10370729, 12, 19, 186, 128, 243, 273, 1, 0.838615, 0.845082, 0.819451, 0.747849, 69, 0
173, 553, 601, 10370729, 12, 4, 186, 19, 84, 128, 1, 1, 0.840406, 0.965219, 1, 69, 0
337, 612, 798, 10370838, 13, 6, 297, 194, 112, 211, 0.965408, 0.720491, 0.96344, 1, 0.407917, 69, 0
240, 618, 798, 10370838, 13, 6, 248, 194, 297, 171, 0.965408, 0.733401, 0.96344, 0.426953, 0.358454, 69, 0
194, 647, 798, 10370838, 13, 36, 6, 301, 248, 171, 1, 1, 0.599211, 0.427018, 0.408897, 69, 0
112, 601, 858, 10370838, 13, 6, 194, 171, 248, 80, 1, 0.96344, 0.272598, 0.239204, 0.314237, 69, 0
6, 686, 798, 10370838, 13, 69, 133, 223, 301, 248, 0.948535, 0.935937, 1, 0.748001, 0.543099, 69, 0
248, 801, 821, 10371240, 14, 69, 133, 74, 10000000, 10000000, 1, 1, 1, 0, 0, 69, 0
133, 801, 847, 10371240, 14, 69, 10000000, 10000000, 10000000, 10000000, 0.960544, 0, 0, 0, 0, 69, 0
301, 812, 798, 10371240, 14, 69, 133, 248, 74, 10000000, 1, 1, 1, 0.718268, 0, 69, 0
223, 822, 798, 10371240, 14, 69, 133, 248, 74, 301, 0.960544, 1, 1, 0.790934, 1, 69, 0
37, 798, 719, 10375065, 12, 69, 133, 248, 301, 211, 1, 0.964117, 1, 1, 1, 69, 0
171, 798, 755, 10375065, 12, 69, 133, 248, 301, 223, 0.960152, 1, 0.960356, 1, 1, 69, 0
297, 798, 777, 10375065, 12, 69, 133, 248, 301, 223, 0.960152, 0.964117, 1, 1, 1, 69, 0
223, 822, 798, 10375065, 12, 69, 133, 248, 74, 301, 0.960152, 1, 1, 0.790455, 1, 69, 0
211, 850, 798, 10375065, 12, 69, 133, 248, 301, 223, 1, 0.964117, 0.960356, 1, 0.961048, 69, 0
301, 812, 798, 10375362, 13, 69, 133, 248, 74, 10000000, 1, 1, 1, 0.717913, 0, 69, 0
248, 801, 821, 10375362, 13, 69, 133, 74, 10000000, 10000000, 1, 1, 1, 0, 0, 69, 0
133, 801, 847, 10375362, 13, 69, 10000000, 10000000, 10000000, 10000000, 0.960121, 0, 0, 0, 0, 69, 0
74, 798, 920, 10375363, 13, 69, 10000000, 10000000, 10000000, 10000000, 0.853441, 0, 0, 0, 0, 69, 0
154, 401, 638, 10382729, 12, 33, 96, 108, 352, 79, 1, 1, 0.935688, 0.85545, 0.960524, 69, 0
79, 401, 681, 10382729, 12, 332, 177, 173, 181, 96, 1, 0.921984, 0.78563, 0.747788, 1, 69, 0
162, 448, 598, 10382729, 12, 273, 332, 82, 96, 173, 0.845694, 0.814018, 0.733949, 1, 0.691803, 69, 0
96, 485, 598, 10382729, 12, 19, 186, 128, 243, 273, 1, 0.837411, 0.840819, 0.81811, 0.746892, 69, 0
108, 398, 728, 10382729, 12, 82, 181, 236, 177, 16, 1, 1, 0.731321, 1, 1, 69, 0
243, 598, 579, 10383000, 13, 309, 4, 186, 84, 318, 0.887785, 0.959205, 1, 0.963951, 0.852451, 69, 0
186, 601, 647, 10383000, 13, 358, 19, 309, 4, 257, 0.932379, 0.942897, 0.749351, 1, 0.72724, 69, 0
273, 621, 598, 10383000, 13, 4, 240, 309, 186, 84, 1, 0.736162, 0.749351, 1, 0.856845, 69, 0
19, 598, 710, 10383000, 13, 6, 194, 112, 240, 360, 1, 1, 1, 1, 1, 69, 0
360, 598, 787, 10383376, 14, 6, 194, 240, 112, 337, 1, 1, 1, 0.959917, 1, 69, 0
240, 618, 798, 10383376, 14, 6, 248, 194, 297, 171, 0.964111, 0.726719, 0.962149, 0.426383, 0.357918, 69, 0
194, 647, 798, 10383376, 14, 36, 6, 301, 248, 171, 1, 1, 0.598312, 0.426447, 0.408199, 69, 0
6, 686, 798, 10383376, 14, 69, 133, 223, 301, 248, 0.946659, 0.933745, 1, 0.746252, 0.542176, 69, 0
112, 601, 859, 10383376, 14, 6, 194, 171, 248, 80, 1, 0.962149, 0.272133, 0.238846, 0.31362, 69, 0
243, 598, 579, 10383686, 13, 309, 4, 186, 84, 318, 0.887605, 0.959134, 1, 0.96388, 0.852201, 69, 0
186, 601, 647, 10383686, 13, 358, 19, 309, 4, 257, 0.93226, 0.942795, 0.749296, 1, 0.726878, 69, 0
273, 621, 598, 10383686, 13, 4, 240, 309, 186, 84, 1, 0.73579, 0.749296, 1, 0.856782, 69, 0
248, 801, 821, 10383777, 15, 69, 133, 74, 10000000, 10000000, 1, 1, 1, 0, 0, 69, 0
133, 801, 847, 10383777, 15, 69, 10000000, 10000000, 10000000, 10000000, 0.95926, 0, 0, 0, 0, 69, 0
301, 812, 798, 10383777, 15, 69, 133, 248, 74, 10000000, 1, 1, 1, 0.717191, 0, 69, 0
223, 822, 798, 10383777, 15, 69, 133, 248, 74, 301, 0.95926, 1, 1, 0.789368, 1, 69, 0
4, 601, 690, 10387201, 14, 194, 360, 393, 257, 387, 0.942983, 1, 0.956132, 1, 0.943864, 69, 0
19, 598, 710, 10387201, 14, 6, 194, 112, 240, 360, 1, 1, 1, 1, 1, 69, 0
358, 587, 801, 10387201, 14, 6, 194, 171, 240, 112, 1, 1, 0.736124, 1, 0.959526, 69, 0
257, 578, 801, 10387201, 14, 6, 194, 112, 240, 337, 0.963717, 0.961755, 1, 1, 1, 69, 0
240, 618, 798, 10387537, 15, 6, 248, 194, 297, 171, 0.963682, 0.724528, 0.961721, 0.426194, 0.357741, 69, 0
112, 601, 859, 10387537, 15, 6, 194, 171, 248, 80, 1, 0.961721, 0.271979, 0.238727, 0.313415, 69, 0
194, 647, 798, 10387537, 15, 36, 6, 301, 248, 171, 1, 1, 0.598014, 0.426258, 0.407968, 69, 0
6, 686, 798, 10387537, 15, 69, 133, 223, 301, 248, 0.946038, 0.93302, 1, 0.745673, 0.54187, 69, 0
133, 801, 847, 10387887, 16, 69, 10000000, 10000000, 10000000, 10000000, 0.95884, 0, 0, 0, 0, 69, 0
301, 812, 798, 10387887, 16, 69, 133, 248, 74, 10000000, 1, 1, 1, 0.716839, 0, 69, 0
223, 822, 798, 10387887, 16, 69, 133, 248, 74, 301, 0.95884, 1, 1, 0.788856, 1, 69, 0
194, 647, 798, 10403737, 16, 36, 6, 301, 248, 171, 1, 1, 0.596858, 0.425523, 0.407072, 69, 0
6, 686, 798, 10403737, 16, 69, 133, 223, 301, 248, 0.943627, 0.930208, 1, 0.743428, 0.540684, 69, 0
248, 801, 822, 10403738, 16, 69, 133, 74, 10000000, 10000000, 1, 1, 1, 0, 0, 69, 0
248, 801, 822, 10404100, 17, 69, 133, 74, 10000000, 10000000, 1, 1, 1, 0, 0, 69, 0
133, 801, 847, 10404100, 17, 69, 10000000, 10000000, 10000000, 10000000, 0.957187, 0, 0, 0, 0, 69, 0
123, 201, 62, 11299999, 1, 344, 238, 199, 149, 56, 0.968008, 0.945777, 1, 0.937046, 1, 391, 0
199, 198, 140, 11300200, 2, 71, 23, 27, 132, 159, 1, 1, 1, 1, 1, 391, 0
344, 198, 187, 11300200, 2, 366, 325, 23, 71, 197, 1, 1, 1, 0.952882, 0.874986, 391, 1
238, 175, 201, 11300200, 2, 325, 13, 197, 23, 27, 1, 1, 0.915453, 1, 1, 391, 0
149, 342, 1, 11300200, 2, 100, 48, 158, 5, 156, 1, 1, 1, 0.972412, 1, 391, 1
56, 97, 198, 11300200, 2, 13, 83, 221, 23, 263, 0.914623, 0.878522, 1, 0.824236, 0.965605, 391, 0
23, 201, 298, 11300575, 3, 224, 305, 299, 188, 366, 0.799245, 1, 0.823445, 0.761244, 0.861251, 391, 1
71, 311, 201, 11300575, 3, 224, 41, 45, 118, 117, 0.922584, 1, 1, 1, 0.97263, 391, 0
197, 345, 201, 11300575, 3, 381, 224, 41, 88, 279, 1, 0.922584, 1, 1, 0.795373, 391, 0
305, 198, 387, 11308776, 4, 41, 45, 65, 339, 188, 1, 1, 1, 0.776132, 1, 391, 1
366, 198, 387, 11308776, 4, 381, 339, 217, 45, 65, 1, 1, 0.872879, 1, 1, 391, 0
188, 261, 398, 11308776, 4, 115, 166, 395, 372, 278, 1, 1, 1, 1, 1, 391, 0
299, 201, 425, 11308776, 4, 115, 18, 45, 65, 188, 0.778283, 1, 1, 1, 1, 391, 0
158, 401, 53, 11312400, 3, 49, 314, 260, 378, 27, 1, 0.911509, 0.937417, 0.842987, 1, 391, 0
48, 401, 92, 11312400, 3, 117, 12, 314, 49, 378, 1, 1, 1, 0.870252, 1, 391, 0
100, 398, 101, 11312400, 3, 239, 49, 118, 117, 88, 1, 1, 1, 1, 0.966742, 391, 1
156, 461, -1, 11312400, 3, 12, 117, 314, 91, 48, 1, 0.934487, 0.791618, 0.794403, 1, 391, 0
117, 462, 198, 11312659, 4, 41, 114, 116, 88, 312, 1, 0.698359, 0.767897, 1, 0.752082, 391, 0
118, 401, 257, 11312659, 4, 47, 372, 279, 351, 302, 1, 1, 0.912319, 0.965548, 0.958137, 391, 1
239, 575, 201, 11312659, 4, 179, 120, 53, 81, 114, 1, 0.908735, 0.908258, 0.770289, 1, 391, 1
188, 261, 398, 11312976, 5, 115, 166, 395, 372, 278, 1, 1, 1, 1, 1, 391, 0
45, 296, 398, 11312976, 5, 115, 395, 302, 339, 278, 1, 1, 1, 0.937997, 0.964479, 391, 1
114, 601, 272, 11312982, 5, 290, 286, 206, 120, 144, 1, 0.881801, 1, 0.753373, 0.758602, 391, 1
278, 373, 401, 11317176, 6, 144, 24, 115, 104, 166, 0.916668, 1, 0.933609, 1, 1, 391, 0
302, 398, 384, 11317176, 6, 24, 104, 166, 217, 144, 1, 1, 1, 1, 0.751915, 391, 0
395, 401, 412, 11317176, 6, 24, 104, 166, 115, 53, 1, 1, 1, 0.754956, 0.721861, 391, 0
339, 412, 398, 11317176, 6, 144, 206, 24, 347, 104, 0.947499, 0.945626, 1, 0.787828, 1, 391, 0
302, 398, 384, 11320859, 5, 24, 104, 166, 217, 144, 1, 1, 1, 1, 0.751618, 391, 0
351, 398, 387, 11320859, 5, 24, 104, 166, 53, 217, 1, 1, 1, 0.841799, 1, 391, 0
372, 412, 398, 11320859, 5, 24, 104, 144, 166, 115, 1, 1, 0.751618, 1, 0.721522, 391, 1
279, 425, 398, 11320859, 5, 173, 96, 347, 24, 290, 1, 1, 1, 1, 0.824393, 391, 0
166, 457, 398, 11325060, 6, 162, 144, 96, 53, 179, 1, 1, 0.783518, 1, 0.683995, 391, 0
104, 401, 479, 11325060, 6, 21, 173, 96, 79, 162, 1, 0.872171, 0.608005, 0.605314, 0.536912, 391, 0
24, 499, 398, 11325060, 6, 81, 144, 286, 21, 347, 1, 0.962388, 0.698168, 0.536562, 0.601532, 391, 1
115, 398, 521, 11325060, 6, 96, 79, 162, 154, 130, 0.967626, 1, 1, 1, 0.771368, 391, 0
144, 542, 401, 11325060, 6, 179, 162, 273, 35, 120, 1, 1, 0.778523, 0.966324, 1, 391, 0
144, 542, 401, 11325409, 7, 179, 162, 273, 35, 120, 1, 1, 0.778312, 0.966288, 1, 391, 0
347, 601, 412, 11325409, 7, 21, 81, 35, 179, 85, 1, 1, 1, 1, 0.795324, 391, 0
286, 601, 426, 11325409, 7, 173, 85, 234, 21, 130, 0.909745, 1, 1, 1, 0.751818, 391, 0
21, 601, 501, 11325409, 7, 90, 128, 143, 243, 186, 1, 1, 0.764465, 0.966574, 0.602228, 391, 0
206, 598, 347, 11329183, 6, 35, 179, 81, 85, 120, 1, 1, 0.949443, 0.865491, 1, 391, 0
290, 598, 371, 11329183, 6, 21, 130, 35, 179, 81, 0.965385, 0.860409, 1, 1, 0.949443, 391, 1
120, 654, 398, 11329183, 6, 87, 234, 85, 124, 21, 0.760046, 1, 0.963845, 1, 0.965385, 391, 0
144, 542, 401, 11329183, 6, 179, 162, 273, 35, 120, 1, 1, 0.776032, 0.965897, 1, 391, 0
286, 601, 426, 11329183, 6, 173, 85, 234, 21, 130, 0.908705, 1, 1, 1, 0.751285, 391, 0
179, 601, 458, 11329597, 7, 280, 85, 21, 234, 96, 1, 1, 1, 0.943746, 1, 391, 0
35, 696, 398, 11329597, 7, 280, 143, 87, 130, 90, 1, 1, 1, 1, 0.771345, 391, 0
81, 705, 401, 11329597, 7, 87, 273, 111, 139, 93, 1, 1, 0.966181, 1, 0.967957, 391, 0
21, 601, 501, 11329597, 7, 90, 128, 143, 243, 186, 1, 1, 0.762025, 0.966085, 0.601924, 391, 1
243, 598, 574, 11330037, 8, 337, 84, 4, 186, 128, 1, 1, 0.964835, 1, 1, 391, 0
128, 654, 598, 11330037, 8, 334, 337, 377, 251, 318, 1, 1, 0.949796, 0.948091, 0.910964, 391, 0
90, 698, 601, 11330038, 8, 94, 131, 9, 261, 148, 1, 1, 1, 1, 1, 391, 1
186, 601, 659, 11330038, 8, 143, 360, 358, 309, 257, 1, 0.956487, 0.950922, 0.859354, 0.86129, 391, 0
261, 801, 629, 11330465, 9, 223, 301, 39, 37, 171, 1, 1, 1, 1, 0.819268, 391, 0
131, 801, 651, 11330465, 9, 37, 211, 6, 94, 223, 0.951824, 0.694639, 1, 1, 0.566522, 391, 0
94, 801, 696, 11330465, 9, 51, 223, 57, 211, 171, 1, 0.944204, 0.646491, 0.682897, 0.843736, 391, 1
171, 798, 744, 11330840, 10, 51, 57, 69, 74, 211, 1, 1, 1, 0.94059, 1, 391, 0
223, 829, 798, 11330840, 10, 196, 57, 69, 74, 211, 0.960468, 1, 1, 0.824035, 1, 391, 0
211, 862, 798, 11330840, 10, 63, 329, 196, 57, 69, 1, 1, 0.938652, 1, 1, 391, 0
57, 905, 798, 11330840, 10, 152, 101, 203, 355, 226, 1, 1, 1, 0.93116, 0.750435, 391, 0
51, 908, 801, 11330841, 10, 63, 258, 203, 226, 355, 1, 0.750931, 1, 1, 1, 391, 1
355, 1001, 812, 11331112, 11, 321, 258, 63, 101, 203, 1, 0.873241, 1, 0.820475, 1, 391, 0
226, 1001, 824, 11331112, 11, 198, 101, 63, 391, 383, 1, 0.960825, 1, 0.683033, 0.644238, 391, 0
203, 1001, 853, 11331112, 11, 375, 258, 321, 265, 198, 1, 1, 0.941585, 0.842073, 0.821156, 391, 0
63, 1001, 891, 11331112, 11, 321, 375, 152, 198, 391, 1, 0.9605, 0.952419, 0.966124, 0.750749, 391, 1
258, 998, 977, 11331112, 11, 391, 383, 375, 321, 333, 1, 1, 1, 1, 1, 391, 0
152, 998, 945, 11331461, 12, 391, 383, 375, 321, 258, 1, 1, 1, 1, 1, 391, 0
321, 998, 991, 11331461, 12, 391, 383, 375, 10000000, 10000000, 1, 1, 1, 0, 0, 391, 1
375, 998, 991, 11331461, 12, 391, 383, 321, 10000000, 10000000, 1, 1, 1, 0, 0, 391, 0
198, 946, 1001, 11331461, 12, 391, 383, 375, 321, 258, 1, 1, 1, 1, 1, 391, 0
375, 998, 991, 11331745, 13, 391, 383, 321, 10000000, 10000000, 1, 1, 1, 0, 0, 391, 0
383, 998, 991, 11331745, 13, 391, 375, 321, 10000000, 10000000, 1, 1, 1, 0, 0, 391, 0
375, 998, 991, 11335945, 14, 391, 383, 321, 10000000, 10000000, 1, 1, 1, 0, 0, 391, 0
321, 998, 991, 11335945, 14, 391, 383, 375, 10000000, 10000000, 1, 1, 1, 0, 0, 391, 0
383, 998, 991, 11340145, 15, 391, 375, 321, 10000000, 10000000, 1, 1, 1, 0, 0, 391, 0
321, 998, 991, 11340145, 15, 391, 383, 375, 10000000, 10000000, 1, 1, 1, 0, 0, 391, 0
162, 460, 598, 11341260, 7, 19, 243, 332, 85, 186, 1, 1, 0.840399, 1, 0.691472, 391, 0
96, 497, 598, 11341260, 7, 141, 19, 4, 186, 243, 1, 1, 0.922743, 0.858588, 0.844136, 391, 0
154, 401, 648, 11341260, 7, 141, 173, 33, 181, 96, 1, 1, 0.768236, 0.822086, 1, 391, 0
243, 598, 574, 11341701, 8, 337, 84, 4, 186, 128, 1, 1, 0.96363, 1, 1, 391, 0
186, 601, 659, 11341701, 8, 143, 360, 358, 309, 257, 1, 0.954965, 0.949168, 0.858279, 0.856985, 391, 0
19, 598, 696, 11341701, 8, 6, 194, 112, 240, 337, 1, 1, 1, 1, 0.965828, 391, 0
4, 601, 703, 11341701, 8, 194, 360, 393, 236, 131, 0.956639, 1, 0.965505, 0.96219, 0.746789, 391, 0
128, 654, 598, 11342238, 9, 334, 337, 377, 251, 318, 1, 1, 0.947965, 0.946266, 0.907602, 391, 0
84, 698, 598, 11342238, 9, 171, 37, 94, 70, 148, 1, 1, 0.94804, 1, 0.940037, 391, 0
4, 601, 703, 11342238, 9, 194, 360, 393, 236, 131, 0.956569, 1, 0.965449, 0.962128, 0.746489, 391, 0
375, 998, 991, 11344345, 16, 391, 383, 321, 10000000, 10000000, 1, 1, 1, 0, 0, 391, 0
321, 998, 991, 11344345, 16, 391, 383, 375, 10000000, 10000000, 1, 1, 1, 0, 0, 391, 0
309, 598, 787, 11346238, 9, 301, 6, 194, 112, 240, 1, 1, 1, 1, 1, 391, 0
360, 598, 787, 11346238, 9, 6, 194, 112, 240, 337, 1, 1, 1, 1, 1, 391, 0
257, 572, 801, 11346238, 9, 6, 194, 219, 112, 240, 1, 1, 1, 1, 1, 391, 0
37, 798, 707, 11346665, 10, 74, 69, 57, 211, 133, 1, 1, 1, 1, 1, 391, 0
148, 852, 598, 11346666, 10, 94, 301, 54, 171, 131, 1, 0.691791, 0.694406, 0.69303, 1, 391, 0
171, 798, 744, 11346666, 10, 51, 57, 69, 74, 211, 1, 1, 1, 0.937798, 1, 391, 0
211, 862, 798, 11346976, 11, 63, 329, 196, 57, 69, 1, 1, 0.935818, 1, 1, 391, 0
57, 905, 798, 11346976, 11, 152, 101, 203, 355, 226, 1, 1, 1, 0.927675, 0.749139, 391, 0
51, 908, 801, 11346976, 11, 63, 203, 258, 226, 355, 1, 1, 0.749634, 1, 1, 391, 0
74, 798, 907, 11346976, 11, 97, 383, 321, 196, 391, 0.967522, 0.754214, 0.598122, 1, 0.463043, 391, 0
355, 1001, 812, 11347260, 12, 321, 258, 63, 101, 203, 1, 0.867127, 1, 0.818667, 1, 391, 0
226, 1001, 825, 11347260, 12, 198, 101, 63, 391, 383, 1, 0.958966, 1, 0.68153, 0.643123, 391, 0
203, 1001, 853, 11347260, 12, 375, 258, 321, 265, 198, 1, 1, 0.938731, 0.84044, 0.819345, 391, 0
383, 998, 991, 11348545, 17, 391, 375, 321, 10000000, 10000000, 1, 1, 1, 0, 0, 391, 0
321, 998, 991, 11348545, 17, 391, 383, 375, 10000000, 10000000, 1, 1, 1, 0, 0, 391, 0
337, 612, 798, 11350438, 10, 301, 6, 194, 297, 112, 1, 1, 1, 0.644658, 1, 391, 0
240, 624, 798, 11350438, 10, 6, 194, 94, 109, 219, 1, 1, 0.745776, 1, 0.900773, 391, 0
194, 658, 798, 11350438, 10, 36, 6, 301, 248, 297, 0.751383, 1, 0.643507, 0.545301, 0.474713, 391, 0
112, 601, 872, 11350438, 10, 147, 6, 361, 322, 194, 1, 1, 1, 0.928469, 1, 391, 0
6, 699, 798, 11350438, 10, 74, 69, 223, 133, 301, 1, 0.958229, 1, 0.790909, 0.790241, 391, 0
301, 813, 798, 11350710, 11, 101, 355, 57, 69, 196, 1, 0.90767, 1, 1, 0.857538, 391, 0
133, 801, 859, 11350710, 11, 391, 101, 57, 69, 74, 1, 0.768329, 1, 1, 0.750035, 391, 0
69, 801, 902, 11350710, 11, 258, 198, 101, 97, 51, 1, 1, 1, 0.644756, 0.630024, 391, 0
258, 998, 977, 11351461, 13, 391, 383, 375, 321, 333, 1, 1, 1, 1, 1, 391, 0
375, 998, 991, 11351461, 13, 391, 383, 321, 10000000, 10000000, 1, 1, 1, 0, 0, 391, 0
198, 946, 1001, 11351461, 13, 391, 383, 375, 321, 258, 1, 1, 1, 1, 1, 391, 0
383, 998, 991, 11351836, 14, 391, 375, 321, 10000000, 10000000, 1, 1, 1, 0, 0, 391, 0
321, 998, 991, 11351836, 14, 391, 383, 375, 10000000, 10000000, 1, 1, 1, 0, 0, 391, 0
97, 893, 998, 11354910, 12, 383, 265, 198, 333, 391, 1, 0.928116, 1, 0.816363, 0.748838, 391, 0
51, 908, 801, 11354910, 12, 63, 203, 258, 226, 355, 1, 1, 0.748998, 1, 1, 391, 0
198, 946, 1001, 11354910, 12, 391, 383, 375, 321, 258, 1, 1, 1, 1, 1, 391, 0
375, 998, 991, 11356036, 15, 391, 383, 321, 10000000, 10000000, 1, 1, 1, 0, 0, 391, 0
321, 998, 991, 11356036, 15, 391, 383, 375, 10000000, 10000000, 1, 1, 1, 0, 0, 391, 0
375, 998, 991, 11359111, 13, 391, 383, 321, 10000000, 10000000, 1, 1, 1, 0, 0, 391, 0
383, 998, 991, 11359111, 13, 391, 375, 321, 10000000, 10000000, 1, 1, 1, 0, 0, 391, 0
321, 998, 990, 11359111, 13, 391, 383, 375, 10000000, 10000000, 1, 1, 1, 0, 0, 391, 0
258, 998, 977, 11359111, 13, 391, 383, 375, 321, 333, 1, 1, 1, 1, 1, 391, 0
131, 801, 651, 11362866, 11, 37, 211, 6, 94, 223, 0.946957, 0.689467, 1, 1, 0.563077, 391, 0
94, 801, 697, 11362866, 11, 51, 223, 57, 211, 171, 1, 0.938462, 0.644241, 0.679889, 0.840453, 391, 0
171, 798, 743, 11362866, 11, 51, 57, 69, 211, 133, 1, 1, 1, 1, 1, 391, 0
171, 798, 743, 11363150, 12, 51, 57, 69, 211, 133, 1, 1, 1, 1, 1, 391, 0
223, 830, 798, 11363150, 12, 196, 57, 69, 74, 211, 0.956756, 1, 1, 0.820395, 1, 391, 0
211, 862, 798, 11363150, 12, 63, 329, 196, 57, 69, 1, 1, 0.932993, 1, 1, 391, 0
51, 908, 801, 11363150, 12, 63, 203, 258, 226, 355, 1, 1, 0.748338, 1, 1, 391, 0
375, 998, 991, 11363311, 14, 391, 383, 321, 10000000, 10000000, 1, 1, 1, 0, 0, 391, 0
321, 998, 990, 11363311, 14, 391, 383, 375, 10000000, 10000000, 1, 1, 1, 0, 0, 391, 0
383, 998, 991, 11367511, 15, 391, 375, 321, 10000000, 10000000, 1, 1, 1, 0, 0, 391, 0
321, 998, 990, 11367511, 15, 391, 383, 375, 10000000, 10000000, 1, 1, 1, 0, 0, 391, 0
375, 998, 991, 11371711, 16, 391, 383, 321, 10000000, 10000000, 1, 1, 1, 0, 0, 391, 0
321, 998, 990, 11371711, 16, 391, 383, 375, 10000000, 10000000, 1, 1, 1, 0, 0, 391, 0
383, 998, 991, 11375911, 17, 391, 375, 321, 10000000, 10000000, 1, 1, 1, 0, 0, 391, 0
321, 998, 990, 11375911, 17, 391, 383, 375, 10000000, 10000000, 1, 1, 1, 0, 0, 391, 0
375, 998, 991, 11380111, 18, 391, 383, 321, 10000000, 10000000, 1, 1, 1, 0, 0, 391, 0
321, 998, 990, 11380111, 18, 391, 383, 375, 10000000, 10000000, 1, 1, 1, 0, 0, 391, 0
383, 998, 991, 11384311, 19, 391, 375, 321, 10000000, 10000000, 1, 1, 1, 0, 0, 391, 0
321, 998, 990, 11384311, 19, 391, 383, 375, 10000000, 10000000, 1, 1, 1, 0, 0, 391, 0
375, 998, 991, 11388511, 20, 391, 383, 321, 10000000, 10000000, 1, 1, 1, 0, 0, 391, 0
321, 998, 990, 11388511, 20, 391, 383, 375, 10000000, 10000000, 1, 1, 1, 0, 0, 391, 0
383, 998, 991, 11392711, 21, 391, 375, 321, 10000000, 10000000, 1, 1, 1, 0, 0, 391, 0
321, 998, 990, 11392711, 21, 391, 383, 375, 10000000, 10000000, 1, 1, 1, 0, 0, 391, 0
7, 305, -1, 12299999, 1, 197, 138, 61, 373, 158, 1, 0.886058, 1, 1, 0.752818, 147, 0
373, 401, 12, 12300200, 2, 260, 48, 49, 27, 241, 1, 1, 0.785397, 0.882704, 0.795944, 147, 0
158, 401, 66, 12300200, 2, 49, 183, 314, 356, 138, 1, 1, 0.934788, 0.914812, 1, 147, 0
138, 398, 133, 12300200, 2, 41, 118, 88, 49, 117, 1, 1, 1, 1, 1, 147, 1
117, 476, 198, 12304400, 3, 24, 224, 41, 116, 118, 1, 0.910246, 1, 0.87184, 1, 147, 0
49, 489, 201, 12304400, 3, 166, 114, 279, 351, 86, 1, 1, 0.786, 0.776042, 1, 147, 0
118, 401, 270, 12304401, 3, 290, 349, 372, 279, 53, 1, 1, 1, 0.934565, 0.882762, 147, 0
41, 401, 313, 12304401, 3, 53, 166, 217, 395, 388, 1, 1, 0.958837, 1, 1, 147, 1
388, 401, 412, 12304750, 4, 107, 104, 115, 144, 24, 1, 1, 0.860248, 0.957759, 1, 147, 0
395, 401, 412, 12304750, 4, 104, 115, 24, 217, 20, 1, 0.860248, 1, 1, 0.697262, 147, 0
166, 469, 398, 12304750, 4, 130, 162, 104, 179, 144, 1, 0.766632, 1, 0.723791, 1, 147, 0
53, 490, 401, 12304750, 4, 96, 162, 130, 179, 85, 1, 1, 0.952415, 1, 0.929279, 147, 1
38, 65, 1, 13299999, 1, 98, 129, 123, 230, 60, 1, 0.922289, 1, 1, 0.960718, 281, 0
60, 198, 58, 13300200, 2, 27, 159, 368, 344, 238, 0.972122, 1, 1, 1, 1, 281, 0
98, 201, 110, 13300200, 2, 241, 197, 27, 71, 313, 1, 1, 0.954013, 0.887437, 0.959173, 281, 1
313, 201, 221, 13300588, 3, 41, 262, 314, 23, 27, 1, 1, 1, 1, 1, 281, 0
197, 316, 201, 13300589, 3, 41, 118, 116, 117, 224, 0.972241, 1, 0.845573, 1, 0.761651, 281, 1
27, 325, 198, 13300589, 3, 116, 122, 118, 244, 41, 0.888486, 1, 0.864601, 1, 0.756188, 281, 0
118, 401, 284, 13304789, 4, 349, 372, 53, 279, 300, 1, 1, 0.918554, 0.946888, 0.912547, 281, 0
116, 398, 304, 13304789, 4, 104, 217, 166, 300, 279, 1, 1, 1, 1, 1, 281, 0
41, 401, 326, 13304789, 4, 53, 166, 217, 300, 395, 1, 1, 0.964457, 0.964547, 1, 281, 1
395, 401, 412, 13305112, 5, 115, 104, 217, 24, 53, 1, 1, 1, 0.971203, 1, 281, 0
53, 478, 401, 13305112, 5, 162, 179, 85, 286, 130, 1, 1, 0.942547, 1, 0.821902, 281, 1
166, 481, 398, 13305112, 5, 85, 130, 104, 179, 286, 1, 0.77417, 1, 0.753495, 0.821665, 281, 0
300, 401, 433, 13305112, 5, 96, 179, 115, 104, 16, 1, 1, 1, 1, 0.701437, 281, 0
217, 401, 463, 13305113, 5, 173, 21, 107, 96, 104, 1, 1, 1, 0.698447, 1, 281, 0
286, 601, 444, 13305462, 6, 19, 90, 96, 332, 162, 1, 1, 1, 0.920163, 1, 281, 0
85, 598, 478, 13305462, 6, 128, 273, 84, 280, 332, 1, 1, 0.967602, 1, 1, 281, 0
179, 601, 483, 13305462, 6, 19, 90, 162, 377, 96, 1, 1, 1, 0.775142, 0.921179, 281, 1
323, 201, 24, 14299999, 1, 7, 98, 199, 123, 170, 1, 1, 1, 1, 1, 57, 0
123, 201, 99, 14300200, 2, 241, 13, 197, 313, 344, 1, 1, 0.881107, 0.9648, 0.970483, 57, 0
199, 198, 99, 14300200, 2, 241, 48, 159, 71, 249, 1, 1, 1, 0.945444, 1, 57, 0
98, 201, 121, 14300200, 2, 310, 241, 197, 27, 138, 1, 1, 1, 0.960322, 1, 57, 0
170, 300, -1, 14300200, 2, 378, 197, 61, 138, 373, 1, 1, 1, 0.878127, 1, 57, 0
7, 330, -1, 14300200, 2, 260, 158, 138, 197, 48, 1, 1, 0.939543, 0.881107, 0.826247, 57, 1
158, 401, 98, 14300614, 3, 122, 49, 356, 241, 378, 1, 1, 0.94701, 1, 0.86372, 57, 1
138, 398, 105, 14300614, 3, 88, 117, 41, 118, 49, 1, 1, 0.972165, 1, 1, 57, 0
378, 398, 187, 14304815, 4, 302, 88, 224, 41, 239, 1, 0.970072, 0.939978, 0.971724, 0.910315, 57, 0
356, 413, 198, 14304815, 4, 41, 91, 118, 116, 117, 1, 1, 1, 0.965142, 1, 57, 1
241, 338, 201, 14304815, 4, 302, 41, 118, 117, 116, 1, 1, 1, 1, 0.958684, 57, 0
117, 505, 198, 14313015, 5, 47, 86, 144, 206, 302, 1, 1, 0.776392, 0.768462, 1, 57, 0
116, 398, 289, 14313015, 5, 166, 104, 217, 279, 339, 1, 1, 1, 1, 1, 57, 0
118, 401, 297, 14313015, 5, 279, 381, 372, 349, 144, 0.954095, 1, 1, 0.916042, 0.753621, 57, 0
41, 401, 338, 14313015, 5, 166, 53, 115, 300, 339, 1, 1, 1, 0.967505, 0.963598, 57, 1
91, 601, 135, 14313015, 5, 206, 114, 137, 102, 272, 1, 1, 1, 0.958401, 0.881471, 57, 1
339, 428, 398, 14313364, 6, 21, 144, 16, 166, 104, 0.759092, 0.966973, 0.772244, 1, 1, 57, 0
53, 465, 401, 14313364, 6, 286, 179, 347, 35, 130, 1, 0.968207, 1, 0.860277, 0.842522, 57, 0
166, 493, 398, 14313365, 6, 130, 179, 347, 286, 85, 0.869581, 0.860629, 0.949841, 0.842308, 0.766081, 57, 1
115, 398, 488, 14313365, 6, 21, 96, 162, 173, 108, 1, 1, 1, 0.908656, 1, 57, 0
347, 601, 426, 14313792, 7, 111, 21, 130, 35, 179, 0.869629, 1, 1, 1, 1, 57, 0
286, 601, 457, 14313792, 7, 90, 332, 21, 87, 19, 0.778065, 0.93707, 1, 0.769168, 0.768955, 57, 0
179, 601, 496, 14313792, 7, 251, 90, 19, 21, 273, 1, 0.868766, 0.768955, 1, 0.646404, 57, 1
137, 696, 198, 14317216, 6, 124, 58, 367, 290, 114, 1, 0.873958, 0.786684, 0.914377, 1, 57, 1
102, 738, 198, 14317216, 6, 306, 187, 40, 126, 250, 1, 0.933386, 1, 0.859584, 0.965196, 57, 0
272, 741, 201, 14317216, 6, 58, 126, 40, 250, 187, 0.969145, 1, 1, 1, 0.794667, 57, 0
21, 601, 542, 14317992, 8, 334, 377, 318, 251, 84, 1, 1, 1, 1, 1, 57, 0
273, 656, 598, 14317992, 8, 84, 143, 334, 111, 377, 1, 0.966134, 0.757846, 1, 0.752275, 57, 0
19, 598, 651, 14317993, 8, 318, 194, 240, 143, 128, 1, 1, 1, 1, 0.96959, 57, 1
114, 601, 303, 14325416, 7, 124, 35, 120, 85, 81, 1, 1, 1, 1, 1, 57, 0
58, 801, 350, 14325416, 7, 111, 76, 146, 139, 283, 1, 1, 0.76497, 0.94917, 0.955409, 57, 1
128, 690, 598, 14326193, 9, 37, 70, 6, 334, 371, 1, 1, 1, 1, 1, 57, 0
143, 710, 601, 14326193, 9, 171, 131, 37, 261, 6, 1, 1, 1, 1, 1, 57, 0
240, 652, 798, 14326193, 9, 297, 133, 6, 74, 194, 1, 1, 1, 0.864859, 1, 57, 0
283, 858, 398, 14329617, 8, 127, 277, 72, 111, 318, 1, 0.865014, 1, 1, 0.761307, 57, 0
76, 875, 401, 14329617, 8, 25, 9, 70, 228, 72, 1, 0.872313, 0.870197, 0.877085, 1, 57, 0
139, 898, 398, 14329617, 8, 212, 111, 148, 72, 25, 1, 1, 0.700157, 0.85933, 0.750962, 57, 0
146, 798, 508, 14329617, 8, 131, 261, 148, 9, 277, 1, 1, 1, 0.966033, 1, 57, 0
111, 801, 518, 14329617, 8, 131, 261, 70, 277, 202, 1, 1, 0.950149, 0.966155, 0.912568, 57, 1
277, 858, 598, 14329940, 9, 145, 39, 151, 94, 131, 1, 1, 0.875792, 1, 1, 57, 0
202, 899, 601, 14329940, 9, 223, 54, 145, 255, 39, 1, 0.968861, 0.96945, 1, 0.966808, 57, 0
261, 801, 663, 14329940, 9, 51, 151, 223, 297, 94, 1, 1, 0.945685, 1, 0.966023, 57, 0
131, 801, 688, 14329940, 9, 57, 51, 196, 301, 151, 1, 1, 0.873931, 0.924623, 0.768744, 57, 1
301, 828, 798, 14330212, 10, 57, 196, 211, 223, 151, 1, 1, 1, 1, 0.875688, 57, 0
51, 874, 801, 14330212, 10, 252, 57, 329, 196, 211, 1, 0.969314, 1, 1, 1, 57, 1
151, 998, 700, 14330212, 10, 252, 57, 329, 196, 355, 1, 0.969314, 1, 0.965233, 1, 57, 0
211, 903, 798, 14334412, 11, 57, 252, 329, 196, 10000000, 1, 1, 1, 0.960343, 0, 57, 0
196, 904, 801, 14334412, 11, 57, 252, 329, 10000000, 10000000, 1, 1, 1, 0, 0, 57, 0
252, 946, 801, 14334412, 11, 57, 10000000, 10000000, 10000000, 10000000, 1, 0, 0, 0, 0, 57, 1
329, 973, 801, 14334412, 11, 57, 252, 10000000, 10000000, 10000000, 1, 1, 0, 0, 0, 57, 0
365, 216, -1, 15299999, 1, 320, 7, 170, 98, 373, 1, 1, 1, 1, 0.799839, 39, 0
170, 313, -1, 15300200, 2, 61, 156, 138, 320, 288, 1, 0.91284, 0.915311, 0.968373, 0.913928, 39, 0
7, 342, -1, 15300200, 2, 378, 298, 260, 156, 158, 1, 1, 1, 0.964737, 0.969537, 39, 0
320, 401, 33, 15300200, 2, 48, 49, 298, 260, 158, 1, 0.789488, 1, 0.969128, 1, 39, 1
158, 401, 113, 15300471, 3, 380, 239, 285, 49, 122, 1, 1, 1, 1, 0.881463, 39, 0
260, 398, 121, 15300471, 3, 117, 239, 118, 41, 244, 1, 0.914596, 1, 0.971649, 1, 39, 0
48, 401, 144, 15300471, 3, 312, 91, 117, 116, 244, 1, 1, 1, 1, 0.959926, 39, 1
298, 531, 1, 15300472, 3, 155, 91, 183, 291, 12, 1, 0.971581, 1, 1, 1, 39, 1
244, 467, 198, 15300756, 4, 114, 206, 47, 287, 88, 1, 1, 0.884672, 0.877973, 1, 39, 0
117, 518, 198, 15300756, 4, 290, 47, 86, 206, 88, 1, 1, 1, 0.873728, 1, 39, 1
116, 398, 275, 15300756, 4, 166, 279, 339, 312, 104, 1, 0.967935, 1, 1, 0.969625, 39, 1
12, 598, 45, 15308672, 4, 102, 287, 312, 91, 239, 0.970069, 0.971781, 1, 1, 0.969856, 39, 0
291, 601, 71, 15308672, 4, 114, 213, 137, 47, 86, 1, 1, 1, 1, 1, 39, 0
183, 598, 80, 15308672, 4, 137, 114, 102, 287, 86, 1, 0.970619, 0.970069, 1, 1, 39, 0
88, 568, 198, 15308956, 5, 114, 213, 287, 86, 47, 1, 1, 0.965401, 1, 0.94321, 39, 0
47, 598, 248, 15308956, 5, 120, 347, 81, 345, 286, 0.968928, 1, 0.859557, 1, 0.845323, 39, 0
206, 598, 292, 15308956, 5, 306, 35, 187, 234, 120, 1, 0.971863, 1, 0.942087, 1, 39, 0
86, 646, 201, 15308956, 5, 58, 120, 126, 250, 319, 0.967824, 1, 0.971307, 0.969805, 1, 39, 0
290, 598, 326, 15308956, 5, 35, 120, 81, 187, 179, 0.971863, 1, 1, 0.91641, 0.969978, 39, 1
81, 658, 401, 15309241, 6, 111, 283, 398, 367, 306, 0.970524, 0.971201, 1, 1, 1, 39, 0
120, 703, 398, 15309241, 6, 280, 146, 76, 398, 306, 1, 1, 1, 0.963132, 1, 39, 1
179, 601, 510, 15309241, 6, 251, 128, 306, 90, 120, 1, 1, 1, 0.909762, 1, 39, 0
339, 438, 398, 15312956, 5, 24, 166, 144, 21, 286, 0.962916, 1, 0.970577, 0.638056, 0.603719, 39, 0
306, 768, 401, 15313441, 7, 318, 111, 146, 139, 93, 1, 0.970085, 0.968629, 1, 0.967923, 39, 0
398, 787, 401, 15313441, 7, 111, 70, 139, 93, 87, 1, 0.771407, 1, 0.967923, 1, 39, 0
280, 798, 525, 15313441, 7, 256, 202, 148, 9, 72, 1, 1, 1, 0.862351, 1, 39, 1
256, 930, 601, 15313895, 8, 255, 39, 376, 341, 397, 1, 0.959852, 1, 1, 1, 39, 1
9, 953, 598, 15313895, 8, 255, 376, 151, 39, 341, 1, 0.962648, 0.955827, 0.685608, 1, 39, 0
72, 998, 467, 15313895, 8, 255, 376, 341, 397, 9, 1, 1, 1, 1, 1, 39, 0
341, 964, 601, 15314166, 9, 39, 255, 376, 151, 10000000, 0.970379, 1, 1, 0.937173, 0, 39, 0
376, 985, 601, 15314166, 9, 39, 255, 10000000, 10000000, 10000000, 0.970379, 1, 0, 0, 0, 39, 0
397, 998, 587, 15314166, 9, 255, 376, 151, 39, 341, 1, 1, 1, 0.646919, 1, 39, 0
255, 1001, 671, 15314166, 9, 39, 10000000, 10000000, 10000000, 10000000, 0.862559, 0, 0, 0, 0, 39, 0
144, 489, 401, 15321157, 6, 286, 85, 347, 120, 179, 1, 1, 1, 0.860139, 0.861071, 39, 0
166, 504, 398, 15321157, 6, 234, 179, 347, 130, 286, 1, 0.964146, 0.956658, 0.906961, 0.858527, 39, 0
24, 555, 398, 15321157, 6, 234, 124, 35, 21, 81, 1, 1, 0.903484, 1, 0.933682, 39, 0
81, 658, 401, 15321454, 7, 111, 283, 398, 367, 306, 0.969248, 0.969923, 1, 1, 1, 39, 0
124, 692, 401, 15321454, 7, 377, 111, 93, 87, 283, 1, 0.969248, 0.96709, 0.967331, 0.969923, 39, 0
21, 601, 556, 15321454, 7, 84, 251, 128, 334, 318, 1, 1, 1, 0.784007, 0.785403, 39, 0
87, 798, 454, 15325655, 8, 202, 148, 334, 261, 377, 1, 1, 1, 0.965723, 0.96831, 39, 0
111, 801, 531, 15325655, 8, 376, 127, 202, 277, 148, 1, 1, 0.933823, 0.968126, 0.859997, 39, 0
277, 872, 598, 15329855, 9, 39, 9, 376, 256, 303, 1, 1, 0.903517, 1, 0.961165, 39, 0
148, 905, 598, 15329855, 9, 39, 255, 151, 341, 9, 1, 1, 1, 0.964165, 1, 39, 0
128, 703, 598, 15333655, 8, 277, 70, 334, 371, 171, 1, 1, 1, 1, 1, 39, 0
251, 731, 601, 15333655, 8, 9, 148, 202, 334, 277, 0.968036, 1, 0.842134, 1, 0.859817, 39, 0
84, 750, 598, 15333655, 8, 202, 277, 131, 371, 377, 1, 0.843626, 1, 0.965177, 1, 39, 0
377, 784, 601, 15334030, 9, 9, 148, 202, 277, 303, 0.967997, 1, 1, 0.967255, 0.770534, 39, 0
371, 801, 616, 15334030, 9, 151, 397, 9, 303, 148, 1, 1, 1, 1, 1, 39, 0
131, 801, 700, 15334030, 9, 341, 9, 148, 277, 329, 1, 0.967997, 1, 0.967255, 1, 39, 0
277, 872, 598, 15334030, 9, 39, 9, 376, 256, 303, 1, 1, 0.902382, 1, 0.960614, 39, 0
202, 884, 601, 15334030, 9, 255, 376, 341, 354, 39, 1, 1, 1, 1, 0.860715, 39, 0
341, 964, 601, 15334406, 10, 39, 255, 376, 151, 10000000, 0.968266, 1, 1, 0.93275, 0, 39, 0
376, 985, 601, 15334406, 10, 39, 255, 10000000, 10000000, 10000000, 0.968266, 1, 0, 0, 0, 39, 0
354, 998, 584, 15334406, 10, 39, 255, 376, 341, 397, 1, 1, 1, 1, 1, 39, 0
255, 1001, 671, 15334406, 10, 39, 10000000, 10000000, 10000000, 10000000, 0.860681, 0, 0, 0, 0, 39, 0
394, 8, -1, 16299999, 1, 17, 11, 343, 160, 153, 1, 1, 1, 1, 1, 333, 0
153, 125, -1, 16300200, 2, 344, 129, 199, 263, 149, 1, 1, 1, 0.92035, 1, 333, 0
160, 1, 125, 16300200, 2, 263, 17, 216, 238, 230, 1, 1, 0.84614, 0.789893, 0.823124, 333, 0
343, 159, 1, 16300200, 2, 123, 98, 263, 199, 235, 1, 0.969945, 0.972546, 1, 1, 333, 1
17, 31, 201, 16300200, 2, 249, 229, 313, 368, 56, 1, 0.930658, 1, 1, 1, 333, 1
56, 167, 198, 16300563, 3, 274, 241, 159, 249, 132, 1, 1, 0.968099, 1, 0.861616, 333, 0
199, 198, 72, 16308400, 3, 241, 159, 313, 368, 249, 0.947848, 0.970057, 0.971546, 1, 0.860163, 333, 0
235, 201, 76, 16308400, 3, 310, 241, 13, 100, 159, 1, 1, 1, 1, 0.823815, 333, 0
123, 201, 122, 16308400, 3, 193, 197, 13, 313, 241, 1, 0.935, 1, 0.971546, 0.873292, 333, 1
263, 198, 124, 16308400, 3, 159, 132, 260, 249, 197, 1, 0.968501, 1, 1, 0.959699, 333, 0
98, 201, 143, 16308400, 3, 310, 159, 249, 260, 193, 1, 0.970057, 1, 1, 1, 333, 0
13, 198, 231, 16308659, 4, 274, 363, 188, 399, 366, 1, 1, 0.86173, 1, 1, 333, 0
197, 277, 201, 16308659, 4, 118, 116, 314, 356, 117, 0.967885, 1, 1, 0.970445, 0.862377, 333, 1
313, 201, 247, 16308659, 4, 168, 23, 399, 336, 18, 0.79279, 0.968936, 0.917376, 0.918034, 0.787766, 333, 0
241, 311, 201, 16308659, 4, 118, 41, 302, 116, 49, 1, 0.967956, 0.91674, 0.968239, 1, 333, 0
116, 398, 260, 16312859, 5, 166, 339, 349, 300, 279, 1, 1, 1, 0.967181, 0.96519, 333, 1
356, 420, 198, 16312859, 5, 45, 118, 312, 117, 224, 1, 1, 0.954693, 1, 0.873615, 333, 0
166, 516, 398, 16317060, 6, 173, 286, 130, 179, 81, 1, 0.962575, 0.929443, 0.860826, 1, 333, 1
130, 598, 475, 16317500, 7, 128, 273, 90, 251, 21, 1, 1, 0.962837, 0.869327, 1, 333, 0
286, 601, 488, 16317500, 7, 251, 143, 146, 21, 111, 1, 1, 1, 1, 0.780619, 333, 1
21, 601, 570, 16321701, 8, 251, 84, 128, 377, 318, 1, 0.966855, 1, 0.864482, 0.879709, 333, 0
143, 688, 601, 16321701, 8, 131, 171, 261, 37, 334, 1, 1, 0.966175, 1, 1, 333, 1
37, 798, 647, 16325901, 9, 301, 211, 223, 252, 51, 1, 0.966264, 0.970163, 0.915664, 0.842849, 333, 0
261, 801, 688, 16325901, 9, 252, 6, 223, 196, 94, 1, 1, 0.823821, 0.755365, 0.859229, 333, 0
131, 801, 712, 16325901, 9, 223, 51, 301, 74, 57, 1, 1, 0.949059, 0.902323, 0.823942, 333, 1
301, 847, 798, 16326251, 10, 152, 133, 69, 248, 211, 1, 1, 0.858847, 1, 1, 333, 0
51, 851, 801, 16326251, 10, 203, 226, 63, 133, 152, 0.967723, 1, 0.859367, 0.96651, 0.753168, 333, 0
223, 891, 798, 16326251, 10, 97, 63, 258, 152, 226, 1, 1, 1, 1, 1, 333, 1
226, 1001, 878, 16326626, 11, 97, 333, 383, 391, 375, 1, 0.951435, 0.962541, 0.957274, 0.962346, 333, 0
152, 998, 890, 16326626, 11, 333, 97, 391, 383, 375, 1, 1, 1, 1, 1, 333, 0
258, 998, 916, 16326626, 11, 333, 97, 391, 383, 375, 1, 1, 1, 1, 1, 333, 1
375, 998, 983, 16334826, 12, 333, 97, 391, 383, 10000000, 1, 1, 1, 1, 0, 333, 0
383, 998, 991, 16334826, 12, 333, 97, 391, 10000000, 10000000, 1, 1, 1, 0, 0, 333, 0
391, 998, 991, 16334826, 12, 333, 97, 383, 10000000, 10000000, 1, 1, 1, 0, 0, 333, 0
97, 960, 998, 16334827, 12, 333, 10000000, 10000000, 10000000, 10000000, 1, 0, 0, 0, 0, 333, 0
379, 1, 227, 17299999, 1, 83, 56, 313, 216, 262, 1, 1, 0.887939, 1, 0.780475, 375, 0
216, 130, 198, 17300200, 2, 399, 386, 110, 241, 197, 1, 1, 1, 1, 1, 375, 0
262, 103, 401, 17300200, 2, 65, 274, 299, 205, 311, 0.968913, 1, 1, 0.968808, 1, 375, 0
313, 201, 260, 17300200, 2, 188, 278, 23, 363, 399, 1, 1, 0.96999, 0.879477, 0.938585, 375, 1
23, 201, 378, 17308401, 3, 45, 188, 278, 274, 335, 0.965689, 1, 1, 1, 0.871123, 375, 1
399, 198, 387, 17308401, 3, 381, 45, 188, 278, 65, 1, 1, 1, 1, 1, 375, 0
274, 299, 398, 17316601, 4, 144, 300, 388, 53, 45, 1, 1, 1, 0.872559, 1, 375, 0
278, 310, 401, 17316601, 4, 104, 166, 217, 339, 279, 0.966707, 0.969795, 0.968171, 1, 0.968547, 375, 1
335, 340, 401, 17316601, 4, 104, 217, 279, 300, 339, 1, 1, 1, 1, 1, 375, 0
266, 304, -1, 18299999, 1, 159, 325, 254, 241, 373, 1, 1, 1, 0.882214, 1, 226, 0
373, 401, 32, 18300200, 2, 48, 158, 325, 254, 378, 0.971828, 1, 0.943517, 1, 0.823977, 226, 0
254, 401, 116, 18300200, 2, 88, 312, 122, 116, 356, 1, 1, 1, 1, 1, 226, 0
325, 398, 121, 18300200, 2, 118, 117, 244, 314, 41, 0.970924, 0.972446, 1, 1, 0.862081, 226, 1
314, 473, 198, 18304400, 3, 290, 206, 339, 86, 88, 1, 1, 0.909301, 1, 1, 226, 0
244, 505, 198, 18304400, 3, 114, 290, 206, 86, 88, 0.944452, 1, 0.917773, 1, 1, 226, 1
88, 592, 198, 18312601, 4, 124, 114, 287, 102, 213, 1, 1, 1, 0.874508, 1, 226, 0
86, 611, 201, 18312601, 4, 114, 290, 250, 102, 137, 1, 0.954121, 0.752984, 0.970397, 1, 226, 0
206, 598, 251, 18312601, 4, 347, 120, 367, 81, 24, 1, 0.970779, 0.88253, 0.96407, 0.966364, 226, 0
290, 598, 288, 18312601, 4, 250, 81, 85, 120, 24, 1, 1, 1, 0.862914, 1, 226, 1
24, 588, 398, 18316801, 5, 179, 243, 286, 21, 347, 1, 1, 1, 0.86273, 0.971138, 226, 0
81, 622, 401, 18316801, 5, 318, 58, 179, 367, 398, 0.881321, 1, 1, 1, 0.969903, 226, 1
85, 598, 417, 18316801, 5, 19, 273, 179, 367, 286, 0.927456, 0.863094, 1, 1, 1, 226, 0
179, 601, 550, 18321002, 6, 318, 128, 309, 143, 251, 1, 1, 1, 1, 0.92934, 226, 1
143, 666, 601, 18329202, 7, 131, 171, 334, 371, 261, 1, 1, 0.968854, 1, 0.859747, 226, 0
251, 690, 601, 18329202, 7, 131, 194, 261, 171, 297, 1, 1, 1, 1, 0.951317, 226, 0
318, 731, 601, 18329202, 7, 131, 261, 334, 148, 297, 1, 0.967215, 1, 1, 0.951317, 226, 1
334, 801, 677, 18329565, 8, 252, 145, 301, 223, 131, 1, 0.864821, 0.822412, 0.753758, 1, 226, 0
297, 798, 689, 18329565, 8, 211, 223, 301, 51, 248, 0.967041, 0.969118, 1, 1, 0.965434, 226, 0
261, 801, 711, 18329565, 8, 329, 223, 252, 196, 74, 1, 0.861438, 0.867937, 0.90157, 1, 226, 1
196, 852, 801, 18333765, 9, 307, 226, 101, 203, 57, 1, 0.966041, 0.969435, 0.859319, 1, 226, 0
252, 890, 801, 18333765, 9, 226, 152, 307, 203, 63, 1, 1, 1, 0.966734, 1, 226, 0
223, 919, 798, 18333765, 9, 226, 152, 258, 63, 57, 1, 1, 0.908147, 0.870384, 1, 226, 0
329, 931, 801, 18333765, 9, 226, 152, 307, 203, 258, 1, 0.965444, 1, 0.966734, 0.860866, 226, 1
152, 998, 868, 18334219, 10, 258, 226, 307, 10000000, 10000000, 1, 0.965994, 1, 0, 0, 226, 0
307, 1001, 874, 18334219, 10, 226, 258, 10000000, 10000000, 10000000, 1, 1, 0, 0, 0, 226, 0
258, 998, 892, 18334219, 10, 226, 10000000, 10000000, 10000000, 10000000, 0.965994, 0, 0, 0, 0, 226, 0
203, 1001, 947, 18334219, 10, 226, 258, 152, 307, 321, 1, 1, 0.965397, 1, 1, 226, 0
307, 1001, 874, 18338419, 11, 226, 258, 10000000, 10000000, 10000000, 1, 1, 0, 0, 0, 226, 0
258, 998, 892, 18338419, 11, 226, 10000000, 10000000, 10000000, 10000000, 0.965558, 0, 0, 0, 0, 226, 0
216, 155, 198, 19299999, 1, 249, 241, 313, 197, 368, 1, 1, 1, 1, 1, 171, 0
368, 201, 248, 19300200, 2, 335, 278, 224, 18, 159, 1, 1, 0.883841, 1, 1, 171, 0
197, 240, 201, 19300200, 2, 351, 116, 274, 159, 48, 0.921574, 1, 0.877803, 1, 0.966137, 171, 0
313, 201, 286, 19300200, 2, 188, 224, 159, 132, 23, 1, 0.78594, 0.969352, 1, 0.862729, 171, 0
241, 272, 201, 19300200, 2, 372, 356, 314, 116, 118, 0.88064, 1, 0.972864, 1, 0.862152, 171, 1
249, 201, 319, 19300200, 2, 311, 159, 113, 116, 188, 0.931186, 0.969352, 1, 0.796485, 0.689578, 171, 1
113, 198, 423, 19300653, 3, 188, 274, 224, 335, 278, 1, 1, 1, 0.932806, 1, 171, 1
116, 398, 222, 19304400, 3, 372, 349, 166, 41, 381, 0.970174, 0.968573, 0.862486, 1, 0.972487, 171, 0
356, 446, 198, 19304400, 3, 118, 117, 312, 244, 339, 0.969483, 0.971941, 0.970216, 1, 0.697798, 171, 1
118, 401, 363, 19304401, 3, 347, 279, 339, 144, 372, 1, 1, 1, 1, 1, 171, 0
312, 517, 201, 19308601, 4, 114, 290, 206, 213, 47, 0.968728, 0.967082, 0.971795, 0.967648, 1, 171, 0
244, 518, 198, 19308601, 4, 114, 290, 272, 206, 86, 0.952641, 1, 1, 0.936114, 1, 171, 0
117, 573, 198, 19308601, 4, 290, 114, 350, 345, 206, 1, 0.861092, 1, 1, 0.952852, 171, 1
118, 401, 363, 19308601, 4, 347, 279, 339, 144, 372, 1, 1, 1, 1, 1, 171, 1
278, 290, 401, 19308854, 4, 339, 300, 349, 372, 53, 1, 0.96862, 1, 1, 1, 171, 0
335, 313, 401, 19308854, 4, 339, 300, 104, 217, 349, 1, 1, 0.969531, 0.971585, 1, 171, 0
144, 437, 401, 19309041, 5, 96, 243, 85, 24, 286, 1, 0.912287, 0.971, 1, 0.863047, 171, 0
372, 440, 398, 19309041, 5, 243, 166, 279, 339, 347, 1, 1, 1, 1, 0.697515, 171, 0
339, 494, 398, 19309041, 5, 162, 179, 243, 85, 130, 1, 0.949227, 0.912287, 1, 0.909649, 171, 0
279, 525, 398, 19309041, 5, 332, 243, 130, 81, 85, 1, 1, 1, 1, 0.952227, 171, 1
206, 598, 237, 19312801, 5, 347, 367, 81, 120, 114, 0.971404, 0.918439, 0.967913, 0.859948, 1, 171, 0
290, 598, 275, 19312801, 5, 81, 85, 24, 120, 114, 1, 1, 1, 0.859948, 1, 171, 1
345, 711, 201, 19312801, 5, 87, 367, 250, 319, 126, 1, 0.918439, 1, 1, 0.755005, 171, 0
350, 753, 201, 19312801, 5, 250, 58, 114, 319, 126, 1, 0.859925, 1, 1, 0.755005, 171, 0
130, 598, 438, 19313242, 6, 273, 19, 21, 179, 96, 0.862751, 1, 1, 1, 1, 171, 0
243, 598, 489, 19313242, 6, 273, 143, 84, 128, 90, 1, 1, 0.862867, 0.860884, 1, 171, 0
332, 598, 513, 19313242, 6, 273, 143, 128, 84, 90, 1, 1, 0.860884, 0.755009, 1, 171, 1
90, 608, 601, 19313617, 7, 128, 84, 377, 273, 251, 1, 0.970686, 0.968801, 1, 1, 171, 0
143, 655, 601, 19313617, 7, 171, 334, 371, 37, 84, 1, 0.96823, 0.96704, 0.969329, 1, 171, 0
273, 719, 598, 19313617, 7, 171, 371, 37, 84, 297, 1, 0.845512, 0.93412, 1, 0.877515, 171, 1
84, 791, 598, 19313915, 8, 171, 371, 334, 297, 37, 0.963515, 1, 0.967596, 0.685706, 0.753898, 171, 0
371, 801, 648, 19313915, 8, 171, 10000000, 10000000, 10000000, 10000000, 1, 0, 0, 0, 0, 171, 0
297, 798, 677, 19313915, 8, 171, 371, 10000000, 10000000, 10000000, 1, 1, 0, 0, 0, 171, 0
319, 801, 286, 19321002, 6, 87, 58, 367, 126, 120, 1, 0.966564, 1, 1, 0.868206, 171, 0
250, 801, 329, 19321002, 6, 58, 87, 398, 76, 120, 1, 1, 1, 1, 0.915286, 171, 0
349, 401, 466, 19321054, 5, 332, 347, 130, 166, 279, 1, 1, 0.906348, 0.968558, 1, 171, 0
217, 401, 542, 19321054, 5, 166, 347, 162, 279, 173, 0.968558, 0.695572, 0.646275, 0.970063, 0.635352, 171, 0
339, 494, 398, 19321054, 5, 162, 179, 243, 85, 130, 1, 0.947067, 0.908966, 1, 0.906348, 171, 0
398, 787, 401, 19321351, 7, 111, 280, 58, 146, 87, 0.967058, 0.966017, 1, 0.753897, 1, 171, 0
76, 818, 401, 19321351, 7, 280, 146, 58, 303, 111, 0.925922, 1, 0.961784, 1, 0.537254, 171, 0
87, 798, 409, 19321351, 7, 111, 84, 318, 334, 280, 1, 0.958475, 0.862069, 0.752442, 1, 171, 0
120, 754, 398, 19321351, 7, 377, 84, 70, 146, 58, 1, 0.913391, 0.782142, 1, 1, 171, 0
58, 801, 426, 19321351, 7, 202, 256, 70, 111, 128, 1, 1, 0.903628, 0.821087, 0.784424, 171, 0
85, 598, 410, 19321495, 6, 318, 286, 179, 332, 21, 1, 1, 0.969592, 0.970212, 0.86047, 171, 0
130, 598, 438, 19321495, 6, 273, 19, 21, 179, 96, 0.861984, 1, 1, 1, 1, 171, 0
243, 598, 489, 19321495, 6, 273, 143, 84, 128, 90, 1, 1, 0.8621, 0.86012, 1, 171, 0
111, 801, 579, 19321727, 8, 171, 371, 297, 334, 70, 1, 1, 1, 0.966683, 0.969695, 171, 0
143, 655, 601, 19329695, 7, 171, 334, 371, 37, 84, 1, 0.966558, 0.965372, 0.967653, 1, 171, 0
84, 791, 598, 19333896, 8, 171, 371, 334, 297, 37, 0.961201, 1, 0.965263, 0.683832, 0.752279, 171, 0
37, 798, 612, 19333896, 8, 171, 371, 297, 334, 10000000, 1, 1, 1, 1, 0, 171, 0
371, 801, 648, 19333896, 8, 171, 10000000, 10000000, 10000000, 10000000, 1, 0, 0, 0, 0, 171, 0
334, 801, 692, 19333896, 8, 171, 371, 297, 10000000, 10000000, 1, 1, 1, 0, 0, 171, 0
70, 812, 601, 19334219, 9, 371, 297, 334, 37, 171, 1, 0.953795, 1, 1, 0.68375, 171, 0
371, 801, 648, 19334219, 9, 171, 10000000, 10000000, 10000000, 10000000, 1, 0, 0, 0, 0, 171, 0
297, 798, 677, 19334219, 9, 171, 371, 10000000, 10000000, 10000000, 1, 1, 0, 0, 0, 171, 0
334, 801, 692, 19334219, 9, 171, 371, 297, 10000000, 10000000, 1, 1, 1, 0, 0, 171, 0
279, 526, 398, 19337255, 6, 332, 243, 130, 81, 85, 1, 1, 1, 1, 0.947982, 171, 0
130, 598, 438, 19337255, 6, 273, 19, 21, 179, 96, 0.860522, 1, 1, 1, 1, 171, 0
179, 601, 563, 19337695, 7, 37, 128, 318, 84, 251, 1, 1, 1, 0.819716, 0.939704, 171, 0
21, 601, 592, 19337695, 7, 377, 128, 273, 318, 251, 0.938171, 0.965952, 1, 0.945274, 1, 171, 0
19, 599, 602, 19337695, 7, 37, 128, 273, 84, 143, 1, 0.963075, 1, 0.819716, 0.960149, 171, 0
143, 655, 601, 19341895, 8, 171, 334, 371, 37, 84, 1, 0.965293, 0.96411, 0.966385, 1, 171, 0
273, 719, 598, 19341896, 8, 171, 371, 37, 84, 297, 1, 0.842634, 0.927992, 1, 0.866761, 171, 0
128, 753, 598, 19341896, 8, 171, 371, 297, 334, 37, 1, 1, 1, 1, 0.95981, 171, 0
37, 798, 612, 19346096, 9, 171, 371, 297, 334, 10000000, 1, 1, 1, 1, 0, 171, 0
371, 801, 648, 19346096, 9, 171, 10000000, 10000000, 10000000, 10000000, 1, 0, 0, 0, 0, 171, 0
297, 798, 677, 19346096, 9, 171, 371, 10000000, 10000000, 10000000, 1, 1, 0, 0, 0, 171, 0
334, 801, 693, 19346096, 9, 171, 371, 297, 10000000, 10000000, 1, 1, 1, 0, 0, 171, 0
297, 798, 677, 19346419, 10, 171, 371, 10000000, 10000000, 10000000, 1, 1, 0, 0, 0, 171, 0
371, 801, 648, 19346419, 10, 171, 10000000, 10000000, 10000000, 10000000, 1, 0, 0, 0, 0, 171, 0
