source_id,source_x,source_y,time,hop,pri_1_id,pri_2_id,pri_3_id,pri_4_id,pri_5_id,pri_1_r,pri_2_r,pri_3_r,pri_4_r,pri_5_r,des_id,inter_1id ,inter_2id ,inter_3id ,inter_4id ,inter_5id ,send_log
132, 201, 244, 10299999, 1, 299, 305, 399, 386, 363, 0.916736, 0.757727, 0.646528, 0.323306, 0.275721, 211, 1, 1, 1, 1, 1, 0
305, 198, 387, 10300200, 2, 65, 188, 45, 205, 274, 1, 1, 0.863595, 1, 1, 211, 0, 0, 0, 0, 1, 1
399, 198, 387, 10300200, 2, 65, 222, 45, 188, 299, 1, 0.872306, 0.863595, 0.972873, 1, 211, 0, 0, 0, 0, 1, 0
363, 201, 412, 10300200, 2, 274, 299, 222, 65, 188, 1, 1, 0.862153, 1, 1, 211, 1, 1, 0, 0, 0, 0
274, 219, 398, 10304618, 3, 45, 395, 188, 65, 335, 0.971081, 0.638886, 1, 0.859999, 0.477455, 211, 0, 1, 0, 0, 1, 0
188, 248, 398, 10304618, 3, 372, 168, 278, 45, 335, 1, 0.864194, 0.797089, 0.971081, 0.647339, 211, 1, 0, 0, 0, 1, 1
205, 201, 446, 10304618, 3, 210, 222, 65, 113, 188, 0.78321, 0.861742, 1, 0.723848, 0.756318, 211, 0, 0, 0, 0, 0, 0
65, 201, 485, 10304618, 3, 276, 210, 222, 113, 45, 0.756382, 0.758084, 0.79406, 0.723848, 0.431592, 211, 1, 0, 0, 0, 0, 1
113, 198, 532, 10305036, 4, 67, 210, 276, 222, 107, 0.972434, 1, 0.968844, 1, 0.537403, 211, 0, 0, 1, 0, 0, 0
222, 198, 564, 10305037, 4, 276, 184, 246, 136, 67, 1, 0.120881, 0.137435, 0.188541, 1, 211, 1, 1, 1, 1, 0, 0
276, 201, 618, 10305037, 4, 324, 107, 67, 210, 295, 0.306352, 0.859845, 0.972434, 0.968347, 0.551301, 211, 1, 0, 0, 0, 0, 1
210, 201, 645, 10305455, 5, 55, 246, 67, 107, 295, 0.215304, 0.215708, 0.97239, 0.644855, 0.725646, 211, 1, 1, 0, 0, 0, 0
67, 201, 691, 10305455, 5, 246, 324, 295, 107, 178, 0.91006, 0.845838, 0.950222, 0.429903, 0.648058, 211, 1, 1, 0, 0, 0, 0
295, 198, 780, 10305455, 5, 246, 324, 136, 3, 271, 1, 1, 0.96834, 0.7533, 1, 211, 1, 1, 0, 0, 1, 0
324, 201, 812, 10305455, 5, 3, 136, 271, 10000000, 10000000, 0.968528, 1, 1, 0, 0, 211, 0, 0, 1, 1, 1, 1
271, 220, 798, 10305873, 6, 95, 215, 352, 3, 136, 0.956956, 0.822987, 0.75559, 0.860875, 1, 211, 0, 0, 1, 0, 0, 0
136, 247, 798, 10305874, 6, 215, 292, 3, 227, 352, 0.797027, 0.610181, 0.860875, 0.539648, 0.431765, 211, 0, 1, 0, 1, 1, 0
3, 275, 798, 10305874, 6, 292, 352, 215, 181, 227, 0.95356, 0.847387, 0.822987, 0.608805, 0.647578, 211, 1, 1, 0, 0, 1, 1
215, 354, 801, 10306292, 7, 289, 169, 82, 181, 292, 0.21499, 0.137587, 1, 1, 0.969464, 211, 1, 1, 0, 0, 0, 0
227, 381, 801, 10306292, 7, 360, 33, 257, 82, 181, 1, 1, 0.872467, 1, 0.969358, 211, 1, 0, 0, 0, 0, 0
352, 387, 801, 10306292, 7, 82, 33, 181, 317, 141, 1, 0.913535, 1, 0.610375, 0.605677, 211, 0, 0, 0, 1, 0, 1
45, 283, 398, 10309036, 4, 300, 278, 395, 166, 372, 0.965663, 0.862224, 0.756116, 0.700647, 0.685717, 211, 1, 0, 1, 0, 1, 0
168, 354, 401, 10309036, 4, 24, 104, 166, 217, 279, 1, 0.971018, 1, 1, 1, 211, 0, 0, 0, 0, 1, 0
278, 379, 401, 10309037, 4, 351, 302, 279, 372, 339, 1, 0.971058, 1, 1, 1, 211, 1, 1, 1, 1, 1, 0
335, 387, 401, 10309037, 4, 347, 115, 24, 104, 166, 1, 1, 1, 0.971018, 1, 211, 1, 0, 0, 0, 0, 0
372, 412, 398, 10309037, 4, 144, 53, 24, 104, 166, 0.94233, 0.952157, 0.96322, 1, 1, 211, 0, 0, 0, 0, 0, 1
166, 445, 398, 10309455, 5, 24, 53, 144, 286, 347, 1, 0.752344, 0.539608, 0.464406, 0.317605, 211, 0, 0, 0, 1, 1, 0
104, 401, 467, 10309455, 5, 115, 154, 10000000, 10000000, 10000000, 0.863418, 0.483289, 0, 0, 0, 211, 0, 0, 1, 1, 1, 0
24, 485, 398, 10309455, 5, 144, 286, 120, 53, 347, 1, 0.724885, 0.549251, 0.752344, 0.431937, 211, 0, 1, 0, 0, 1, 0
53, 516, 401, 10309455, 5, 35, 120, 286, 347, 290, 0.970091, 1, 1, 1, 0.86019, 211, 0, 0, 1, 1, 1, 0
144, 554, 401, 10309455, 5, 367, 179, 35, 21, 286, 1, 1, 1, 0.862155, 1, 211, 1, 0, 0, 0, 1, 1
286, 601, 419, 10309873, 6, 21, 332, 179, 130, 35, 1, 0.635319, 1, 0.63727, 0.862264, 211, 0, 1, 0, 0, 0, 0
179, 601, 445, 10309873, 6, 21, 332, 85, 243, 130, 1, 0.570069, 0.537968, 0.361455, 0.323007, 211, 0, 1, 0, 1, 0, 1
35, 683, 398, 10309874, 6, 283, 398, 367, 306, 234, 0.755188, 0.7537, 0.685809, 0.548466, 1, 211, 1, 1, 1, 1, 0, 0
181, 444, 798, 10310710, 8, 384, 317, 82, 358, 257, 0.846791, 0.752018, 1, 0.686011, 0.644468, 211, 1, 1, 0, 1, 0, 0
82, 484, 798, 10310710, 8, 337, 194, 257, 387, 141, 1, 0.931111, 1, 0.955362, 0.947278, 211, 1, 0, 0, 1, 0, 1
33, 520, 801, 10310710, 8, 194, 240, 6, 337, 309, 0.969683, 1, 0.863713, 0.969585, 0.970967, 211, 0, 1, 0, 1, 1, 0
141, 551, 801, 10311129, 9, 6, 194, 240, 337, 393, 0.971633, 1, 1, 0.969541, 1, 211, 0, 0, 1, 1, 1, 0
257, 578, 801, 10311129, 9, 6, 194, 240, 337, 393, 1, 1, 1, 0.969541, 1, 211, 0, 0, 1, 1, 1, 0
387, 587, 801, 10311129, 9, 6, 194, 240, 337, 393, 1, 1, 1, 0.969541, 1, 211, 0, 0, 1, 1, 1, 0
194, 646, 798, 10311129, 9, 6, 223, 301, 248, 211, 1, 0.483379, 0.482826, 0.240925, 0.120541, 211, 0, 1, 1, 1, 1, 1
21, 601, 487, 10314292, 7, 332, 130, 243, 186, 85, 1, 0.84335, 0.647269, 0.548594, 0.549059, 211, 1, 0, 1, 0, 0, 1
85, 598, 515, 10314292, 7, 4, 186, 332, 243, 273, 1, 1, 1, 1, 0.859871, 211, 0, 0, 1, 1, 1, 0
332, 598, 587, 10314292, 7, 4, 128, 186, 309, 19, 1, 1, 1, 0.772875, 0.794328, 211, 0, 0, 0, 1, 0, 0
85, 598, 515, 10314710, 8, 4, 186, 332, 243, 273, 1, 1, 1, 1, 0.859832, 211, 0, 0, 1, 1, 1, 0
130, 598, 552, 10314710, 8, 4, 186, 19, 332, 273, 0.966239, 1, 0.907222, 1, 0.859832, 211, 0, 0, 0, 1, 1, 0
243, 598, 580, 10314710, 8, 337, 4, 186, 128, 332, 1, 1, 1, 0.970984, 1, 211, 1, 0, 0, 0, 1, 0
332, 598, 587, 10314710, 8, 4, 128, 186, 309, 19, 1, 1, 1, 0.772626, 0.794275, 211, 0, 0, 0, 1, 0, 1
186, 601, 647, 10314710, 8, 309, 360, 393, 19, 4, 0.796014, 0.323237, 0.214753, 0.962336, 1, 211, 1, 1, 1, 0, 0, 0
128, 642, 598, 10315128, 9, 371, 377, 318, 251, 277, 1, 0.754085, 0.602268, 0.536802, 0.137464, 211, 1, 1, 1, 1, 1, 0
186, 601, 647, 10315128, 9, 309, 360, 393, 19, 4, 0.795961, 0.323222, 0.214743, 0.962281, 1, 211, 1, 1, 1, 0, 0, 0
4, 601, 689, 10315128, 9, 309, 112, 236, 204, 393, 0.955153, 0.917413, 0.860982, 0.861878, 0.723331, 211, 1, 0, 0, 0, 1, 1
19, 598, 711, 10315128, 9, 337, 240, 360, 309, 236, 0.969124, 0.861903, 1, 1, 1, 211, 1, 1, 1, 1, 0, 0
204, 598, 752, 10315546, 10, 393, 360, 309, 337, 240, 1, 1, 1, 1, 0.969597, 211, 1, 1, 1, 1, 1, 0
236, 598, 778, 10315546, 10, 360, 309, 393, 6, 194, 1, 1, 0.964393, 0.863262, 0.969178, 211, 1, 1, 1, 0, 0, 0
112, 601, 858, 10315547, 10, 393, 360, 309, 337, 240, 1, 1, 1, 1, 0.969597, 211, 1, 1, 1, 1, 1, 0
6, 685, 798, 10315547, 10, 301, 248, 223, 211, 57, 0.879934, 0.859108, 0.483121, 0.438888, 0.316879, 211, 1, 1, 0, 0, 0, 1
301, 812, 798, 10315965, 11, 211, 223, 10000000, 10000000, 10000000, 1, 1, 0, 0, 0, 211, 0, 0, 1, 1, 1, 0
223, 822, 798, 10316383, 12, 211, 10000000, 10000000, 10000000, 10000000, 1, 0, 0, 0, 0, 211, 0, 1, 1, 1, 1, 0
234, 780, 401, 10318292, 7, 111, 280, 87, 146, 367, 1, 0.606732, 0.430023, 0.241168, 1, 211, 0, 1, 0, 0, 1, 0
306, 787, 401, 10318292, 7, 111, 146, 87, 334, 280, 1, 0.567225, 0.430023, 0.136681, 0.13758, 211, 0, 0, 0, 1, 1, 0
367, 787, 401, 10318292, 7, 87, 371, 111, 280, 146, 0.955746, 0.76023, 1, 0.361732, 0.322731, 211, 0, 1, 0, 1, 0, 0
251, 780, 601, 10319546, 10, 94, 131, 261, 37, 371, 1, 1, 1, 0.602903, 1, 211, 0, 0, 1, 0, 1, 0
318, 787, 601, 10319546, 10, 94, 131, 261, 297, 371, 1, 1, 1, 0.536631, 1, 211, 0, 0, 1, 1, 1, 0
377, 787, 601, 10319546, 10, 94, 131, 37, 297, 261, 1, 1, 0.684674, 0.606543, 1, 211, 0, 0, 0, 0, 1, 0
371, 801, 612, 10319547, 10, 94, 248, 131, 37, 171, 1, 0.762077, 1, 0.602903, 0.480887, 211, 0, 1, 0, 0, 0, 0
131, 801, 640, 10319965, 11, 94, 171, 297, 37, 133, 1, 0.700405, 0.536607, 0.430825, 0.188988, 211, 0, 0, 0, 0, 1, 0
94, 801, 683, 10319965, 11, 171, 37, 297, 133, 248, 0.945014, 0.964596, 0.643928, 0.566963, 0.42935, 211, 0, 0, 0, 0, 0, 0
37, 798, 719, 10319965, 11, 301, 248, 297, 223, 171, 0.966449, 1, 1, 0.859322, 1, 211, 1, 0, 0, 1, 0, 0
337, 612, 798, 10319965, 11, 301, 6, 194, 240, 223, 1, 1, 1, 1, 0.159159, 211, 1, 0, 0, 1, 1, 0
309, 598, 787, 10319965, 11, 6, 194, 240, 337, 248, 1, 1, 1, 0.968619, 0.233018, 211, 0, 0, 1, 1, 1, 0
360, 598, 787, 10319965, 11, 6, 194, 240, 337, 248, 1, 1, 1, 0.968619, 0.37879, 211, 0, 0, 1, 1, 1, 0
393, 598, 787, 10319965, 11, 6, 194, 240, 337, 133, 1, 1, 1, 0.968619, 0.158673, 211, 0, 0, 1, 1, 1, 0
171, 798, 755, 10319965, 11, 223, 301, 248, 211, 297, 0.966738, 1, 1, 0.754915, 0.965892, 211, 1, 1, 0, 0, 0, 0
37, 798, 719, 10320383, 12, 301, 248, 297, 223, 171, 0.966406, 1, 1, 0.859284, 1, 211, 1, 0, 0, 1, 0, 0
171, 798, 755, 10320383, 12, 223, 301, 248, 211, 297, 0.966694, 1, 1, 0.754881, 0.965848, 211, 1, 1, 0, 0, 0, 0
337, 612, 798, 10320383, 12, 301, 6, 194, 240, 223, 1, 1, 1, 1, 0.159148, 211, 1, 0, 0, 1, 1, 0
240, 618, 798, 10320383, 12, 6, 194, 211, 223, 10000000, 1, 1, 0.376018, 0.275033, 0, 211, 0, 0, 0, 1, 1, 0
297, 798, 778, 10320383, 12, 223, 211, 301, 248, 10000000, 1, 0.862722, 1, 1, 0, 211, 0, 0, 1, 0, 1, 0
194, 646, 798, 10320383, 12, 6, 223, 301, 248, 211, 1, 0.482839, 0.482287, 0.240657, 0.120407, 211, 0, 1, 1, 1, 1, 0
6, 685, 798, 10320383, 12, 301, 248, 223, 211, 57, 0.878065, 0.858662, 0.482839, 0.437959, 0.316637, 211, 1, 1, 0, 0, 0, 0
297, 798, 778, 10320801, 13, 223, 211, 301, 248, 10000000, 1, 0.862683, 1, 1, 0, 211, 0, 0, 1, 0, 1, 0
248, 801, 821, 10320801, 13, 223, 211, 301, 10000000, 10000000, 1, 0.970518, 1, 0, 0, 211, 0, 0, 1, 1, 1, 0
115, 398, 533, 10321873, 6, 79, 154, 162, 96, 182, 0.966805, 1, 0.645672, 0.43127, 0.64428, 211, 0, 0, 0, 0, 0, 0
154, 401, 638, 10321873, 6, 31, 108, 79, 96, 162, 0.120559, 1, 1, 0.646906, 0.753284, 211, 1, 0, 0, 0, 0, 0
79, 401, 680, 10326292, 7, 177, 108, 96, 292, 162, 0.867896, 1, 0.431065, 0.547099, 0.645365, 211, 0, 0, 0, 0, 0, 0
108, 398, 728, 10326292, 7, 292, 82, 177, 181, 31, 1, 0.537623, 1, 0.64485, 1, 211, 0, 0, 0, 0, 0, 0
111, 801, 467, 10326710, 8, 94, 371, 87, 280, 146, 0.761341, 0.751398, 0.956821, 0.687105, 0.722771, 211, 0, 1, 0, 0, 0, 0
87, 798, 518, 10326710, 8, 94, 131, 261, 371, 334, 0.969176, 1, 1, 1, 1, 211, 0, 0, 1, 1, 1, 0
371, 801, 612, 10326711, 8, 94, 248, 131, 37, 171, 1, 0.757939, 1, 0.602383, 0.480473, 211, 0, 1, 0, 0, 0, 0
334, 801, 612, 10327129, 9, 94, 131, 37, 261, 171, 1, 1, 0.602352, 1, 0.429746, 211, 0, 0, 0, 1, 0, 0
371, 801, 612, 10327129, 9, 94, 248, 131, 37, 171, 1, 0.757699, 1, 0.602352, 0.480449, 211, 0, 1, 0, 0, 0, 0
261, 801, 621, 10327129, 9, 94, 37, 131, 171, 297, 1, 0.753363, 1, 0.537183, 0.428955, 211, 0, 0, 0, 0, 0, 0
131, 801, 640, 10327129, 9, 94, 171, 297, 37, 133, 1, 0.699235, 0.536194, 0.430493, 0.188732, 211, 0, 0, 0, 0, 1, 0
94, 801, 683, 10327129, 9, 171, 37, 297, 133, 248, 0.943736, 0.963764, 0.643433, 0.566196, 0.42902, 211, 0, 0, 0, 0, 0, 0
37, 798, 719, 10327547, 10, 301, 248, 297, 223, 171, 0.965663, 1, 1, 0.858623, 1, 211, 1, 0, 0, 1, 0, 0
171, 798, 755, 10327547, 10, 223, 301, 248, 211, 297, 0.965951, 1, 1, 0.754299, 0.965106, 211, 1, 1, 0, 0, 0, 0
297, 798, 777, 10327547, 10, 223, 211, 301, 248, 10000000, 1, 0.862056, 1, 1, 0, 211, 0, 0, 1, 0, 1, 0
297, 798, 777, 10327965, 11, 223, 211, 301, 248, 10000000, 1, 0.862017, 1, 1, 0, 211, 0, 0, 1, 0, 1, 0
301, 812, 798, 10327965, 11, 211, 223, 10000000, 10000000, 10000000, 1, 1, 0, 0, 0, 211, 0, 0, 1, 1, 1, 0
248, 801, 821, 10327965, 11, 223, 211, 301, 10000000, 10000000, 1, 0.969769, 1, 0, 0, 211, 0, 0, 1, 1, 1, 0
292, 401, 821, 10330710, 8, 82, 181, 10000000, 10000000, 10000000, 0.859789, 0.966816, 0, 0, 0, 211, 0, 0, 1, 1, 1, 0
177, 401, 843, 10330710, 8, 82, 181, 292, 10000000, 10000000, 0.644842, 0.751968, 1, 0, 0, 211, 0, 0, 0, 1, 1, 0
223, 822, 798, 10332383, 12, 10000000, 10000000, 10000000, 10000000, 10000000, 0, 0, 0, 0, 0, 211, 1, 1, 1, 1, 1, 0
150, 145, 1, 11299999, 1, 7, 62, 170, 98, 123, 1, 0.956013, 1, 0.96959, 1, 87, 0, 0, 0, 0, 0, 0
170, 261, -1, 11300200, 2, 320, 149, 62, 7, 288, 0.920007, 0.947103, 0.964233, 1, 0.484044, 87, 1, 0, 0, 0, 0, 0
7, 293, -1, 11300200, 2, 156, 149, 320, 288, 254, 0.961424, 0.964801, 0.72411, 0.703337, 0.603241, 87, 0, 0, 1, 0, 1, 1
149, 342, 1, 11300618, 3, 338, 291, 155, 5, 158, 0.215367, 0.241392, 0.121105, 1, 1, 87, 1, 1, 1, 0, 0, 1
320, 401, 12, 11300618, 3, 48, 158, 5, 156, 100, 1, 1, 0.864329, 1, 0.754746, 87, 0, 0, 0, 0, 0, 0
288, 426, -1, 11300618, 3, 298, 61, 5, 48, 338, 0.799252, 1, 1, 0.861862, 0.430735, 87, 1, 0, 0, 0, 1, 0
56, 111, 198, 12299999, 1, 27, 129, 313, 159, 238, 0.882789, 1, 0.688515, 0.60573, 0.756566, 251, 0, 0, 1, 0, 0, 0
129, 135, 201, 12300200, 2, 344, 27, 159, 132, 249, 1, 1, 1, 0.971357, 1, 251, 1, 0, 0, 0, 0, 1
238, 166, 201, 12300200, 2, 27, 71, 159, 132, 23, 1, 1, 0.970614, 1, 0.86174, 251, 0, 0, 0, 0, 0, 0
313, 201, 215, 12300200, 2, 229, 23, 193, 386, 305, 1, 1, 0.956975, 0.539103, 0.538962, 251, 0, 0, 0, 1, 1, 0
27, 309, 198, 12304618, 3, 49, 241, 244, 197, 356, 1, 0.967174, 0.757526, 1, 0.688598, 251, 0, 0, 0, 0, 1, 1
197, 331, 201, 12309036, 4, 88, 117, 244, 378, 325, 0.967857, 1, 1, 1, 1, 251, 0, 0, 0, 1, 1, 0
241, 362, 201, 12309036, 4, 122, 88, 41, 49, 117, 1, 1, 0.96749, 1, 1, 251, 0, 0, 0, 0, 0, 0
356, 412, 198, 12309037, 4, 314, 122, 116, 88, 41, 1, 1, 1, 1, 0.967489, 251, 1, 0, 0, 0, 0, 0
244, 432, 198, 12309037, 4, 122, 88, 312, 117, 380, 1, 1, 0.687795, 1, 0.32265, 251, 0, 0, 1, 0, 1, 0
49, 489, 201, 12309037, 4, 380, 312, 137, 285, 287, 1, 1, 1, 0.647927, 0.967722, 251, 1, 1, 0, 1, 0, 1
312, 584, 201, 12309455, 5, 114, 380, 232, 359, 206, 0.971534, 1, 0.24076, 0.469363, 0.754618, 251, 0, 1, 1, 1, 0, 0
380, 587, 201, 12309455, 5, 47, 114, 213, 206, 102, 1, 1, 1, 0.753443, 1, 251, 0, 0, 0, 0, 0, 1
287, 636, 198, 12309455, 5, 359, 316, 345, 350, 385, 1, 0.607356, 0.6466, 0.602777, 0.318491, 251, 1, 1, 1, 1, 1, 0
114, 601, 283, 12309873, 6, 206, 179, 290, 286, 47, 0.826278, 0.548545, 0.645452, 0.539636, 1, 251, 0, 0, 0, 0, 0, 0
47, 598, 288, 12309873, 6, 21, 179, 286, 347, 85, 0.969682, 1, 1, 1, 0.881322, 251, 0, 0, 0, 1, 0, 1
102, 707, 198, 12309873, 6, 345, 350, 272, 213, 385, 1, 1, 1, 0.966011, 0.94258, 251, 1, 1, 0, 0, 1, 0
206, 598, 334, 12309874, 6, 130, 179, 286, 21, 347, 1, 1, 1, 0.86194, 1, 251, 0, 0, 0, 0, 1, 0
213, 732, 201, 12309874, 6, 126, 250, 58, 319, 345, 0.970217, 1, 0.644934, 1, 1, 251, 0, 0, 0, 1, 1, 1
286, 601, 434, 12310292, 7, 21, 179, 85, 35, 332, 1, 1, 0.754214, 0.755184, 0.602666, 251, 0, 0, 0, 0, 1, 1
85, 598, 491, 12310292, 7, 332, 243, 186, 130, 273, 1, 1, 1, 1, 0.753233, 251, 1, 0, 0, 0, 1, 0
345, 783, 201, 12318292, 7, 58, 126, 250, 187, 319, 1, 1, 1, 0.647373, 1, 251, 0, 0, 0, 0, 1, 0
319, 801, 215, 12318292, 7, 187, 58, 40, 126, 250, 1, 1, 0.970592, 1, 1, 251, 0, 0, 0, 0, 0, 1
179, 601, 470, 12318710, 8, 332, 243, 130, 21, 85, 0.687629, 0.943084, 1, 1, 0.845, 251, 1, 0, 0, 0, 0, 0
85, 598, 490, 12318710, 8, 332, 243, 186, 130, 273, 1, 1, 1, 1, 0.752551, 251, 1, 0, 0, 0, 1, 0
21, 601, 515, 12318710, 8, 332, 243, 130, 186, 10000000, 1, 1, 1, 0.537878, 0, 251, 1, 0, 0, 0, 1, 1
332, 598, 584, 12318710, 8, 128, 273, 84, 10000000, 10000000, 1, 0.967566, 0.646287, 0, 0, 251, 0, 0, 0, 1, 1, 0
130, 598, 527, 12319128, 9, 332, 273, 243, 128, 84, 1, 0.752518, 1, 0.647008, 0.430839, 251, 1, 1, 0, 0, 0, 0
243, 598, 566, 12319128, 9, 332, 128, 273, 84, 10000000, 1, 0.862678, 0.86002, 0.646258, 0, 251, 1, 0, 0, 0, 1, 0
332, 598, 584, 12319128, 9, 128, 273, 84, 10000000, 10000000, 1, 0.967523, 0.646258, 0, 0, 251, 0, 0, 0, 1, 1, 1
186, 601, 673, 12319129, 9, 332, 273, 128, 84, 243, 1, 0.86002, 0.647008, 0.538548, 1, 251, 1, 0, 0, 0, 0, 0
250, 801, 234, 12330710, 8, 58, 40, 187, 126, 10000000, 1, 1, 0.862009, 1, 0, 251, 0, 0, 0, 0, 1, 0
126, 801, 273, 12330710, 8, 187, 58, 40, 10000000, 10000000, 1, 1, 0.861594, 0, 0, 251, 0, 0, 0, 1, 1, 0
40, 798, 298, 12330710, 8, 111, 398, 367, 306, 187, 1, 0.859807, 0.859153, 0.858931, 1, 251, 0, 1, 1, 1, 0, 0
58, 801, 319, 12330710, 8, 87, 398, 187, 111, 10000000, 1, 1, 0.843027, 0.361153, 0, 251, 0, 1, 0, 0, 1, 0
187, 798, 336, 12330710, 8, 146, 111, 398, 367, 306, 1, 1, 1, 1, 1, 251, 0, 0, 1, 1, 1, 1
367, 787, 401, 12331128, 9, 111, 87, 280, 146, 371, 1, 0.964942, 0.546188, 0.565513, 0.30046, 251, 0, 0, 0, 0, 1, 0
398, 787, 401, 12331128, 9, 111, 280, 87, 146, 334, 1, 0.696373, 0.68333, 0.565513, 0.188712, 251, 0, 0, 0, 0, 1, 1
87, 798, 492, 12339547, 10, 318, 377, 371, 334, 280, 0.966533, 0.965076, 1, 1, 1, 251, 1, 1, 1, 1, 0, 0
111, 801, 494, 12339547, 10, 377, 146, 334, 280, 371, 1, 1, 0.753649, 0.753519, 0.545238, 251, 1, 0, 1, 0, 1, 1
146, 798, 530, 12339547, 10, 377, 318, 371, 334, 251, 1, 1, 1, 1, 0.85669, 251, 1, 1, 1, 1, 0, 0
146, 798, 530, 12339965, 11, 377, 318, 371, 334, 251, 1, 1, 1, 1, 0.856651, 251, 1, 1, 1, 1, 0, 0
280, 798, 564, 12339965, 11, 251, 318, 377, 371, 334, 0.963733, 1, 1, 1, 1, 251, 0, 1, 1, 1, 1, 0
377, 787, 601, 12339965, 11, 318, 251, 10000000, 10000000, 10000000, 1, 1, 0, 0, 0, 251, 1, 0, 1, 1, 1, 1
371, 801, 612, 12339965, 11, 318, 251, 377, 10000000, 10000000, 1, 1, 1, 0, 0, 251, 1, 0, 1, 1, 1, 0
334, 801, 615, 12339965, 11, 318, 251, 377, 371, 10000000, 1, 1, 1, 1, 0, 251, 1, 0, 1, 1, 1, 0
318, 784, 601, 12340383, 12, 10000000, 10000000, 10000000, 10000000, 10000000, 0, 0, 0, 0, 0, 251, 1, 1, 1, 1, 1, 0
90, 685, 601, 12340801, 13, 173, 10000, 10000, 10000, 10000, 1, 1, 1, 1, 1, 251, 0, 0, 0, 0, 0, 0
129, 122, 201, 13299999, 1, 344, 27, 159, 249, 313, 0.971907, 1, 1, 0.971131, 1, 384, 1, 0, 0, 0, 1, 0
159, 279, 198, 13300200, 2, 117, 314, 241, 27, 197, 1, 0.947144, 1, 1, 1, 384, 0, 0, 0, 0, 0, 1
197, 316, 201, 13308618, 3, 356, 378, 325, 117, 244, 1, 0.969521, 0.96949, 1, 1, 384, 1, 1, 1, 0, 0, 0
27, 325, 198, 13308618, 3, 356, 118, 49, 244, 241, 0.725942, 0.107982, 0.775417, 0.795627, 0.970296, 384, 1, 1, 0, 0, 0, 0
241, 351, 201, 13308618, 3, 378, 41, 356, 118, 380, 1, 0.863467, 1, 0.863853, 0.136881, 384, 1, 0, 1, 0, 1, 1
314, 421, 198, 13308618, 3, 137, 380, 41, 118, 312, 0.107956, 0.565416, 0.863467, 0.863853, 0.946337, 384, 1, 1, 0, 0, 0, 0
117, 490, 198, 13308619, 3, 380, 239, 312, 88, 122, 1, 1, 0.959394, 1, 0.951373, 384, 1, 0, 0, 0, 0, 1
122, 511, 201, 13309037, 4, 380, 114, 312, 239, 290, 1, 0.755966, 1, 1, 0.107919, 384, 1, 0, 0, 0, 1, 0
88, 539, 198, 13309037, 4, 312, 380, 239, 41, 10000000, 1, 0.967745, 0.724565, 0, 0, 384, 0, 1, 0, 0, 1, 0
239, 558, 201, 13309037, 4, 380, 114, 206, 290, 47, 1, 0.863962, 0.363168, 0.241843, 0.215335, 384, 1, 0, 0, 1, 0, 0
380, 587, 201, 13309037, 4, 347, 206, 114, 47, 290, 1, 1, 1, 1, 0.323756, 384, 1, 0, 0, 0, 0, 1
47, 598, 274, 13309455, 5, 179, 286, 21, 347, 290, 1, 1, 0.860703, 0.968041, 1, 384, 0, 0, 0, 1, 0, 0
114, 601, 293, 13309455, 5, 286, 290, 206, 179, 347, 1, 1, 0.847349, 0.482416, 0.430241, 384, 0, 0, 0, 0, 1, 0
206, 598, 320, 13309455, 5, 179, 286, 130, 347, 21, 1, 1, 0.871323, 1, 0.753115, 384, 0, 0, 0, 1, 0, 1
290, 598, 351, 13309456, 5, 21, 179, 85, 286, 347, 1, 1, 0.952044, 1, 1, 384, 0, 0, 0, 0, 1, 0
347, 601, 419, 13313874, 6, 21, 179, 85, 130, 332, 1, 1, 1, 0.846429, 0.687191, 384, 0, 0, 0, 0, 1, 0
286, 601, 445, 13313874, 6, 21, 179, 332, 85, 243, 1, 1, 0.645158, 0.845901, 0.603822, 384, 0, 0, 0, 0, 0, 1
378, 398, 187, 13317036, 4, 349, 41, 118, 395, 224, 1, 1, 1, 0.766351, 0.696309, 384, 1, 0, 0, 1, 0, 1
356, 412, 198, 13317036, 4, 118, 41, 116, 122, 88, 1, 0.862683, 0.765662, 1, 1, 384, 0, 0, 0, 0, 0, 0
118, 401, 284, 13317455, 5, 349, 395, 41, 224, 104, 1, 1, 1, 0.846561, 0.607639, 384, 1, 1, 0, 0, 0, 1
85, 598, 478, 13318292, 7, 186, 332, 4, 243, 21, 0.967924, 1, 0.754407, 1, 1, 384, 0, 0, 0, 0, 0, 0
179, 601, 483, 13318292, 7, 19, 243, 21, 130, 332, 1, 0.952179, 1, 1, 0.725431, 384, 0, 0, 0, 0, 0, 0
21, 601, 529, 13318292, 7, 204, 332, 19, 243, 186, 1, 1, 0.761102, 1, 0.645283, 384, 0, 0, 0, 0, 0, 1
332, 598, 579, 13318292, 7, 393, 4, 186, 19, 173, 1, 1, 1, 0.860342, 0.967756, 384, 1, 0, 0, 0, 0, 0
243, 598, 557, 13318710, 8, 186, 4, 204, 332, 173, 1, 0.754373, 0.637696, 1, 0.752665, 384, 0, 0, 0, 0, 0, 0
332, 598, 579, 13318710, 8, 393, 4, 186, 19, 173, 1, 1, 1, 0.860303, 0.967713, 384, 1, 0, 0, 0, 0, 1
19, 598, 666, 13318711, 8, 393, 360, 309, 236, 4, 1, 1, 1, 1, 1, 384, 1, 1, 0, 0, 0, 0
19, 598, 666, 13323129, 9, 393, 360, 309, 236, 4, 1, 1, 1, 1, 1, 384, 1, 1, 0, 0, 0, 0
186, 601, 688, 13323129, 9, 393, 236, 309, 4, 360, 1, 0.969658, 0.861167, 1, 0.757232, 384, 1, 0, 0, 0, 1, 1
41, 401, 326, 13325873, 6, 300, 395, 104, 302, 388, 1, 1, 0.821126, 0.965764, 0.820609, 384, 0, 1, 0, 0, 1, 0
224, 398, 346, 13325873, 6, 104, 115, 217, 300, 349, 1, 0.957429, 1, 1, 1, 384, 0, 0, 0, 0, 1, 0
349, 401, 414, 13325873, 6, 104, 217, 300, 166, 24, 1, 1, 1, 1, 0.861363, 384, 0, 0, 0, 0, 0, 1
300, 401, 434, 13326291, 7, 104, 115, 217, 154, 24, 1, 1, 1, 0.318187, 0.753659, 384, 0, 0, 0, 0, 0, 0
217, 401, 464, 13326291, 7, 104, 115, 154, 79, 10000000, 1, 1, 0.430559, 0.188491, 0, 384, 0, 0, 0, 0, 1, 0
104, 401, 502, 13326291, 7, 108, 154, 10000000, 10000000, 10000000, 1, 0.724819, 0, 0, 0, 384, 0, 0, 1, 1, 1, 1
154, 401, 673, 13326710, 8, 292, 79, 108, 96, 10000000, 1, 1, 1, 0.429211, 0, 384, 0, 0, 0, 0, 1, 1
108, 398, 687, 13331128, 9, 304, 352, 227, 292, 177, 0.860312, 0.859103, 0.645141, 1, 1, 384, 1, 1, 1, 0, 0, 0
79, 401, 720, 13331128, 9, 292, 352, 10000000, 10000000, 10000000, 0.820266, 1, 0, 0, 0, 384, 0, 1, 1, 1, 1, 0
292, 401, 844, 13331129, 9, 181, 82, 10000000, 10000000, 10000000, 0.753631, 0.644235, 0, 0, 0, 384, 0, 0, 1, 1, 1, 1
4, 601, 730, 13331547, 10, 387, 384, 358, 393, 360, 1, 1, 1, 1, 1, 384, 1, 1, 1, 1, 1, 0
236, 598, 748, 13331547, 10, 387, 384, 358, 317, 393, 1, 1, 1, 1, 1, 384, 1, 1, 1, 1, 1, 0
309, 598, 780, 13331547, 10, 387, 384, 358, 317, 393, 1, 1, 1, 1, 1, 384, 1, 1, 1, 1, 1, 0
360, 598, 787, 13331547, 10, 387, 384, 358, 317, 10000000, 1, 1, 1, 1, 0, 384, 1, 1, 1, 1, 1, 0
393, 598, 787, 13331547, 10, 387, 384, 358, 317, 10000000, 1, 1, 1, 1, 0, 384, 1, 1, 1, 1, 1, 1
358, 587, 801, 13331965, 11, 387, 384, 10000000, 10000000, 10000000, 1, 1, 0, 0, 0, 384, 1, 1, 1, 1, 1, 0
387, 587, 801, 13331965, 11, 384, 358, 10000000, 10000000, 10000000, 1, 1, 0, 0, 0, 384, 1, 1, 1, 1, 1, 0
317, 580, 801, 13331965, 11, 387, 384, 358, 10000000, 10000000, 1, 1, 1, 0, 0, 384, 1, 1, 1, 1, 1, 0
358, 587, 801, 13332383, 12, 387, 384, 10000000, 10000000, 10000000, 1, 1, 0, 0, 0, 384, 1, 1, 1, 1, 1, 0
352, 387, 801, 13335546, 10, 82, 384, 181, 33, 141, 1, 0.87393, 1, 0.950389, 0.789722, 384, 0, 1, 0, 0, 0, 0
292, 401, 844, 13335547, 10, 181, 82, 10000000, 10000000, 10000000, 0.753273, 0.64393, 0, 0, 0, 384, 0, 0, 1, 1, 1, 0
387, 587, 801, 13336801, 13, 384, 358, 10000000, 10000000, 10000000, 1, 1, 0, 0, 0, 384, 1, 1, 1, 1, 1, 0
358, 587, 801, 13337219, 14, 387, 384, 10000000, 10000000, 10000000, 1, 1, 0, 0, 0, 384, 1, 1, 1, 1, 1, 0
387, 587, 801, 13341637, 15, 384, 358, 10000000, 10000000, 10000000, 1, 1, 0, 0, 0, 384, 1, 1, 1, 1, 1, 0
358, 587, 801, 13342055, 16, 387, 384, 10000000, 10000000, 10000000, 1, 1, 0, 0, 0, 384, 1, 1, 1, 1, 1, 0
387, 587, 801, 13346473, 17, 384, 358, 10000000, 10000000, 10000000, 1, 1, 0, 0, 0, 384, 1, 1, 1, 1, 1, 0
358, 587, 801, 13346891, 18, 387, 384, 10000000, 10000000, 10000000, 1, 1, 0, 0, 0, 384, 1, 1, 1, 1, 1, 0
387, 587, 801, 13351309, 19, 384, 358, 10000000, 10000000, 10000000, 1, 1, 0, 0, 0, 384, 1, 1, 1, 1, 1, 0
358, 587, 801, 13351727, 20, 387, 384, 10000000, 10000000, 10000000, 1, 1, 0, 0, 0, 384, 1, 1, 1, 1, 1, 0
387, 587, 801, 13356145, 21, 384, 358, 10000000, 10000000, 10000000, 1, 1, 0, 0, 0, 384, 1, 1, 1, 1, 1, 0
238, 145, 201, 14299999, 1, 27, 71, 249, 159, 313, 1, 1, 1, 0.862264, 1, 85, 0, 0, 0, 0, 0, 0
313, 201, 227, 14300200, 2, 299, 363, 23, 229, 132, 1, 1, 0.968916, 0.954479, 1, 85, 0, 1, 0, 0, 0, 0
71, 277, 201, 14300200, 2, 117, 244, 314, 356, 310, 0.972243, 1, 1, 1, 0.967956, 85, 0, 0, 0, 1, 0, 1
310, 373, 201, 14304618, 3, 41, 118, 88, 122, 117, 0.971748, 1, 1, 1, 1, 85, 0, 0, 0, 0, 0, 0
314, 428, 198, 14304618, 3, 380, 88, 117, 41, 312, 0.476052, 1, 1, 0.755804, 0.796238, 85, 1, 0, 0, 0, 0, 0
244, 454, 198, 14304619, 3, 380, 88, 122, 117, 49, 1, 1, 1, 1, 0.971148, 85, 1, 0, 0, 0, 0, 1
49, 466, 201, 14309037, 4, 380, 285, 183, 312, 239, 1, 0.431084, 0.215317, 1, 1, 85, 1, 1, 1, 0, 0, 0
122, 497, 201, 14309037, 4, 285, 380, 114, 312, 239, 0.538855, 1, 0.647023, 1, 1, 85, 1, 1, 0, 0, 0, 0
117, 504, 198, 14309037, 4, 380, 312, 239, 88, 86, 1, 0.96424, 1, 1, 0.764988, 85, 1, 0, 0, 0, 0, 0
88, 554, 198, 14309037, 4, 380, 312, 239, 10000000, 10000000, 0.970617, 1, 0.754243, 0, 0, 85, 1, 0, 0, 1, 1, 0
380, 587, 201, 14309037, 4, 206, 114, 290, 347, 47, 1, 1, 0.916666, 0.769706, 1, 85, 0, 0, 0, 0, 0, 1
47, 598, 261, 14309455, 5, 286, 179, 347, 290, 206, 1, 0.968616, 0.970817, 1, 1, 85, 0, 0, 0, 0, 0, 0
114, 601, 303, 14309455, 5, 85, 130, 286, 347, 290, 1, 1, 0.951867, 0.794937, 1, 85, 0, 0, 0, 0, 0, 0
206, 598, 306, 14309455, 5, 286, 179, 347, 290, 130, 1, 1, 1, 1, 0.606914, 85, 0, 0, 0, 0, 0, 1
290, 598, 338, 14309455, 5, 286, 85, 179, 347, 21, 1, 0.958612, 1, 1, 0.969924, 85, 0, 0, 0, 0, 0, 0
290, 598, 338, 14309873, 6, 286, 85, 179, 347, 21, 1, 0.958557, 1, 1, 0.96988, 85, 0, 0, 0, 0, 0, 0
347, 601, 426, 14309874, 6, 85, 286, 179, 130, 10000000, 1, 1, 1, 0.863368, 0, 85, 0, 0, 0, 0, 1, 0
132, 201, 300, 14316618, 3, 366, 399, 386, 363, 205, 1, 0.966029, 0.954735, 0.797566, 0.215748, 85, 1, 1, 1, 1, 1, 0
229, 198, 338, 14316618, 3, 363, 399, 386, 366, 299, 1, 1, 1, 1, 1, 85, 1, 1, 1, 1, 0, 0
23, 201, 338, 14316618, 3, 299, 113, 205, 363, 386, 1, 1, 0.936569, 0.962412, 1, 85, 0, 0, 0, 1, 1, 0
286, 601, 457, 14318292, 7, 85, 10000000, 10000000, 10000000, 10000000, 0.862105, 0, 0, 0, 0, 85, 0, 1, 1, 1, 1, 0
179, 601, 497, 14318292, 7, 85, 286, 10000000, 10000000, 10000000, 1, 1, 0, 0, 0, 85, 0, 0, 1, 1, 1, 0
130, 598, 501, 14318292, 7, 85, 286, 179, 10000000, 10000000, 1, 0.962069, 0.967696, 0, 0, 85, 0, 0, 0, 1, 1, 0
386, 198, 387, 14325036, 4, 18, 188, 274, 45, 299, 1, 0.861584, 1, 0.604091, 1, 85, 0, 0, 0, 0, 0, 0
363, 201, 412, 14325036, 4, 188, 274, 45, 299, 205, 0.861584, 1, 0.483273, 1, 1, 85, 0, 0, 0, 0, 0, 0
113, 198, 484, 14325037, 4, 299, 205, 311, 107, 10000000, 0.967571, 1, 0.753755, 0.21459, 0, 85, 0, 0, 0, 0, 1, 0
205, 201, 500, 14329455, 5, 188, 274, 45, 299, 10000000, 0.430587, 0.643612, 0.241507, 1, 0, 85, 0, 0, 0, 0, 1, 0
299, 201, 456, 14329455, 5, 274, 188, 45, 10000000, 10000000, 0.750881, 0.645881, 0.483015, 0, 0, 85, 0, 0, 0, 1, 1, 0
311, 201, 425, 14329455, 5, 188, 274, 45, 299, 205, 0.861174, 0.965418, 0.483015, 1, 1, 85, 0, 0, 0, 0, 0, 0
17, 44, 201, 15299999, 1, 368, 56, 313, 238, 159, 1, 1, 0.86255, 1, 0.753621, 69, 1, 0, 1, 0, 0, 0
238, 132, 201, 15300200, 2, 27, 241, 249, 71, 313, 0.969751, 0.93745, 0.971326, 0.954122, 1, 69, 0, 0, 0, 0, 0, 0
56, 153, 198, 15300200, 2, 197, 159, 368, 313, 71, 1, 0.963749, 1, 0.862531, 0.776292, 69, 0, 0, 1, 0, 0, 1
368, 201, 215, 15304618, 3, 132, 23, 193, 249, 305, 1, 0.861185, 1, 1, 0.753998, 69, 0, 0, 0, 0, 0, 1
313, 201, 236, 15304618, 3, 299, 23, 363, 132, 229, 1, 0.968833, 0.871875, 1, 0.960144, 69, 0, 0, 1, 0, 0, 0
71, 266, 201, 15304618, 3, 356, 244, 314, 117, 378, 1, 1, 1, 0.860608, 0.431366, 69, 1, 0, 0, 0, 1, 0
197, 289, 201, 15304618, 3, 117, 356, 244, 314, 378, 1, 1, 1, 1, 0.75489, 69, 0, 1, 0, 0, 1, 1
159, 307, 198, 15304618, 3, 23, 117, 356, 310, 314, 0.215296, 0.916319, 0.846417, 1, 0.823786, 69, 1, 0, 1, 0, 0, 0
249, 201, 269, 15313036, 4, 113, 366, 23, 311, 386, 1, 0.965631, 0.967956, 0.772839, 0.824075, 69, 0, 1, 0, 0, 1, 0
193, 198, 281, 15313036, 4, 311, 336, 363, 386, 366, 1, 0.645292, 1, 1, 1, 69, 0, 1, 1, 1, 1, 0
132, 201, 314, 15313036, 4, 205, 113, 366, 399, 386, 1, 1, 1, 0.970064, 0.961421, 69, 0, 0, 1, 1, 1, 1
23, 201, 352, 15313036, 4, 205, 299, 363, 113, 311, 0.949248, 1, 0.96682, 0.783559, 0.82188, 69, 0, 0, 1, 0, 0, 0
305, 198, 368, 15313037, 4, 65, 205, 299, 113, 311, 1, 0.968509, 1, 1, 1, 69, 0, 0, 0, 0, 0, 0
366, 198, 384, 15313455, 5, 205, 274, 65, 299, 113, 1, 1, 0.863412, 1, 1, 69, 0, 0, 0, 0, 0, 1
386, 198, 387, 15313455, 5, 205, 274, 65, 299, 113, 1, 1, 0.863412, 1, 1, 69, 0, 0, 0, 0, 0, 0
399, 198, 387, 15313455, 5, 205, 274, 65, 299, 113, 1, 1, 0.863412, 1, 0.970443, 69, 0, 0, 0, 0, 0, 0
299, 201, 470, 15321873, 6, 65, 205, 222, 276, 210, 1, 1, 1, 0.563984, 0.431796, 69, 0, 0, 0, 0, 0, 0
113, 198, 471, 15321873, 6, 276, 65, 210, 205, 222, 0.965602, 1, 0.751681, 1, 1, 69, 0, 0, 0, 0, 0, 0
205, 201, 513, 15321873, 6, 45, 276, 65, 210, 188, 0.215663, 0.905113, 1, 0.31776, 0.323421, 69, 1, 0, 0, 0, 0, 1
65, 201, 553, 15322291, 7, 295, 178, 210, 276, 10, 1, 1, 0.956876, 0.858274, 0.698666, 69, 0, 0, 0, 0, 0, 1
276, 201, 662, 15330710, 8, 67, 295, 210, 178, 107, 0.968503, 0.963526, 1, 1, 0.429904, 69, 0, 0, 0, 0, 0, 0
210, 201, 712, 15330710, 8, 59, 67, 246, 324, 190, 1, 1, 0.751499, 0.697442, 0.546244, 69, 0, 0, 0, 0, 0, 1
67, 201, 764, 15339128, 9, 172, 246, 59, 324, 190, 1, 0.960366, 1, 1, 0.537203, 69, 0, 0, 0, 0, 0, 1
324, 201, 833, 15339128, 9, 136, 271, 55, 190, 3, 0.750244, 0.860781, 1, 1, 0.428953, 69, 0, 0, 0, 0, 0, 0
324, 201, 833, 15343546, 10, 136, 271, 55, 190, 3, 0.749889, 0.860372, 1, 1, 0.42875, 69, 0, 0, 0, 0, 0, 0
59, 198, 854, 15343546, 10, 55, 190, 296, 246, 172, 1, 1, 1, 1, 1, 69, 0, 0, 0, 0, 0, 0
246, 201, 871, 15343546, 10, 136, 271, 55, 190, 3, 0.535635, 0.645279, 1, 1, 0.214375, 69, 0, 0, 0, 0, 0, 1
190, 201, 916, 15343546, 10, 271, 136, 3, 10000000, 10000000, 0.537732, 0.321381, 0, 0, 0, 69, 0, 0, 0, 1, 1, 0
190, 201, 916, 15347964, 11, 271, 136, 3, 10000000, 10000000, 0.537477, 0.321229, 0, 0, 0, 69, 0, 0, 0, 1, 1, 0
55, 201, 942, 15347964, 11, 136, 10000000, 10000000, 10000000, 10000000, 0.214153, 0, 0, 0, 0, 69, 0, 1, 1, 1, 1, 1
270, 126, 1, 16299999, 1, 149, 7, 323, 330, 170, 0.945784, 0.860642, 1, 1, 0.86363, 84, 0, 0, 0, 0, 0, 0
330, 244, -1, 16300200, 2, 98, 7, 170, 149, 266, 0.323316, 1, 1, 1, 1, 84, 1, 0, 0, 0, 0, 0
149, 279, 1, 16300200, 2, 373, 288, 320, 7, 156, 0.969311, 0.863429, 0.864135, 1, 0.753883, 84, 1, 0, 0, 0, 0, 1
7, 354, -1, 16300618, 3, 298, 320, 100, 61, 373, 1, 1, 1, 1, 1, 84, 0, 0, 0, 0, 1, 1
373, 401, 18, 16313036, 4, 48, 158, 260, 378, 254, 1, 1, 1, 0.861137, 1, 84, 0, 0, 0, 0, 0, 0
100, 398, 30, 16313036, 4, 378, 48, 325, 158, 260, 1, 1, 1, 1, 1, 84, 0, 0, 0, 0, 0, 0
320, 401, 42, 16313036, 4, 378, 48, 325, 158, 260, 1, 1, 0.962868, 1, 0.957017, 84, 0, 0, 0, 0, 0, 1
61, 436, 1, 16313037, 4, 338, 5, 156, 298, 200, 1, 0.968813, 1, 1, 1, 84, 0, 0, 0, 0, 0, 0
298, 518, 1, 16313037, 4, 291, 220, 46, 91, 5, 0.844063, 0.970281, 0.862794, 0.537108, 1, 84, 0, 0, 0, 0, 0, 1
5, 569, -1, 16313455, 5, 12, 207, 225, 220, 46, 1, 0.928383, 0.874347, 0.862433, 0.929055, 84, 0, 0, 0, 0, 0, 0
46, 635, 1, 16313455, 5, 315, 357, 382, 225, 105, 1, 1, 1, 1, 1, 84, 0, 1, 1, 0, 0, 1
260, 398, 108, 16317455, 5, 118, 41, 356, 116, 378, 0.966972, 0.859594, 0.969515, 0.84631, 1, 84, 0, 0, 1, 0, 0, 0
158, 401, 128, 16317455, 5, 224, 118, 116, 378, 48, 1, 0.760765, 0.763134, 0.967182, 1, 84, 0, 0, 0, 0, 0, 0
325, 398, 151, 16317455, 5, 118, 224, 356, 116, 314, 1, 0.859625, 1, 0.84631, 0.858674, 84, 0, 0, 1, 0, 0, 0
48, 401, 157, 16317455, 5, 224, 41, 116, 118, 378, 1, 0.879208, 1, 0.644648, 0.967182, 84, 0, 0, 0, 0, 0, 1
378, 398, 178, 16321873, 6, 118, 351, 372, 41, 314, 1, 0.914201, 0.874145, 0.859186, 1, 84, 0, 0, 1, 0, 0, 0
118, 401, 323, 16321873, 6, 349, 395, 41, 351, 381, 1, 1, 1, 0.955464, 0.79717, 84, 0, 1, 0, 0, 1, 0
225, 716, 1, 16321873, 6, 357, 382, 315, 75, 319, 1, 1, 1, 0.240852, 0.120741, 84, 1, 1, 0, 0, 1, 0
41, 401, 364, 16321874, 6, 381, 395, 388, 300, 104, 1, 1, 1, 0.966247, 0.84183, 84, 1, 1, 1, 0, 0, 1
315, 755, 1, 16321874, 6, 75, 209, 232, 10000000, 10000000, 0.861072, 0.6031, 0.430823, 0, 0, 84, 0, 0, 0, 1, 1, 1
105, 756, -1, 16321874, 6, 75, 315, 357, 382, 225, 1, 1, 1, 1, 1, 84, 0, 0, 1, 1, 0, 0
357, 780, 1, 16321874, 6, 209, 232, 75, 319, 10000000, 0.964959, 0.795328, 1, 0.241483, 0, 84, 0, 0, 0, 1, 1, 0
382, 787, 1, 16321874, 6, 232, 209, 75, 315, 250, 0.926115, 1, 1, 1, 0.107421, 84, 0, 0, 0, 0, 1, 0
75, 798, 38, 16322292, 7, 319, 250, 232, 209, 345, 0.970423, 0.859328, 1, 1, 0.539243, 84, 0, 0, 0, 0, 1, 1
209, 798, 76, 16322710, 8, 250, 319, 126, 350, 232, 0.9667, 1, 0.751176, 0.858644, 1, 84, 0, 0, 0, 1, 0, 0
232, 798, 116, 16322710, 8, 126, 250, 187, 319, 350, 0.965797, 1, 0.953751, 1, 0.965974, 84, 0, 0, 0, 0, 1, 1
388, 401, 412, 16326292, 7, 279, 166, 104, 339, 217, 1, 0.858628, 1, 1, 1, 84, 0, 0, 0, 0, 0, 0
395, 401, 412, 16326292, 7, 279, 166, 104, 339, 217, 1, 0.858628, 1, 1, 1, 84, 0, 0, 0, 0, 0, 0
381, 401, 415, 16326292, 7, 279, 166, 104, 339, 217, 1, 0.858628, 1, 1, 1, 84, 0, 0, 0, 0, 0, 1
300, 401, 466, 16326292, 7, 104, 217, 24, 279, 339, 1, 1, 0.429119, 0.643645, 0.754497, 84, 0, 0, 0, 0, 0, 0
104, 401, 538, 16326292, 7, 10000000, 10000000, 10000000, 10000000, 10000000, 0, 0, 0, 0, 0, 84, 1, 1, 1, 1, 1, 0
217, 401, 503, 16326710, 8, 104, 108, 166, 24, 10000000, 1, 0.78063, 0.321971, 0.21455, 0, 84, 0, 0, 0, 0, 1, 0
104, 401, 538, 16326710, 8, 10000000, 10000000, 10000000, 10000000, 10000000, 0, 0, 0, 0, 0, 84, 1, 1, 1, 1, 1, 1
319, 801, 246, 16331128, 9, 58, 126, 250, 187, 40, 0.965132, 1, 1, 1, 0.9649, 84, 1, 0, 0, 0, 0, 0
250, 801, 285, 16331129, 9, 87, 58, 126, 10000000, 10000000, 1, 1, 1, 0, 0, 84, 0, 0, 0, 1, 1, 1
126, 801, 332, 16335547, 10, 87, 398, 280, 58, 10000000, 1, 1, 0.749513, 1, 0, 84, 0, 1, 0, 0, 1, 0
58, 801, 381, 16335547, 10, 280, 146, 87, 111, 367, 1, 1, 0.923516, 0.643318, 1, 84, 0, 0, 0, 0, 1, 0
87, 798, 442, 16335547, 10, 111, 334, 280, 371, 146, 1, 0.967377, 1, 0.861094, 1, 84, 0, 0, 0, 1, 0, 1
146, 798, 486, 16335965, 11, 371, 334, 111, 377, 171, 1, 0.967333, 1, 0.75044, 1, 84, 1, 0, 0, 1, 0, 0
280, 798, 511, 16335965, 11, 377, 371, 334, 318, 111, 0.964851, 1, 1, 0.75334, 1, 84, 1, 1, 0, 0, 0, 0
111, 801, 543, 16335965, 11, 371, 377, 334, 37, 10000000, 0.861055, 0.694352, 0.75237, 0, 0, 84, 1, 1, 0, 0, 1, 1
371, 801, 621, 16335966, 11, 84, 318, 377, 251, 128, 1, 1, 1, 1, 1, 84, 0, 0, 0, 0, 0, 0
371, 801, 621, 16336384, 12, 84, 318, 377, 251, 128, 1, 1, 1, 1, 1, 84, 0, 0, 0, 0, 0, 1
37, 798, 647, 16336384, 12, 84, 377, 318, 371, 10000000, 1, 1, 0.753306, 1, 0, 84, 0, 0, 0, 1, 1, 0
334, 801, 648, 16336384, 12, 84, 318, 377, 371, 251, 1, 1, 1, 1, 0.858716, 84, 0, 0, 0, 1, 0, 0
377, 779, 601, 16336802, 13, 84, 318, 10000000, 10000000, 10000000, 1, 1, 0, 0, 0, 84, 0, 0, 1, 1, 1, 0
318, 756, 601, 16336802, 13, 84, 10000000, 10000000, 10000000, 10000000, 0.966489, 0, 0, 0, 0, 84, 0, 1, 1, 1, 1, 0
128, 715, 598, 16336802, 13, 84, 318, 377, 10000000, 10000000, 1, 1, 1, 0, 0, 84, 0, 0, 0, 1, 1, 0
330, 256, -1, 17299999, 1, 7, 170, 373, 266, 254, 1, 1, 0.318394, 1, 0.215534, 128, 0, 0, 1, 0, 1, 0
266, 291, -1, 17300200, 2, 7, 61, 170, 320, 373, 1, 0.787537, 1, 0.323945, 0.322694, 128, 0, 0, 0, 1, 1, 0
170, 338, -1, 17300200, 2, 298, 200, 100, 61, 288, 1, 1, 1, 1, 0.798858, 128, 0, 0, 1, 0, 0, 0
7, 367, -1, 17300200, 2, 320, 288, 200, 5, 373, 1, 1, 1, 0.874262, 1, 128, 0, 0, 0, 1, 0, 1
373, 401, 24, 17300618, 3, 48, 158, 325, 378, 254, 1, 1, 1, 0.864434, 1, 128, 0, 0, 0, 0, 0, 0
320, 401, 54, 17300618, 3, 48, 158, 378, 325, 254, 1, 1, 0.937805, 0.968149, 1, 128, 0, 0, 0, 0, 0, 1
200, 475, 1, 17300618, 3, 46, 5, 338, 291, 156, 0.962811, 1, 1, 0.646496, 1, 128, 0, 0, 0, 0, 0, 0
288, 500, -1, 17300618, 3, 291, 46, 5, 338, 156, 0.107749, 1, 1, 1, 1, 128, 1, 0, 0, 0, 0, 1
254, 401, 101, 17301036, 4, 224, 378, 48, 158, 325, 1, 1, 1, 1, 1, 128, 0, 0, 0, 0, 0, 0
325, 398, 137, 17301036, 4, 118, 224, 356, 116, 378, 1, 1, 0.968997, 0.864418, 1, 128, 0, 0, 0, 0, 0, 0
158, 401, 143, 17301036, 4, 302, 224, 118, 48, 378, 1, 1, 0.870304, 1, 0.972444, 128, 0, 0, 0, 0, 0, 0
48, 401, 170, 17301036, 4, 224, 116, 118, 41, 10000000, 1, 1, 0.725484, 0.613807, 0, 128, 0, 0, 0, 0, 1, 1
378, 398, 171, 17301036, 4, 118, 116, 314, 41, 224, 0.968568, 1, 0.969842, 0.753984, 0.844143, 128, 0, 0, 0, 0, 0, 0
116, 398, 246, 17301455, 5, 300, 381, 395, 388, 349, 0.968548, 1, 1, 1, 0.969806, 128, 0, 1, 1, 1, 0, 0
224, 398, 294, 17301455, 5, 381, 395, 388, 335, 217, 1, 1, 1, 0.538423, 0.969753, 128, 1, 1, 1, 1, 0, 1
41, 401, 376, 17301455, 5, 217, 300, 104, 349, 115, 1, 0.968548, 0.860696, 1, 0.920409, 128, 0, 0, 0, 0, 0, 0
388, 401, 412, 17301873, 6, 279, 104, 339, 217, 166, 1, 1, 1, 1, 0.755485, 128, 0, 0, 0, 0, 0, 0
395, 401, 412, 17301873, 6, 279, 104, 108, 339, 217, 1, 1, 1, 1, 1, 128, 0, 0, 0, 0, 0, 0
381, 401, 419, 17301873, 6, 279, 104, 339, 217, 166, 0.970087, 1, 0.969597, 1, 0.755485, 128, 0, 0, 0, 0, 0, 1
217, 401, 515, 17302292, 7, 104, 108, 166, 10000000, 10000000, 1, 0.88629, 0.215843, 0, 0, 128, 0, 0, 0, 1, 1, 0
104, 401, 549, 17302292, 7, 10000000, 10000000, 10000000, 10000000, 10000000, 0, 0, 0, 0, 0, 128, 1, 1, 1, 1, 1, 1
156, 545, -1, 17305036, 4, 12, 220, 207, 46, 105, 1, 1, 1, 1, 0.882254, 128, 1, 0, 0, 0, 0, 0
338, 545, 1, 17305036, 4, 291, 382, 155, 12, 220, 0.861585, 0.121111, 0.754521, 0.971984, 1, 128, 0, 1, 0, 1, 0, 0
5, 580, -1, 17305037, 4, 183, 12, 315, 225, 207, 1, 1, 1, 0.914912, 0.94337, 128, 0, 1, 0, 0, 0, 0
46, 623, 1, 17305037, 4, 315, 225, 220, 357, 207, 1, 1, 1, 1, 1, 128, 0, 0, 0, 0, 0, 1
154, 401, 724, 17306710, 8, 289, 10000, 10000, 10000, 10000, 1, 1, 1, 1, 1, 128, 0, 0, 0, 0, 0, 0
289, 398, 900, 17307151, 9, 31, 10000, 10000, 10000, 10000, 1, 1, 1, 1, 1, 128, 0, 0, 0, 0, 0, 0
31, 401, 980, 17307500, 10, 10000, 10000, 10000, 10000, 10000, 1, 1, 1, 1, 1, 128, 0, 0, 0, 0, 0, 0
207, 665, 1, 17309455, 5, 315, 225, 220, 10000000, 10000000, 1, 1, 1, 0, 0, 128, 0, 0, 0, 1, 1, 0
225, 704, 1, 17309455, 5, 75, 319, 10000000, 10000000, 10000000, 0.215252, 0.107878, 0, 0, 0, 128, 0, 1, 1, 1, 1, 0
220, 733, -1, 17309455, 5, 225, 315, 357, 291, 155, 0.970813, 0.8467, 0.859434, 0.322941, 0.215475, 128, 0, 0, 0, 0, 0, 0
315, 745, 1, 17309455, 5, 75, 232, 209, 10000000, 10000000, 1, 0.412411, 0.538904, 0, 0, 128, 0, 0, 0, 1, 1, 1
75, 798, 26, 17309873, 6, 319, 232, 209, 350, 345, 0.862983, 1, 1, 0.431672, 0.430113, 128, 0, 0, 0, 1, 1, 1
209, 798, 63, 17310291, 7, 250, 319, 350, 232, 40, 0.96971, 0.970813, 0.755393, 1, 0.647001, 128, 0, 0, 1, 0, 0, 0
232, 798, 104, 17310292, 7, 250, 319, 126, 187, 40, 0.96971, 1, 0.861744, 0.824342, 0.824813, 128, 0, 0, 0, 0, 0, 1
40, 798, 235, 17314710, 8, 58, 126, 250, 187, 319, 1, 1, 1, 1, 1, 128, 1, 0, 0, 0, 0, 0
319, 801, 258, 17314710, 8, 58, 126, 250, 187, 10000000, 0.969938, 1, 1, 1, 0, 128, 1, 0, 0, 0, 1, 0
187, 798, 261, 17314710, 8, 58, 87, 126, 250, 367, 1, 0.858997, 1, 1, 0.646127, 128, 1, 0, 0, 0, 1, 0
250, 801, 299, 17314710, 8, 58, 87, 126, 10000000, 10000000, 1, 0.775963, 1, 0, 0, 128, 1, 0, 0, 1, 1, 1
126, 801, 347, 17315128, 9, 146, 87, 280, 398, 58, 1, 1, 0.864386, 1, 1, 128, 0, 0, 0, 1, 1, 0
58, 801, 396, 17315129, 9, 280, 111, 146, 87, 234, 1, 0.797286, 0.866239, 0.941468, 1, 128, 0, 0, 0, 0, 0, 1
87, 798, 430, 17315129, 9, 111, 280, 334, 146, 371, 1, 1, 0.863379, 1, 0.753528, 128, 0, 0, 0, 0, 1, 0
87, 798, 430, 17315547, 10, 111, 280, 334, 146, 371, 1, 1, 0.86334, 1, 0.753494, 128, 0, 0, 0, 0, 1, 0
146, 798, 476, 17315547, 10, 371, 111, 334, 171, 377, 1, 1, 0.971258, 1, 0.722998, 128, 0, 0, 0, 0, 1, 0
234, 717, 401, 17315547, 10, 111, 280, 87, 10000000, 10000000, 0.429781, 0.215228, 0.322095, 0, 0, 128, 0, 1, 0, 1, 1, 0
280, 798, 499, 17315547, 10, 371, 111, 37, 377, 334, 1, 1, 0.963453, 0.862434, 1, 128, 0, 0, 0, 1, 0, 1
111, 801, 555, 17315547, 10, 37, 371, 377, 10000000, 10000000, 1, 0.962389, 0.566021, 0, 0, 128, 0, 0, 1, 1, 1, 0
111, 801, 555, 17315965, 11, 37, 371, 377, 10000000, 10000000, 1, 0.962341, 0.565977, 0, 0, 128, 0, 0, 1, 1, 1, 0
371, 801, 628, 17315965, 11, 128, 318, 251, 84, 377, 0.96651, 1, 0.969791, 1, 1, 128, 0, 0, 0, 0, 0, 1
37, 798, 635, 17315965, 11, 84, 377, 318, 371, 10000000, 1, 1, 0.754381, 1, 0, 128, 0, 0, 0, 0, 1, 0
334, 801, 662, 17315965, 11, 318, 84, 377, 251, 371, 1, 1, 1, 0.754282, 1, 128, 0, 0, 0, 0, 0, 0
377, 772, 601, 17316383, 12, 128, 318, 251, 273, 143, 1, 1, 1, 0.962095, 1, 128, 0, 0, 0, 0, 0, 0
84, 774, 598, 17316383, 12, 128, 318, 251, 273, 143, 1, 1, 1, 1, 1, 128, 0, 0, 0, 0, 0, 0
318, 744, 601, 17316384, 12, 128, 10000000, 10000000, 10000000, 10000000, 0.966467, 0, 0, 0, 0, 128, 0, 1, 1, 1, 1, 1
284, 1, 303, 18299999, 1, 50, 32, 176, 201, 348, 1, 1, 1, 0.78611, 0.864103, 4, 0, 1, 0, 0, 0, 0
348, -1, 325, 18300200, 2, 32, 201, 191, 50, 176, 1, 1, 0.860464, 1, 1, 4, 1, 0, 0, 0, 0, 0
176, 1, 364, 18300200, 2, 32, 201, 50, 268, 191, 1, 0.91507, 0.916675, 0.613593, 0.53779, 4, 1, 0, 0, 0, 0, 0
32, 2, 393, 18300200, 2, 336, 221, 262, 370, 157, 1, 1, 1, 1, 1, 4, 0, 0, 0, 0, 0, 1
201, -1, 454, 18300200, 2, 242, 328, 103, 374, 43, 1, 0.969137, 1, 0.972572, 1, 4, 0, 0, 1, 0, 1, 0
157, 55, 401, 18304618, 3, 274, 18, 110, 363, 336, 0.968254, 0.972496, 1, 0.860417, 1, 4, 0, 1, 0, 0, 0, 0
262, 90, 401, 18304618, 3, 278, 274, 363, 110, 386, 1, 0.968254, 0.967969, 1, 0.861636, 4, 0, 0, 0, 0, 1, 0
221, 133, 398, 18304618, 3, 278, 18, 110, 274, 363, 1, 1, 1, 0.537919, 0.602527, 4, 0, 1, 0, 0, 0, 0
336, 132, 401, 18304618, 3, 399, 386, 188, 274, 278, 1, 1, 0.963416, 1, 0.956754, 4, 1, 1, 0, 0, 0, 1
386, 198, 387, 18305036, 4, 205, 299, 168, 311, 274, 0.968139, 1, 1, 1, 0.860632, 4, 0, 0, 0, 0, 0, 0
399, 198, 387, 18305036, 4, 205, 299, 168, 311, 274, 1, 1, 1, 1, 0.860632, 4, 0, 0, 0, 0, 0, 1
278, 299, 401, 18305037, 4, 395, 388, 339, 279, 53, 1, 1, 1, 0.967953, 0.967792, 4, 1, 1, 0, 0, 1, 0
274, 313, 398, 18305037, 4, 144, 339, 388, 381, 53, 1, 0.961508, 1, 0.95855, 1, 4, 0, 0, 1, 0, 1, 0
311, 201, 464, 18305455, 5, 188, 65, 205, 10, 299, 0.43169, 0.753378, 1, 0, 1, 4, 1, 1, 0, 1, 0, 0
168, 280, 401, 18305455, 5, 395, 388, 339, 45, 372, 1, 1, 1, 1, 1, 4, 1, 1, 0, 1, 0, 0
299, 201, 511, 18305455, 5, 178, 10, 65, 205, 295, 1, 1, 0.968629, 1, 0.434381, 4, 0, 1, 1, 0, 0, 1
205, 201, 554, 18309873, 6, 295, 178, 276, 65, 10, 1, 1, 0.793335, 1, 0.932497, 4, 0, 0, 0, 1, 1, 0
65, 201, 594, 18309873, 6, 16, 182, 276, 210, 295, 1, 1, 0.963008, 0.861878, 0.917687, 4, 1, 0, 0, 0, 0, 0
10, 198, 596, 18309873, 6, 182, 67, 210, 276, 295, 1, 1, 1, 1, 1, 4, 0, 1, 0, 0, 0, 0
178, 198, 655, 18309873, 6, 67, 210, 324, 276, 77, 1, 1, 1, 1, 1, 4, 1, 0, 0, 0, 1, 1
276, 201, 698, 18310291, 7, 67, 210, 59, 324, 10000000, 1, 1, 1, 0.686717, 0, 4, 1, 0, 1, 0, 1, 0
210, 201, 752, 18310292, 7, 67, 10000000, 10000000, 10000000, 10000000, 1, 0, 0, 0, 0, 4, 1, 1, 1, 1, 1, 0
67, 201, 792, 18310292, 7, 136, 304, 271, 227, 95, 1, 1, 1, 1, 0.793398, 4, 0, 0, 0, 0, 1, 1
77, 191, 798, 18310292, 7, 352, 227, 271, 304, 136, 1, 1, 0.8259, 0.773051, 0.723142, 4, 0, 0, 0, 0, 0, 0
95, 213, 801, 18310710, 8, 3, 352, 136, 304, 271, 1, 1, 1, 0.971341, 1, 4, 1, 0, 0, 0, 0, 0
227, 292, 801, 18310710, 8, 3, 33, 352, 141, 136, 1, 0.862326, 1, 0.757011, 0.966722, 4, 1, 0, 0, 0, 0, 0
271, 317, 798, 18310710, 8, 33, 3, 352, 141, 136, 0.881429, 1, 1, 0.767993, 1, 4, 0, 1, 0, 0, 0, 0
304, 331, 801, 18310710, 8, 141, 33, 181, 3, 257, 1, 1, 0.754008, 1, 0.724408, 4, 0, 0, 0, 1, 0, 0
136, 344, 798, 18310710, 8, 317, 257, 141, 33, 52, 1, 1, 1, 0.912337, 1, 4, 0, 0, 0, 0, 0, 1
52, 398, 824, 18311128, 9, 79, 10000000, 10000000, 10000000, 10000000, 0.928794, 0, 0, 0, 0, 4, 1, 1, 1, 1, 1, 0
33, 428, 801, 18311129, 9, 82, 358, 387, 181, 384, 0.968692, 1, 0.969066, 1, 0.966416, 4, 1, 0, 1, 0, 1, 0
141, 450, 801, 18311129, 9, 82, 387, 384, 358, 181, 1, 1, 1, 1, 1, 4, 1, 1, 1, 0, 0, 0
317, 532, 801, 18311129, 9, 4, 393, 82, 387, 384, 1, 1, 1, 1, 1, 4, 1, 1, 1, 1, 1, 1
82, 586, 798, 18311547, 10, 4, 393, 10000000, 10000000, 10000000, 1, 1, 0, 0, 0, 4, 1, 1, 1, 1, 1, 0
384, 587, 801, 18311547, 10, 4, 393, 82, 10000000, 10000000, 1, 1, 1, 0, 0, 4, 1, 1, 1, 1, 1, 0
387, 587, 801, 18311547, 10, 4, 393, 82, 10000000, 10000000, 1, 1, 1, 0, 0, 4, 1, 1, 1, 1, 1, 0
45, 384, 398, 18313873, 6, 349, 279, 115, 339, 381, 1, 1, 1, 1, 1, 4, 0, 0, 0, 0, 0, 0
388, 401, 412, 18313873, 6, 24, 104, 217, 300, 349, 0.322275, 0.969954, 1, 1, 1, 4, 1, 0, 0, 0, 0, 0
395, 401, 412, 18313873, 6, 104, 217, 300, 24, 108, 1, 1, 1, 0.322275, 0.783758, 4, 0, 0, 0, 1, 0, 0
372, 430, 398, 18313873, 6, 24, 347, 217, 300, 166, 0.859401, 0.241955, 0.752984, 0.862157, 1, 4, 1, 1, 0, 0, 0, 0
300, 401, 496, 18314291, 7, 108, 104, 217, 16, 10000000, 1, 1, 1, 0, 0, 4, 0, 0, 0, 1, 1, 0
104, 401, 561, 18314292, 7, 154, 108, 16, 10000000, 10000000, 0.859643, 0.94766, 0, 0, 0, 4, 0, 0, 1, 1, 1, 0
16, 410, 601, 18314710, 8, 162, 96, 173, 332, 108, 1, 0.859769, 1, 0.323498, 1, 4, 0, 1, 0, 1, 0, 0
108, 398, 621, 18314710, 8, 79, 154, 52, 292, 177, 1, 1, 0.637894, 0.7528, 0.645288, 4, 1, 0, 0, 0, 0, 0
388, 401, 412, 18317455, 5, 24, 104, 217, 300, 349, 0.322151, 0.96958, 1, 1, 1, 4, 1, 0, 0, 0, 0, 0
53, 416, 401, 18317455, 5, 395, 388, 24, 381, 347, 1, 1, 0.966454, 0.302465, 0.539484, 4, 1, 1, 1, 1, 1, 0
144, 449, 401, 18317455, 5, 24, 179, 81, 166, 347, 0.966454, 0.323188, 0.963508, 1, 0.647381, 4, 1, 1, 0, 0, 0, 0
339, 479, 398, 18317455, 5, 24, 166, 279, 104, 300, 1, 1, 1, 0.430924, 0.53864, 4, 1, 0, 0, 0, 0, 0
166, 539, 398, 18317874, 6, 24, 85, 347, 81, 10000000, 1, 1, 0.27462, 0.928734, 0, 4, 1, 1, 1, 0, 1, 0
81, 622, 401, 18317874, 6, 10000000, 10000000, 10000000, 10000000, 10000000, 0, 0, 0, 0, 0, 4, 1, 1, 1, 1, 1, 0
154, 401, 736, 18319128, 9, 79, 10000000, 10000000, 10000000, 10000000, 1, 0, 0, 0, 0, 4, 1, 1, 1, 1, 1, 0
79, 401, 787, 18319128, 9, 10000000, 10000000, 10000000, 10000000, 10000000, 0, 0, 0, 0, 0, 4, 1, 1, 1, 1, 1, 0
154, 401, 736, 18319547, 10, 104, 10000, 10000, 10000, 10000, 1, 1, 1, 1, 1, 4, 0, 0, 0, 0, 0, 0
393, 598, 787, 18319965, 11, 4, 10000000, 10000000, 10000000, 10000000, 1, 0, 0, 0, 0, 4, 1, 1, 1, 1, 1, 0
398, 787, 401, 18326292, 7, 111, 10000, 10000, 10000, 10000, 1, 1, 1, 1, 1, 4, 0, 0, 0, 0, 0, 0
111, 801, 568, 18326551, 7, 297, 171, 334, 371, 37, 1, 1, 0.9629, 0.965287, 1, 4, 0, 0, 0, 0, 0, 0
37, 798, 622, 18326861, 8, 94, 131, 261, 297, 334, 1, 1, 1, 1, 1, 4, 1, 0, 0, 0, 0, 0
371, 801, 637, 18326861, 8, 94, 131, 261, 297, 251, 1, 1, 1, 1, 0.85862, 4, 1, 0, 0, 0, 0, 0
171, 798, 664, 18326861, 8, 94, 74, 131, 261, 297, 1, 0.965022, 1, 1, 1, 4, 1, 1, 0, 0, 0, 0
334, 801, 677, 18326861, 8, 94, 131, 261, 74, 297, 0.966326, 1, 1, 0.777344, 1, 4, 1, 0, 0, 1, 0, 0
297, 798, 689, 18326861, 8, 74, 94, 131, 261, 301, 1, 1, 1, 1, 0.428942, 4, 1, 1, 0, 0, 1, 0
261, 801, 711, 18327279, 9, 94, 74, 90, 131, 143, 1, 1, 0.322922, 1, 0.428941, 4, 1, 1, 1, 0, 0, 0
131, 801, 736, 18327280, 9, 143, 94, 74, 251, 10000000, 0.321706, 1, 1, 0.429291, 0, 4, 1, 1, 1, 0, 1, 0
94, 801, 786, 18327280, 9, 74, 6, 10000000, 10000000, 10000000, 1, 0, 0, 0, 0, 4, 1, 1, 1, 1, 1, 0
74, 798, 813, 18327280, 9, 181, 194, 6, 10000000, 10000000, 1, 1, 1, 0, 0, 4, 0, 0, 1, 1, 1, 0
6, 787, 798, 18327698, 10, 358, 337, 240, 384, 194, 1, 1, 1, 0.723364, 1, 4, 0, 0, 0, 1, 0, 0
194, 754, 798, 18327698, 10, 387, 358, 384, 337, 82, 0.96734, 1, 0.964486, 1, 0.840709, 4, 1, 0, 1, 0, 1, 0
337, 668, 798, 18332116, 11, 393, 82, 387, 384, 358, 1, 1, 1, 1, 1, 4, 1, 1, 1, 1, 0, 0
82, 587, 798, 18332117, 11, 4, 393, 10000000, 10000000, 10000000, 1, 1, 0, 0, 0, 4, 1, 1, 1, 1, 1, 0
131, 801, 736, 18339698, 10, 143, 94, 74, 251, 10000000, 0.321278, 1, 1, 0.428719, 0, 4, 1, 1, 1, 0, 1, 0
94, 801, 786, 18339698, 10, 74, 6, 10000000, 10000000, 10000000, 1, 0, 0, 0, 0, 4, 1, 1, 1, 1, 1, 0
74, 798, 813, 18339698, 10, 181, 194, 6, 10000000, 10000000, 1, 1, 1, 0, 0, 4, 0, 0, 1, 1, 1, 0
6, 788, 798, 18340116, 11, 358, 337, 240, 384, 194, 1, 1, 1, 0.722283, 1, 4, 0, 0, 0, 1, 0, 0
74, 798, 813, 18340116, 11, 181, 194, 6, 10000000, 10000000, 1, 1, 1, 0, 0, 4, 0, 0, 1, 1, 1, 0
6, 788, 798, 18340534, 12, 358, 337, 240, 384, 194, 1, 1, 1, 0.722247, 1, 4, 0, 0, 0, 1, 0, 0
194, 754, 798, 18340534, 12, 387, 358, 384, 337, 82, 0.966008, 1, 0.962996, 1, 0.839414, 4, 1, 0, 1, 0, 1, 0
393, 598, 787, 18344534, 12, 4, 10000000, 10000000, 10000000, 10000000, 1, 0, 0, 0, 0, 4, 1, 1, 1, 1, 1, 0
384, 587, 801, 18344535, 12, 4, 393, 82, 10000000, 10000000, 1, 1, 1, 0, 0, 4, 1, 1, 1, 1, 1, 0
387, 587, 801, 18344535, 12, 4, 393, 82, 10000000, 10000000, 1, 1, 1, 0, 0, 4, 1, 1, 1, 1, 1, 0
82, 587, 798, 18344535, 12, 4, 393, 10000000, 10000000, 10000000, 1, 1, 0, 0, 0, 4, 1, 1, 1, 1, 1, 0
358, 565, 801, 18344535, 12, 109, 393, 82, 387, 384, 1, 1, 1, 1, 1, 4, 1, 1, 1, 1, 1, 0
27, 391, 198, 19299999, 1, 118, 224, 351, 380, 312, 1, 1, 0.775081, 1, 1, 393, 0, 0, 0, 0, 0, 0
224, 398, 268, 19300200, 2, 349, 381, 388, 53, 41, 0.969012, 1, 1, 1, 1, 393, 0, 0, 1, 1, 1, 1
312, 517, 201, 19300200, 2, 91, 88, 86, 47, 114, 1, 1, 1, 0.968546, 0.53867, 393, 1, 1, 1, 1, 0, 1
41, 401, 401, 19304618, 3, 217, 300, 349, 85, 104, 1, 0.969064, 1, 1, 0.754425, 393, 0, 0, 0, 1, 0, 0
53, 410, 401, 19304618, 3, 217, 300, 349, 166, 24, 1, 1, 1, 1, 0.970826, 393, 0, 0, 0, 0, 1, 0
381, 401, 433, 19304618, 3, 104, 217, 300, 349, 279, 1, 1, 1, 1, 0.755834, 393, 0, 0, 0, 0, 0, 0
349, 401, 466, 19304618, 3, 108, 104, 217, 300, 10000000, 1, 1, 1, 1, 0, 393, 1, 0, 0, 0, 1, 1
300, 401, 512, 19305037, 4, 16, 108, 104, 217, 10000000, 1, 1, 1, 1, 0, 393, 1, 1, 0, 0, 1, 0
217, 401, 542, 19305037, 4, 16, 108, 104, 154, 10000000, 1, 0.939112, 1, 0.241652, 0, 393, 1, 1, 0, 1, 1, 1
104, 401, 572, 19313455, 5, 107, 154, 108, 16, 10000000, 1, 0.861063, 0.956127, 1, 0, 393, 1, 0, 1, 1, 1, 0
16, 407, 601, 19313455, 5, 162, 79, 154, 173, 96, 1, 1, 1, 1, 0.755558, 393, 0, 1, 0, 0, 1, 1
108, 398, 608, 19313455, 5, 79, 154, 173, 52, 292, 1, 1, 1, 0.550254, 0.646268, 393, 1, 0, 0, 1, 0, 0
173, 451, 601, 19313873, 6, 21, 96, 19, 90, 332, 1, 1, 1, 0.969755, 0.32367, 393, 1, 1, 1, 1, 1, 0
162, 575, 598, 19313873, 6, 204, 90, 19, 96, 10000000, 1, 0.954608, 1, 1, 0, 393, 0, 1, 1, 1, 1, 1
96, 592, 597, 19313873, 6, 186, 309, 236, 204, 90, 1, 1, 1, 1, 0.958618, 393, 0, 0, 0, 0, 1, 0
96, 592, 597, 19314291, 7, 186, 309, 236, 204, 90, 1, 1, 1, 1, 0.958563, 393, 0, 0, 0, 0, 1, 0
19, 599, 602, 19314291, 7, 393, 186, 309, 360, 236, 0.968896, 0.9704, 1, 0.861151, 1, 393, 1, 0, 0, 0, 0, 0
90, 608, 601, 19314292, 7, 393, 360, 236, 204, 10000000, 1, 1, 1, 1, 0, 393, 1, 0, 0, 0, 1, 0
204, 598, 649, 19314292, 7, 393, 4, 186, 360, 309, 1, 1, 1, 1, 1, 393, 1, 1, 0, 0, 0, 1
309, 598, 713, 19314710, 8, 393, 4, 82, 186, 109, 1, 1, 1, 1, 1, 393, 1, 1, 1, 0, 1, 0
360, 598, 751, 19314710, 8, 393, 4, 82, 186, 387, 1, 1, 1, 1, 1, 393, 1, 1, 1, 0, 1, 0
4, 601, 792, 19314710, 8, 393, 10000000, 10000000, 10000000, 10000000, 1, 0, 0, 0, 0, 393, 1, 1, 1, 1, 1, 1
88, 593, 200, 19316618, 3, 85, 114, 290, 206, 47, 1, 1, 1, 1, 1, 393, 1, 0, 0, 0, 1, 0
47, 598, 205, 19316618, 3, 114, 290, 206, 347, 85, 1, 1, 1, 0.539448, 0.431217, 393, 0, 0, 0, 0, 1, 0
91, 601, 199, 19316618, 3, 24, 290, 206, 114, 47, 1, 1, 1, 0.601252, 1, 393, 1, 0, 0, 0, 1, 1
86, 607, 201, 19316618, 3, 290, 206, 47, 319, 250, 1, 1, 1, 0.362284, 0.215357, 393, 0, 0, 1, 0, 0, 0
47, 598, 205, 19317036, 4, 114, 290, 206, 347, 85, 1, 1, 1, 0.539423, 0.431198, 393, 0, 0, 0, 0, 1, 0
206, 598, 237, 19317036, 4, 24, 347, 114, 290, 85, 1, 0.863077, 1, 1, 0.547958, 393, 1, 0, 0, 0, 1, 0
290, 598, 275, 19317036, 4, 347, 85, 24, 114, 130, 1, 1, 1, 1, 0.794215, 393, 0, 1, 1, 0, 0, 0
114, 601, 356, 19317037, 4, 347, 85, 243, 24, 286, 1, 1, 0.759962, 1, 0.646728, 393, 0, 1, 0, 1, 0, 0
114, 601, 356, 19321455, 5, 347, 85, 243, 24, 286, 1, 1, 0.757419, 1, 0.646421, 393, 0, 1, 0, 1, 0, 0
24, 592, 398, 19321455, 5, 90, 21, 179, 286, 332, 1, 1, 1, 1, 1, 393, 1, 1, 0, 0, 0, 0
130, 598, 438, 19321455, 5, 204, 96, 21, 179, 286, 0.934, 1, 0.968035, 1, 1, 393, 0, 1, 1, 0, 0, 0
332, 598, 513, 19329873, 6, 360, 186, 90, 19, 96, 1, 0.861131, 1, 1, 1, 393, 0, 0, 1, 1, 1, 0
286, 601, 534, 19329873, 6, 186, 236, 204, 90, 19, 0.869213, 1, 1, 1, 1, 393, 0, 0, 0, 1, 1, 0
179, 601, 563, 19329873, 6, 309, 204, 236, 90, 96, 0.87658, 1, 0.904111, 1, 1, 393, 0, 0, 0, 1, 1, 0
96, 592, 597, 19338292, 7, 186, 309, 236, 204, 90, 1, 1, 1, 1, 0.955423, 393, 0, 0, 0, 0, 1, 0
90, 608, 601, 19338292, 7, 393, 360, 236, 204, 10000000, 1, 1, 1, 1, 0, 393, 1, 0, 0, 0, 1, 0
204, 598, 649, 19338292, 7, 393, 4, 186, 360, 309, 1, 1, 1, 1, 1, 393, 1, 1, 0, 0, 0, 0
236, 598, 670, 19338292, 7, 393, 4, 82, 186, 109, 1, 1, 1, 1, 0.967689, 393, 1, 1, 1, 0, 1, 0
309, 598, 713, 19342710, 8, 393, 4, 82, 186, 109, 1, 1, 1, 1, 1, 393, 1, 1, 1, 0, 1, 0
360, 598, 751, 19342710, 8, 393, 4, 82, 186, 387, 1, 1, 1, 1, 1, 393, 1, 1, 1, 0, 1, 0
186, 601, 773, 19342710, 8, 393, 4, 82, 10000000, 10000000, 1, 1, 1, 0, 0, 393, 1, 1, 1, 1, 1, 0
4, 601, 792, 19351128, 9, 393, 10000000, 10000000, 10000000, 10000000, 1, 0, 0, 0, 0, 393, 1, 1, 1, 1, 1, 0
82, 591, 798, 19351128, 9, 393, 4, 10000000, 10000000, 10000000, 1, 1, 0, 0, 0, 393, 1, 1, 1, 1, 1, 0
