source_id,source_x,source_y,time,hop,pri_1_id,pri_2_id,pri_3_id,pri_4_id,pri_5_id,pri_1_r,pri_2_r,pri_3_r,pri_4_r,pri_5_r,des_id,inter_1id ,inter_2id ,inter_3id ,inter_4id ,inter_5id ,send_log
165, -1, 151, 10299999, 1, 32, 176, 284, 379, 346, 0.971419, 1, 1, 1, 1, 393, 0, 0, 0, 1, 1, 1
346, 1, 212, 10300200, 2, 348, 191, 32, 56, 64, 0.539501, 0.189067, 1, 0.967999, 0.847745, 393, 1, 1, 0, 0, 0, 0
379, 1, 212, 10300200, 2, 32, 56, 348, 174, 176, 1, 0.967999, 0.755301, 0.724552, 1, 393, 0, 0, 1, 0, 0, 0
284, 1, 219, 10300200, 2, 348, 43, 32, 174, 56, 0.484606, 0.120837, 1, 0.724552, 0.860444, 393, 1, 1, 0, 0, 0, 0
176, 1, 247, 10300200, 2, 348, 32, 191, 64, 174, 0.911199, 1, 0.611995, 0.702018, 0.483035, 393, 1, 0, 0, 0, 0, 0
32, 1, 282, 10300200, 2, 348, 174, 64, 282, 43, 0.863201, 0.863247, 0.954406, 0.68755, 0.477777, 393, 1, 0, 0, 1, 0, 1
64, -1, 319, 10300649, 3, 43, 348, 191, 50, 282, 1, 1, 1, 0.783718, 1, 393, 0, 1, 0, 0, 0, 0
174, -1, 355, 10300649, 3, 43, 191, 348, 370, 268, 1, 0.972282, 1, 0.444222, 0.443371, 393, 0, 0, 1, 1, 1, 0
282, -1, 381, 10300649, 3, 50, 43, 191, 370, 221, 1, 1, 0.972282, 0.477628, 0.968042, 393, 0, 0, 0, 1, 0, 0
348, -1, 387, 10300649, 3, 110, 43, 390, 191, 221, 0.971393, 1, 0.792915, 1, 1, 393, 0, 0, 1, 0, 0, 1
221, 31, 398, 10301098, 4, 274, 336, 262, 110, 83, 0.774257, 0.772817, 0.687156, 1, 0.648461, 393, 1, 1, 0, 0, 0, 0
191, 1, 446, 10301098, 4, 370, 374, 390, 340, 328, 0.861021, 0.635597, 0.604935, 0.362648, 0.436047, 393, 1, 1, 1, 1, 1, 0
110, 61, 398, 10301098, 4, 311, 274, 262, 363, 83, 1, 0.932751, 0.863978, 0.725335, 0.864615, 393, 1, 1, 0, 1, 0, 1
43, 1, 474, 10301099, 4, 163, 370, 267, 390, 201, 1, 1, 0.921632, 0.725922, 0.723068, 393, 0, 1, 0, 1, 0, 1
83, 121, 401, 10301548, 5, 188, 299, 274, 363, 45, 1, 1, 1, 1, 0.863469, 393, 0, 0, 0, 1, 0, 0
262, 179, 401, 10301548, 5, 65, 45, 188, 205, 299, 1, 0.971403, 1, 1, 1, 393, 0, 0, 0, 0, 0, 0
363, 201, 412, 10301548, 5, 222, 65, 188, 205, 113, 0.862028, 1, 1, 1, 0.689192, 393, 0, 0, 0, 0, 0, 0
274, 219, 398, 10301548, 5, 45, 65, 395, 188, 205, 0.971403, 0.860283, 0.6392, 1, 0.970123, 393, 0, 0, 1, 0, 0, 1
201, -1, 556, 10305548, 5, 374, 328, 390, 370, 340, 1, 1, 1, 1, 1, 393, 1, 1, 1, 1, 1, 0
370, -1, 587, 10305548, 5, 34, 134, 28, 259, 163, 0.967613, 1, 0.967331, 1, 0.970548, 393, 0, 0, 0, 0, 0, 1
390, -1, 587, 10305548, 5, 34, 134, 28, 259, 163, 0.967613, 1, 0.967331, 1, 0.966637, 393, 0, 0, 0, 0, 0, 0
188, 248, 398, 10305997, 6, 372, 335, 339, 279, 168, 1, 0.647242, 0.379253, 0.12048, 0.864065, 393, 1, 1, 1, 1, 0, 0
45, 283, 398, 10305997, 6, 300, 372, 339, 278, 335, 0.966017, 0.686003, 0.636233, 0.862507, 0.539369, 393, 1, 1, 1, 0, 1, 1
278, 379, 401, 10306447, 7, 372, 339, 335, 290, 206, 1, 1, 1, 0.319302, 0.120882, 393, 1, 1, 1, 1, 1, 1
335, 387, 401, 10306447, 7, 347, 372, 339, 290, 120, 1, 1, 1, 0.439226, 0.1207, 393, 1, 1, 1, 1, 1, 0
259, 19, 598, 10309997, 6, 34, 103, 134, 189, 107, 0.967151, 0.759265, 1, 0.606914, 0.435225, 393, 0, 0, 0, 0, 0, 0
134, 44, 598, 10309997, 6, 103, 34, 276, 189, 210, 0.860813, 1, 0.412613, 0.430895, 0.317032, 393, 0, 0, 1, 0, 1, 1
163, 1, 645, 10309997, 6, 275, 34, 242, 28, 134, 0.189477, 0.644767, 0.82487, 0.966869, 0.754534, 393, 1, 0, 0, 0, 0, 0
28, 1, 683, 10309997, 6, 242, 134, 2, 275, 34, 0.968533, 0.646743, 0.948722, 0.688576, 0.429845, 393, 0, 1, 0, 1, 0, 1
34, 79, 598, 10314446, 7, 107, 189, 103, 276, 210, 0.634037, 0.753705, 0.948281, 0.430162, 0.322456, 393, 0, 0, 0, 1, 1, 0
103, 110, 601, 10314446, 7, 107, 276, 210, 189, 67, 0.966349, 1, 0.859883, 0.96905, 0.755569, 393, 0, 0, 0, 0, 0, 1
189, 157, 601, 10314446, 7, 107, 210, 276, 20, 67, 0.966349, 1, 1, 0.757217, 0.863508, 393, 0, 0, 0, 0, 0, 0
189, 157, 601, 10314895, 8, 107, 210, 276, 20, 67, 0.966302, 1, 1, 0.757153, 0.863466, 393, 0, 0, 0, 0, 0, 0
2, -1, 718, 10318446, 7, 392, 308, 396, 353, 233, 0.970787, 0.969529, 0.96872, 0.967471, 0.860976, 393, 1, 1, 1, 1, 1, 0
242, -1, 780, 10318447, 7, 77, 208, 233, 396, 392, 0.858816, 0.968527, 1, 1, 0.970786, 393, 0, 0, 0, 1, 1, 1
275, 1, 820, 10318447, 7, 77, 208, 233, 396, 392, 0.858816, 0.968527, 1, 1, 0.970786, 393, 0, 0, 0, 1, 1, 0
335, 387, 401, 10318896, 8, 347, 372, 339, 290, 120, 1, 1, 1, 0.436838, 0.120519, 393, 1, 1, 1, 1, 1, 0
339, 412, 398, 10318896, 8, 104, 24, 217, 144, 53, 1, 1, 1, 0.82119, 0.842509, 393, 0, 0, 0, 0, 0, 0
372, 412, 398, 10318896, 8, 104, 144, 53, 217, 24, 1, 0.940582, 0.950669, 1, 0.962078, 393, 0, 0, 0, 0, 0, 1
392, 12, 798, 10318896, 8, 68, 77, 208, 233, 136, 1, 1, 0.96848, 1, 0.322314, 393, 0, 0, 0, 0, 0, 0
396, 12, 798, 10318896, 8, 68, 77, 246, 184, 208, 0.963815, 1, 0.782693, 0.820268, 1, 393, 0, 0, 1, 0, 0, 0
233, 19, 798, 10318896, 8, 68, 77, 208, 184, 324, 0.958617, 1, 1, 0.430425, 0.379511, 393, 0, 0, 0, 0, 1, 1
217, 401, 431, 10319345, 9, 115, 104, 79, 154, 10000000, 0.97031, 1, 0.435096, 0.429488, 0, 393, 0, 0, 0, 1, 1, 0
104, 401, 467, 10319345, 9, 115, 154, 10000000, 10000000, 10000000, 0.862498, 0.482712, 0, 0, 0, 393, 0, 0, 1, 1, 1, 1
24, 485, 398, 10319345, 9, 347, 144, 286, 53, 104, 0.431476, 1, 0.72402, 0.751545, 0.538855, 393, 1, 0, 1, 0, 0, 0
53, 515, 401, 10319345, 9, 21, 179, 286, 347, 144, 0.753582, 0.861359, 1, 1, 1, 393, 0, 0, 0, 1, 0, 0
144, 554, 401, 10319345, 9, 21, 179, 286, 347, 332, 0.861237, 1, 1, 1, 0.361086, 393, 0, 0, 0, 1, 1, 1
115, 398, 533, 10319794, 10, 79, 154, 162, 182, 96, 0.967021, 1, 0.645816, 0.644424, 0.431367, 393, 0, 0, 1, 1, 0, 1
154, 401, 638, 10320243, 11, 108, 31, 79, 96, 292, 1, 0.120583, 1, 0.647019, 0.410664, 393, 0, 1, 0, 0, 0, 0
79, 401, 680, 10320244, 11, 108, 177, 292, 31, 96, 1, 0.87018, 0.547552, 0.322967, 0.431346, 393, 0, 0, 0, 0, 0, 1
108, 398, 728, 10320693, 12, 292, 82, 181, 177, 10000000, 1, 0.537947, 0.645238, 1, 0, 393, 0, 0, 1, 0, 1, 1
292, 401, 820, 10320693, 12, 82, 181, 10000000, 10000000, 10000000, 0.860715, 0.967857, 0, 0, 0, 393, 0, 0, 1, 1, 1, 0
292, 401, 820, 10321142, 13, 82, 181, 10000000, 10000000, 10000000, 0.860674, 0.96781, 0, 0, 0, 393, 0, 0, 1, 1, 1, 1
177, 401, 843, 10321142, 13, 82, 181, 292, 10000000, 10000000, 0.645505, 0.752741, 1, 0, 0, 393, 0, 0, 0, 1, 1, 0
347, 601, 412, 10323794, 10, 85, 21, 332, 179, 243, 1, 1, 0.683817, 1, 0.567053, 393, 0, 0, 1, 0, 0, 0
286, 601, 419, 10323794, 10, 21, 332, 179, 130, 85, 1, 0.633917, 1, 0.635859, 0.537163, 393, 0, 1, 0, 0, 0, 0
179, 601, 445, 10323794, 10, 21, 332, 85, 243, 130, 1, 0.568565, 0.537163, 0.36085, 0.322524, 393, 0, 1, 0, 0, 0, 1
276, 201, 618, 10327345, 9, 324, 107, 67, 210, 295, 0.304273, 0.857789, 0.970095, 0.966029, 0.549611, 393, 1, 0, 0, 0, 0, 0
210, 201, 645, 10327345, 9, 55, 67, 295, 10, 107, 0.214797, 0.970095, 0.72373, 0.793135, 0.643342, 393, 1, 0, 0, 0, 0, 0
208, 47, 798, 10327345, 9, 324, 77, 184, 68, 190, 0.757806, 1, 0.75256, 0.820722, 0.601012, 393, 1, 0, 0, 0, 1, 0
107, 273, 598, 10327345, 9, 182, 20, 162, 96, 154, 0.637017, 0.753061, 0.46692, 0.240866, 0.233304, 393, 0, 0, 0, 0, 1, 1
77, 89, 798, 10327345, 9, 324, 184, 136, 190, 3, 1, 0.967577, 0.751005, 0.643864, 0.474448, 393, 1, 0, 0, 1, 0, 0
184, 157, 801, 10327345, 9, 136, 3, 271, 324, 246, 1, 0.858891, 1, 1, 1, 393, 0, 0, 0, 1, 0, 0
20, 312, 601, 10327794, 10, 96, 162, 154, 79, 182, 1, 0.967891, 0.858197, 0.751482, 0.965806, 393, 0, 0, 0, 0, 0, 0
182, 356, 601, 10327794, 10, 96, 162, 154, 79, 16, 0.969739, 1, 1, 0.858836, 0.322874, 393, 0, 0, 0, 0, 0, 1
162, 447, 598, 10327794, 10, 273, 16, 96, 173, 79, 1, 0.931258, 1, 0.429834, 0.644127, 393, 0, 0, 0, 0, 0, 0
154, 401, 638, 10328243, 11, 108, 31, 79, 96, 292, 1, 0.120466, 1, 0.646462, 0.410215, 393, 0, 1, 0, 0, 0, 0
162, 447, 598, 10328243, 11, 273, 16, 96, 173, 79, 1, 0.931161, 1, 0.429814, 0.644096, 393, 0, 0, 0, 0, 0, 0
21, 601, 488, 10328243, 11, 332, 130, 243, 186, 85, 1, 0.841935, 0.646296, 0.547546, 0.54801, 393, 1, 0, 0, 0, 0, 1
85, 598, 515, 10328244, 11, 4, 186, 332, 243, 273, 1, 1, 1, 1, 0.858583, 393, 0, 0, 1, 0, 1, 0
130, 598, 552, 10328244, 11, 4, 19, 186, 332, 243, 0.964837, 0.903524, 1, 1, 1, 393, 0, 0, 0, 1, 0, 0
243, 598, 580, 10328244, 11, 337, 4, 186, 204, 273, 1, 1, 1, 0.609363, 0.965906, 393, 1, 0, 0, 0, 1, 0
85, 598, 515, 10328693, 12, 4, 186, 332, 243, 273, 1, 1, 1, 1, 0.858542, 393, 0, 0, 1, 0, 1, 0
130, 598, 552, 10328693, 12, 4, 19, 186, 332, 243, 0.96479, 0.903402, 1, 1, 1, 393, 0, 0, 0, 1, 0, 0
243, 598, 580, 10328693, 12, 337, 4, 186, 204, 273, 1, 1, 1, 0.60928, 0.96586, 393, 1, 0, 0, 0, 1, 0
332, 598, 587, 10328693, 12, 4, 309, 186, 19, 360, 1, 0.764368, 1, 0.792515, 0.600917, 393, 0, 1, 0, 0, 1, 1
186, 601, 647, 10329142, 13, 309, 19, 236, 4, 204, 0.794189, 0.96043, 0.752225, 1, 0.43029, 393, 1, 0, 0, 0, 0, 0
4, 601, 690, 10329142, 13, 309, 236, 204, 393, 112, 0.953027, 0.859685, 0.860579, 0.722111, 0.913498, 393, 1, 0, 0, 1, 0, 1
19, 598, 710, 10329142, 13, 360, 309, 236, 393, 337, 1, 1, 1, 0.964893, 0.967664, 393, 1, 1, 0, 1, 1, 0
309, 598, 787, 10329142, 13, 393, 360, 10000000, 10000000, 10000000, 1, 1, 0, 0, 0, 393, 1, 1, 1, 1, 1, 0
204, 598, 752, 10329591, 14, 393, 360, 309, 236, 358, 1, 1, 1, 1, 1, 393, 1, 1, 1, 0, 1, 0
236, 598, 778, 10329591, 14, 360, 309, 393, 10000000, 10000000, 1, 1, 0.962763, 0, 0, 393, 1, 1, 1, 1, 1, 0
67, 201, 691, 10331794, 10, 246, 295, 324, 178, 107, 0.902846, 0.945489, 0.843154, 0.64622, 0.42869, 393, 0, 0, 1, 0, 1, 0
10, 198, 712, 10331794, 10, 324, 271, 136, 246, 295, 0.968717, 0.858819, 0.643736, 1, 1, 393, 1, 1, 1, 0, 0, 0
295, 198, 780, 10331794, 10, 136, 3, 271, 324, 246, 0.965604, 0.75117, 1, 1, 1, 393, 0, 0, 0, 1, 0, 0
184, 157, 801, 10331794, 10, 136, 3, 271, 324, 246, 1, 0.85848, 1, 1, 1, 393, 0, 0, 0, 1, 0, 0
3, 276, 798, 10331795, 10, 292, 352, 215, 181, 227, 0.949647, 0.844736, 0.820072, 0.604039, 0.645771, 393, 1, 1, 0, 0, 1, 0
96, 484, 598, 10332693, 12, 128, 173, 16, 273, 186, 0.943938, 0.683221, 0.645408, 0.464226, 0.41041, 393, 0, 0, 0, 0, 1, 0
16, 509, 601, 10332693, 12, 332, 243, 186, 4, 173, 1, 0.861316, 0.859613, 0.750071, 1, 393, 1, 1, 0, 0, 0, 0
173, 553, 601, 10332693, 12, 4, 186, 360, 19, 393, 0.857224, 1, 0.360211, 0.361827, 0.321509, 393, 0, 0, 1, 0, 1, 0
273, 620, 598, 10332693, 12, 4, 186, 10000000, 10000000, 10000000, 0.857224, 0.967064, 0, 0, 0, 393, 0, 0, 1, 1, 1, 0
360, 598, 787, 10333591, 14, 309, 393, 10000000, 10000000, 10000000, 1, 0.964433, 0, 0, 0, 393, 1, 1, 1, 1, 1, 0
178, 198, 756, 10336243, 11, 324, 271, 136, 3, 246, 1, 0.965711, 0.750667, 0.536294, 1, 393, 1, 1, 0, 0, 0, 0
295, 198, 780, 10336243, 11, 136, 3, 271, 324, 246, 0.965143, 0.750812, 1, 1, 1, 393, 0, 0, 0, 1, 0, 0
271, 220, 798, 10336243, 11, 95, 215, 352, 3, 136, 0.952343, 0.819573, 0.753121, 0.858071, 1, 393, 0, 0, 1, 0, 0, 0
136, 247, 798, 10336243, 11, 215, 292, 3, 227, 352, 0.793187, 0.604579, 0.858071, 0.537885, 0.430355, 393, 0, 1, 0, 1, 1, 0
3, 276, 798, 10336244, 11, 292, 352, 215, 181, 227, 0.948979, 0.844283, 0.819573, 0.603229, 0.645462, 393, 1, 1, 0, 0, 1, 0
79, 401, 680, 10336692, 12, 108, 177, 292, 31, 96, 1, 0.863997, 0.546322, 0.322396, 0.430582, 393, 0, 0, 0, 0, 0, 0
3, 276, 798, 10336693, 12, 292, 352, 215, 181, 227, 0.948912, 0.844237, 0.819523, 0.603147, 0.645431, 393, 1, 1, 0, 0, 1, 0
108, 398, 728, 10336693, 12, 292, 82, 181, 177, 10000000, 1, 0.537023, 0.64413, 1, 0, 393, 0, 0, 1, 0, 1, 0
215, 354, 801, 10336693, 12, 82, 181, 292, 177, 352, 1, 1, 0.9663, 0.96523, 1, 393, 0, 0, 0, 0, 1, 0
352, 387, 801, 10337142, 13, 82, 33, 181, 317, 141, 1, 0.905033, 1, 0.604682, 0.600071, 393, 0, 0, 0, 1, 0, 0
177, 401, 843, 10337142, 13, 82, 181, 292, 10000000, 10000000, 0.644396, 0.751449, 1, 0, 0, 393, 0, 0, 0, 1, 1, 0
181, 444, 798, 10337142, 13, 384, 317, 82, 358, 257, 0.844092, 0.749888, 1, 0.683532, 0.642643, 393, 1, 1, 0, 1, 0, 0
82, 484, 798, 10337142, 13, 337, 257, 387, 141, 194, 1, 1, 0.951358, 0.942558, 0.925417, 393, 1, 0, 1, 0, 0, 0
141, 551, 801, 10337591, 14, 393, 360, 309, 236, 387, 1, 1, 1, 0.966269, 1, 393, 1, 1, 1, 1, 1, 0
257, 578, 801, 10337592, 14, 393, 360, 309, 236, 358, 1, 1, 1, 1, 1, 393, 1, 1, 1, 0, 1, 0
387, 587, 801, 10337592, 14, 393, 360, 309, 236, 358, 1, 1, 1, 1, 1, 393, 1, 1, 1, 0, 1, 0
337, 612, 798, 10337592, 14, 393, 360, 309, 236, 387, 1, 1, 1, 1, 1, 393, 1, 1, 1, 0, 1, 0
194, 646, 798, 10337592, 14, 393, 360, 309, 236, 358, 1, 1, 1, 0.966269, 1, 393, 1, 1, 1, 1, 1, 0
271, 220, 798, 10340692, 12, 95, 215, 352, 3, 136, 0.951671, 0.819076, 0.75276, 0.857662, 1, 393, 0, 0, 1, 0, 0, 0
324, 201, 812, 10340692, 12, 3, 136, 271, 10000000, 10000000, 0.964869, 1, 1, 0, 0, 393, 0, 0, 0, 1, 1, 0
246, 201, 820, 10340692, 12, 136, 3, 271, 10000000, 10000000, 0.964683, 0.750454, 1, 0, 0, 393, 0, 0, 0, 1, 1, 0
358, 587, 801, 10342041, 15, 393, 360, 309, 236, 387, 1, 1, 1, 1, 1, 393, 1, 1, 1, 0, 1, 0
309, 598, 787, 10342041, 15, 393, 360, 10000000, 10000000, 10000000, 1, 1, 0, 0, 0, 393, 1, 1, 1, 1, 1, 0
360, 598, 787, 10342041, 15, 309, 393, 10000000, 10000000, 10000000, 1, 0.963561, 0, 0, 0, 393, 1, 1, 1, 1, 1, 0
309, 598, 787, 10346490, 16, 393, 360, 10000000, 10000000, 10000000, 1, 1, 0, 0, 0, 393, 1, 1, 1, 1, 1, 0
360, 598, 787, 10346939, 17, 309, 393, 10000000, 10000000, 10000000, 1, 0.963056, 0, 0, 0, 393, 1, 1, 1, 1, 1, 0
136, 247, 798, 10349141, 13, 215, 292, 3, 227, 352, 0.791568, 0.602231, 0.856885, 0.53714, 0.429758, 393, 0, 1, 0, 1, 1, 0
3, 276, 798, 10349141, 13, 292, 352, 215, 181, 227, 0.947047, 0.842971, 0.818132, 0.600891, 0.644568, 393, 1, 1, 0, 0, 1, 0
95, 317, 801, 10349142, 13, 82, 181, 292, 352, 304, 0.96535, 1, 1, 1, 1, 393, 0, 0, 0, 1, 1, 0
352, 387, 801, 10349142, 13, 82, 33, 181, 317, 141, 1, 0.901768, 1, 0.602496, 0.597918, 393, 0, 0, 0, 1, 0, 0
181, 444, 798, 10349591, 14, 384, 317, 82, 358, 257, 0.842827, 0.748889, 1, 0.682371, 0.641787, 393, 1, 1, 0, 1, 0, 0
292, 401, 821, 10349591, 14, 82, 181, 10000000, 10000000, 10000000, 0.858048, 0.964859, 0, 0, 0, 393, 0, 0, 1, 1, 1, 0
82, 484, 798, 10349591, 14, 337, 257, 387, 141, 194, 1, 1, 0.949484, 0.940351, 0.92276, 393, 1, 0, 1, 0, 0, 0
141, 550, 801, 10350040, 15, 393, 360, 309, 236, 387, 1, 1, 1, 0.964979, 1, 393, 1, 1, 1, 1, 1, 0
257, 578, 801, 10350040, 15, 393, 360, 309, 236, 358, 1, 1, 1, 1, 1, 393, 1, 1, 1, 0, 1, 0
387, 587, 801, 10350040, 15, 393, 360, 309, 236, 358, 1, 1, 1, 1, 1, 393, 1, 1, 1, 0, 1, 0
337, 612, 798, 10350041, 15, 393, 360, 309, 236, 387, 1, 1, 1, 1, 1, 393, 1, 1, 1, 0, 1, 0
194, 646, 798, 10350041, 15, 393, 360, 309, 236, 358, 1, 1, 1, 0.964979, 1, 393, 1, 1, 1, 1, 1, 0
309, 598, 787, 10350490, 16, 393, 360, 10000000, 10000000, 10000000, 1, 1, 0, 0, 0, 393, 1, 1, 1, 1, 1, 0
360, 598, 787, 10350490, 16, 309, 393, 10000000, 10000000, 10000000, 1, 0.96269, 0, 0, 0, 393, 1, 1, 1, 1, 1, 0
236, 598, 778, 10350490, 16, 360, 309, 393, 10000000, 10000000, 1, 1, 0.960347, 0, 0, 393, 1, 1, 1, 1, 1, 0
387, 587, 801, 10350490, 16, 393, 360, 309, 236, 358, 1, 1, 1, 1, 1, 393, 1, 1, 1, 0, 1, 0
181, 445, 798, 10353591, 14, 384, 317, 82, 358, 257, 0.842421, 0.748569, 1, 0.681999, 0.641513, 393, 1, 1, 0, 1, 0, 0
82, 484, 798, 10353591, 14, 337, 257, 387, 141, 194, 1, 1, 0.948883, 0.939644, 0.921909, 393, 1, 0, 1, 0, 0, 0
141, 550, 801, 10353591, 14, 393, 360, 309, 236, 387, 1, 1, 1, 0.964612, 1, 393, 1, 1, 1, 1, 1, 0
317, 587, 801, 10353592, 14, 393, 360, 309, 236, 387, 1, 1, 1, 1, 1, 393, 1, 1, 1, 0, 1, 0
309, 598, 787, 10354939, 17, 393, 360, 10000000, 10000000, 10000000, 1, 1, 0, 0, 0, 393, 1, 1, 1, 1, 1, 0
360, 598, 787, 10355388, 18, 309, 393, 10000000, 10000000, 10000000, 1, 0.962186, 0, 0, 0, 393, 1, 1, 1, 1, 1, 0
309, 598, 787, 10359837, 19, 393, 360, 10000000, 10000000, 10000000, 1, 1, 0, 0, 0, 393, 1, 1, 1, 1, 1, 0
360, 598, 787, 10360286, 20, 309, 393, 10000000, 10000000, 10000000, 1, 0.961682, 0, 0, 0, 393, 1, 1, 1, 1, 1, 0
309, 598, 787, 10364735, 21, 393, 360, 10000000, 10000000, 10000000, 1, 1, 0, 0, 0, 393, 1, 1, 1, 1, 1, 0
387, 587, 801, 10366041, 15, 393, 360, 309, 236, 358, 1, 1, 1, 1, 1, 393, 1, 1, 1, 0, 1, 0
309, 598, 787, 10366041, 15, 393, 360, 10000000, 10000000, 10000000, 1, 1, 0, 0, 0, 393, 1, 1, 1, 1, 1, 0
360, 598, 787, 10366041, 15, 309, 393, 10000000, 10000000, 10000000, 1, 0.961091, 0, 0, 0, 393, 1, 1, 1, 1, 1, 0
236, 598, 778, 10366041, 15, 360, 309, 393, 10000000, 10000000, 1, 1, 0.958558, 0, 0, 393, 1, 1, 1, 1, 1, 0
309, 598, 787, 10370490, 16, 393, 360, 10000000, 10000000, 10000000, 1, 1, 0, 0, 0, 393, 1, 1, 1, 1, 1, 0
360, 598, 787, 10370939, 17, 309, 393, 10000000, 10000000, 10000000, 1, 0.960589, 0, 0, 0, 393, 1, 1, 1, 1, 1, 0
309, 598, 787, 10375388, 18, 393, 360, 10000000, 10000000, 10000000, 1, 1, 0, 0, 0, 393, 1, 1, 1, 1, 1, 0
360, 598, 787, 10375837, 19, 309, 393, 10000000, 10000000, 10000000, 1, 0.960087, 0, 0, 0, 393, 1, 1, 1, 1, 1, 0
309, 598, 787, 10380286, 20, 393, 360, 10000000, 10000000, 10000000, 1, 1, 0, 0, 0, 393, 1, 1, 1, 1, 1, 0
360, 598, 787, 10380735, 21, 309, 393, 10000000, 10000000, 10000000, 1, 0.959586, 0, 0, 0, 393, 1, 1, 1, 1, 1, 0
394, 8, -1, 11299999, 1, 369, 326, 29, 11, 8, 1, 1, 1, 1, 1, 301, 1, 1, 0, 0, 0, 0
369, 8, -1, 11300199, 2, 150, 11, 8, 38, 343, 1, 1, 1, 0.972318, 0.724988, 301, 0, 0, 0, 0, 1, 1
326, 8, -1, 11300200, 2, 323, 11, 8, 284, 343, 1, 1, 1, 0.120921, 0.794853, 301, 1, 0, 0, 1, 1, 0
8, 91, -1, 11300200, 2, 343, 165, 270, 323, 330, 1, 0.107727, 0.954386, 0.844615, 0.64592, 301, 1, 1, 0, 1, 1, 0
11, 1, 95, 11300200, 2, 64, 32, 346, 165, 176, 1, 0.950756, 1, 0.969545, 0.639248, 301, 0, 0, 1, 0, 0, 0
29, -1, 102, 11300200, 2, 379, 346, 32, 176, 284, 1, 1, 0.970831, 1, 1, 301, 1, 1, 0, 0, 0, 0
8, 91, -1, 11300649, 3, 343, 165, 270, 323, 330, 1, 0.107722, 0.954317, 0.84457, 0.645889, 301, 1, 1, 0, 1, 1, 0
38, 94, 1, 11300649, 3, 7, 170, 235, 266, 323, 0.971738, 1, 1, 1, 1, 301, 0, 0, 0, 0, 1, 0
11, 1, 95, 11300649, 3, 64, 32, 346, 165, 176, 1, 0.950675, 1, 0.969498, 0.639202, 301, 0, 0, 1, 0, 0, 1
150, 144, 1, 11300649, 3, 98, 7, 123, 62, 170, 0.969522, 1, 1, 0.955914, 1, 301, 0, 0, 0, 0, 0, 1
343, 187, 1, 11300649, 3, 344, 98, 7, 123, 170, 0.911289, 1, 1, 1, 1, 301, 1, 0, 0, 0, 0, 0
170, 261, -1, 11301098, 4, 320, 149, 62, 7, 123, 0.919754, 0.946942, 0.964128, 1, 0.75275, 301, 1, 0, 0, 0, 0, 0
7, 293, -1, 11301098, 4, 320, 156, 373, 149, 254, 0.724031, 0.823976, 0.547898, 0.964696, 0.603175, 301, 1, 0, 1, 0, 1, 1
62, 305, 1, 11301098, 4, 5, 254, 156, 373, 320, 0.972319, 1, 0.970885, 1, 1, 301, 0, 0, 0, 1, 1, 0
165, -1, 137, 11305098, 4, 32, 176, 379, 346, 284, 0.970319, 1, 1, 1, 1, 301, 0, 0, 1, 1, 0, 0
346, 1, 212, 11305098, 4, 348, 191, 56, 32, 216, 0.540013, 0.158881, 0.97155, 1, 1, 301, 1, 1, 0, 0, 0, 1
149, 342, 1, 11305548, 5, 338, 291, 155, 373, 320, 0.215253, 0.241248, 0.121032, 1, 1, 301, 1, 1, 1, 1, 1, 0
373, 401, 12, 11305548, 5, 48, 378, 138, 100, 158, 1, 0.797806, 0.847467, 0.862109, 1, 301, 0, 1, 0, 0, 0, 0
320, 401, 12, 11305548, 5, 48, 158, 100, 260, 138, 1, 1, 0.754345, 0.647766, 0.645678, 301, 0, 0, 0, 0, 0, 1
158, 401, 53, 11305997, 6, 378, 138, 100, 48, 325, 0.82414, 0.860862, 0.968663, 1, 0.635352, 301, 1, 0, 0, 0, 1, 0
48, 401, 92, 11305997, 6, 118, 260, 325, 138, 378, 0.931111, 1, 0.953027, 0.96847, 0.6026, 301, 0, 0, 1, 0, 1, 1
100, 398, 101, 11305997, 6, 118, 41, 356, 314, 378, 1, 0.863566, 1, 1, 1, 301, 0, 0, 1, 1, 1, 0
138, 398, 146, 11305997, 6, 41, 118, 356, 314, 310, 1, 1, 1, 1, 1, 301, 0, 0, 1, 1, 1, 0
260, 398, 170, 11305997, 6, 41, 118, 117, 88, 356, 0.971512, 1, 0.972024, 0.859919, 1, 301, 0, 0, 0, 0, 1, 0
138, 398, 146, 11306446, 7, 41, 118, 356, 314, 310, 1, 1, 1, 1, 1, 301, 0, 0, 1, 1, 1, 0
260, 398, 170, 11306446, 7, 41, 118, 117, 88, 356, 0.971465, 1, 0.971977, 0.859878, 1, 301, 0, 0, 0, 0, 1, 1
325, 398, 187, 11306446, 7, 395, 349, 372, 41, 118, 1, 1, 1, 1, 1, 301, 1, 1, 1, 0, 0, 0
378, 398, 187, 11306446, 7, 381, 41, 118, 117, 116, 1, 1, 1, 1, 0.687464, 301, 1, 0, 0, 0, 0, 0
356, 412, 198, 11310895, 8, 287, 41, 88, 118, 117, 1, 1, 1, 1, 1, 301, 0, 0, 0, 0, 0, 1
118, 401, 257, 11310896, 8, 395, 349, 300, 104, 116, 1, 1, 0.929495, 0.77829, 1, 301, 1, 1, 0, 0, 0, 0
41, 401, 300, 11310896, 8, 104, 395, 300, 302, 388, 0.944812, 1, 0.846268, 0.862068, 0.755192, 301, 0, 1, 0, 1, 1, 1
302, 398, 384, 11311345, 9, 104, 166, 24, 217, 279, 1, 1, 0.859496, 1, 1, 301, 0, 0, 0, 0, 0, 0
388, 401, 412, 11311345, 9, 115, 24, 104, 79, 166, 0.963133, 1, 1, 0.107843, 1, 301, 0, 0, 0, 1, 0, 0
395, 401, 412, 11311345, 9, 154, 24, 104, 166, 115, 0.24096, 1, 1, 1, 0.755432, 301, 1, 0, 0, 0, 0, 1
300, 401, 420, 11311345, 9, 24, 104, 115, 166, 217, 0.966933, 1, 0.755432, 0.96703, 1, 301, 0, 0, 0, 0, 0, 0
32, 1, 297, 11313547, 5, 348, 174, 282, 43, 64, 0.971138, 1, 0.724153, 0.411386, 0.958906, 301, 1, 0, 0, 0, 0, 1
166, 457, 398, 11315794, 10, 144, 53, 24, 347, 286, 1, 0.962644, 1, 0.410764, 0.376441, 301, 0, 0, 0, 1, 1, 1
104, 401, 479, 11315794, 10, 115, 154, 10000000, 10000000, 10000000, 1, 0.430897, 0, 0, 0, 301, 0, 0, 1, 1, 1, 1
115, 398, 521, 11315795, 10, 79, 154, 162, 96, 182, 1, 1, 0.644937, 0.430486, 0.647515, 301, 0, 0, 1, 0, 1, 0
115, 398, 521, 11324244, 11, 79, 154, 162, 96, 182, 1, 1, 0.644352, 0.430094, 0.646925, 301, 0, 0, 1, 0, 1, 1
154, 401, 648, 11324693, 12, 31, 177, 108, 79, 96, 0.107556, 1, 1, 1, 0.645111, 301, 1, 0, 0, 0, 0, 1
64, -1, 305, 11325997, 6, 348, 43, 191, 282, 174, 1, 1, 1, 1, 1, 301, 1, 0, 0, 0, 0, 0
174, -1, 343, 11325997, 6, 43, 348, 191, 370, 268, 1, 1, 1, 0.305206, 0.304804, 301, 0, 1, 0, 1, 1, 0
282, -1, 375, 11325997, 6, 43, 267, 221, 370, 348, 1, 0.467291, 0.965788, 0.4106, 1, 301, 0, 1, 0, 1, 1, 0
348, -1, 386, 11325997, 6, 110, 43, 221, 191, 50, 0.968341, 1, 1, 1, 0.820456, 301, 0, 0, 0, 0, 0, 1
43, 1, 489, 11325997, 6, 370, 390, 340, 328, 374, 1, 0.753478, 0.537786, 0.633507, 0.43109, 301, 1, 1, 1, 1, 1, 0
221, 40, 398, 11326446, 7, 336, 110, 83, 262, 363, 0.862324, 1, 0.751721, 0.602285, 0.483082, 301, 1, 0, 0, 0, 1, 1
191, 1, 459, 11326446, 7, 370, 374, 390, 340, 328, 0.969352, 0.683187, 0.645807, 0.430208, 0.301325, 301, 1, 1, 1, 1, 1, 0
43, 1, 489, 11326446, 7, 370, 390, 340, 328, 374, 1, 0.753441, 0.53776, 0.633462, 0.431069, 301, 1, 1, 1, 1, 1, 1
117, 462, 198, 11327345, 9, 312, 380, 287, 102, 88, 0.752587, 0.646677, 0.232284, 0.107443, 1, 301, 1, 1, 1, 1, 0, 0
118, 401, 257, 11327345, 9, 395, 349, 300, 116, 104, 1, 1, 0.925956, 1, 0.768452, 301, 1, 1, 0, 0, 0, 0
88, 510, 198, 11327345, 9, 380, 312, 137, 239, 102, 0.961965, 0.858171, 0.823974, 0.79376, 0.63426, 301, 1, 1, 0, 0, 0, 0
24, 499, 398, 11328243, 11, 347, 144, 286, 120, 53, 0.946362, 1, 0.645442, 0.481845, 1, 301, 1, 0, 1, 0, 0, 0
53, 503, 401, 11328243, 11, 35, 120, 286, 347, 179, 0.965996, 1, 1, 1, 0.861506, 301, 0, 0, 0, 1, 0, 0
144, 542, 401, 11328244, 11, 179, 35, 21, 286, 120, 1, 1, 0.858183, 1, 1, 301, 0, 0, 0, 0, 0, 1
347, 601, 412, 11328244, 11, 85, 21, 130, 332, 179, 1, 1, 0.79562, 0.721471, 1, 301, 0, 0, 0, 1, 0, 0
286, 601, 426, 11328693, 12, 21, 179, 130, 85, 332, 1, 1, 0.685345, 0.722928, 0.546831, 301, 0, 0, 0, 0, 1, 0
120, 654, 398, 11328693, 12, 367, 398, 306, 111, 81, 0.859309, 0.602236, 0.601548, 0.214728, 1, 301, 1, 1, 1, 1, 0, 0
35, 696, 398, 11328693, 12, 398, 367, 306, 234, 124, 0.85764, 0.722067, 0.601548, 1, 0.954744, 301, 1, 1, 1, 0, 0, 1
79, 401, 694, 11329142, 13, 177, 162, 96, 108, 31, 0.907091, 0.644013, 0.429868, 1, 0.933039, 301, 0, 1, 0, 0, 0, 0
108, 398, 714, 11329142, 13, 292, 82, 177, 181, 10000000, 1, 0.538046, 1, 0.645683, 0, 301, 0, 0, 0, 1, 1, 0
340, -1, 587, 11330895, 8, 34, 134, 259, 28, 163, 0.965306, 1, 1, 1, 1, 301, 0, 0, 0, 0, 0, 0
370, -1, 587, 11330895, 8, 103, 34, 134, 259, 28, 1, 0.965306, 1, 1, 1, 301, 0, 0, 0, 0, 0, 1
390, -1, 587, 11330895, 8, 103, 34, 134, 392, 259, 1, 0.965306, 1, 1, 1, 301, 0, 0, 0, 1, 0, 0
374, 1, 612, 11330896, 8, 34, 134, 259, 28, 275, 0.85805, 1, 1, 1, 0.859591, 301, 0, 0, 0, 0, 1, 0
328, 1, 613, 11330896, 8, 34, 134, 259, 28, 242, 0.85805, 1, 1, 1, 0.818885, 301, 0, 0, 0, 0, 0, 0
259, 25, 598, 11331345, 9, 34, 134, 103, 210, 189, 1, 1, 0.794963, 0.429456, 0.463316, 301, 0, 0, 0, 1, 0, 0
134, 56, 598, 11331345, 9, 103, 34, 189, 276, 210, 0.965307, 1, 0.602832, 0.361791, 0.272857, 301, 0, 0, 0, 1, 1, 0
124, 746, 401, 11333142, 13, 111, 398, 367, 306, 234, 0.965815, 1, 1, 1, 1, 301, 0, 1, 1, 1, 0, 0
234, 773, 401, 11333142, 13, 111, 87, 280, 367, 306, 1, 0.632999, 0.463908, 1, 1, 301, 0, 0, 1, 1, 1, 0
306, 787, 401, 11333142, 13, 111, 87, 146, 334, 280, 1, 0.68562, 0.475907, 0.120031, 0.120724, 301, 0, 0, 0, 1, 1, 0
367, 787, 401, 11333142, 13, 334, 371, 87, 111, 280, 1, 0.85828, 0.959868, 1, 0.429725, 301, 1, 1, 0, 0, 0, 0
398, 787, 401, 11333142, 13, 111, 87, 280, 334, 146, 1, 0.632999, 0.322293, 0.232498, 0.214873, 301, 0, 0, 0, 1, 0, 1
111, 801, 481, 11333592, 14, 371, 131, 280, 87, 146, 0.789853, 0.697035, 0.724306, 0.961218, 0.752019, 301, 1, 0, 0, 0, 0, 1
87, 798, 505, 11333592, 14, 94, 131, 261, 371, 334, 1, 1, 1, 1, 1, 301, 0, 0, 0, 1, 1, 0
280, 798, 573, 11333592, 14, 94, 37, 131, 261, 371, 1, 0.925347, 1, 1, 1, 301, 0, 0, 0, 0, 1, 0
87, 798, 505, 11334041, 15, 94, 131, 261, 371, 334, 1, 1, 1, 1, 1, 301, 0, 0, 0, 1, 1, 0
146, 798, 541, 11334041, 15, 94, 131, 261, 371, 334, 1, 1, 1, 1, 1, 301, 0, 0, 0, 1, 1, 0
280, 798, 573, 11334041, 15, 94, 37, 131, 261, 371, 1, 0.92525, 1, 1, 1, 301, 0, 0, 0, 0, 1, 0
371, 801, 612, 11334041, 15, 94, 131, 261, 37, 248, 1, 1, 1, 0.53719, 0.429794, 301, 0, 0, 0, 0, 1, 1
131, 801, 651, 11334041, 15, 248, 94, 171, 37, 297, 1, 1, 0.7551, 0.792739, 0.645797, 301, 0, 0, 0, 0, 0, 0
261, 801, 629, 11334490, 16, 37, 94, 297, 131, 171, 1, 1, 0.753643, 1, 0.642887, 301, 0, 0, 0, 0, 0, 0
131, 801, 651, 11334490, 16, 248, 94, 171, 37, 297, 1, 1, 0.755036, 0.792682, 0.645766, 301, 0, 0, 0, 0, 0, 0
94, 801, 696, 11334490, 16, 248, 171, 297, 37, 133, 1, 0.951557, 0.753393, 0.966895, 0.475747, 301, 0, 0, 0, 0, 0, 1
37, 798, 707, 11334490, 16, 301, 297, 248, 223, 171, 0.966918, 1, 1, 0.860359, 1, 301, 1, 0, 0, 1, 0, 0
110, 73, 398, 11334895, 8, 274, 262, 311, 363, 157, 0.939464, 0.965214, 0.755036, 0.752216, 0.860733, 301, 0, 0, 1, 1, 0, 0
83, 109, 401, 11334895, 8, 188, 274, 299, 45, 363, 1, 1, 1, 0.86147, 1, 301, 0, 0, 0, 0, 1, 0
336, 187, 401, 11334895, 8, 399, 386, 366, 305, 276, 1, 1, 1, 1, 0.136535, 301, 1, 1, 1, 1, 1, 1
363, 201, 412, 11334895, 8, 65, 188, 222, 205, 45, 1, 1, 0.857125, 1, 0.753786, 301, 0, 0, 0, 0, 0, 0
37, 798, 707, 11334939, 17, 301, 297, 248, 223, 171, 0.966871, 1, 1, 0.860317, 1, 301, 1, 0, 0, 1, 0, 0
171, 798, 744, 11334940, 17, 301, 223, 297, 248, 211, 1, 0.967857, 1, 1, 0.751094, 301, 1, 1, 0, 0, 0, 0
297, 798, 770, 11334940, 17, 301, 223, 10000000, 10000000, 10000000, 1, 1, 0, 0, 0, 301, 1, 0, 1, 1, 1, 0
248, 801, 829, 11334940, 17, 301, 223, 297, 10000000, 10000000, 1, 1, 1, 0, 0, 301, 1, 0, 0, 1, 1, 1
133, 801, 858, 11334940, 17, 301, 223, 297, 248, 171, 1, 0.967857, 1, 1, 1, 301, 1, 1, 0, 0, 0, 0
366, 198, 387, 11335344, 9, 65, 188, 45, 205, 274, 1, 1, 0.861428, 1, 1, 301, 0, 0, 0, 0, 0, 0
386, 198, 387, 11335344, 9, 65, 188, 45, 205, 274, 1, 1, 0.861428, 1, 1, 301, 0, 0, 0, 0, 0, 0
399, 198, 387, 11335344, 9, 65, 188, 45, 205, 274, 1, 1, 0.861428, 1, 1, 301, 0, 0, 0, 0, 0, 0
305, 198, 387, 11335344, 9, 65, 188, 45, 205, 274, 1, 1, 0.861428, 1, 1, 301, 0, 0, 0, 0, 0, 0
297, 798, 770, 11335389, 18, 301, 223, 10000000, 10000000, 10000000, 1, 1, 0, 0, 0, 301, 1, 0, 1, 1, 1, 0
274, 225, 398, 11335794, 10, 45, 395, 188, 18, 65, 1, 0.685676, 1, 0.72283, 0.858793, 301, 0, 1, 0, 0, 0, 0
188, 261, 398, 11335794, 10, 166, 372, 168, 335, 45, 1, 1, 0.968346, 0.750546, 1, 301, 0, 1, 0, 1, 0, 0
205, 201, 459, 11335794, 10, 276, 222, 65, 113, 188, 1, 0.857043, 1, 0.751056, 0.750301, 301, 0, 0, 0, 0, 0, 0
65, 201, 499, 11335794, 10, 276, 222, 210, 113, 45, 0.7912, 0.818785, 0.634152, 0.751056, 0.430693, 301, 0, 0, 0, 0, 0, 0
239, 575, 201, 11335794, 10, 114, 102, 137, 287, 350, 1, 1, 1, 1, 0.692824, 301, 0, 0, 0, 0, 1, 0
312, 586, 201, 11335794, 10, 345, 286, 232, 359, 114, 1, 0.771473, 0.272726, 0.322057, 0.965552, 301, 1, 0, 1, 1, 0, 0
380, 587, 201, 11335794, 10, 47, 114, 206, 102, 137, 1, 1, 0.721412, 1, 1, 301, 0, 0, 0, 0, 0, 0
113, 198, 520, 11336243, 11, 67, 210, 10, 276, 222, 0.967092, 1, 0.929586, 1, 1, 301, 0, 0, 0, 0, 0, 0
222, 198, 554, 11336243, 11, 184, 246, 136, 67, 210, 0.107483, 0.120375, 0.157851, 1, 1, 301, 1, 1, 1, 0, 0, 0
137, 660, 198, 11336243, 11, 319, 359, 345, 389, 316, 1, 0.91244, 0.944549, 0.682735, 0.428778, 301, 1, 1, 1, 1, 1, 0
114, 601, 272, 11336243, 11, 206, 47, 290, 286, 347, 0.795184, 1, 0.600804, 0.4824, 0.409617, 301, 0, 0, 0, 0, 1, 0
47, 598, 301, 11336243, 11, 85, 21, 179, 286, 347, 1, 0.964628, 0.96836, 1, 1, 301, 0, 0, 0, 0, 1, 0
206, 598, 347, 11336244, 11, 21, 179, 286, 347, 120, 1, 1, 1, 1, 0.751493, 301, 0, 0, 0, 1, 0, 0
347, 601, 412, 11336693, 12, 85, 21, 130, 332, 179, 1, 1, 0.794552, 0.720738, 1, 301, 0, 0, 0, 1, 0, 0
21, 601, 501, 11336693, 12, 332, 243, 130, 186, 4, 1, 1, 0.858127, 0.601412, 0.321383, 301, 1, 0, 0, 0, 0, 0
292, 401, 827, 11337592, 14, 82, 181, 10000000, 10000000, 10000000, 0.860092, 0.967645, 0, 0, 0, 301, 0, 0, 1, 1, 1, 0
177, 401, 854, 11337592, 14, 82, 181, 292, 10000000, 10000000, 0.645069, 0.752613, 1, 0, 0, 301, 0, 0, 0, 1, 1, 0
297, 798, 770, 11339389, 18, 301, 223, 10000000, 10000000, 10000000, 1, 1, 0, 0, 0, 301, 1, 0, 1, 1, 1, 0
248, 801, 829, 11339389, 18, 301, 223, 297, 10000000, 10000000, 1, 1, 1, 0, 0, 301, 1, 0, 0, 1, 1, 0
34, 91, 598, 11339794, 10, 189, 107, 210, 276, 103, 1, 0.545395, 0.475313, 0.430425, 0.952676, 301, 0, 0, 1, 1, 0, 0
103, 95, 601, 11339794, 10, 107, 276, 210, 189, 67, 1, 1, 0.858134, 1, 0.751896, 301, 0, 0, 0, 0, 0, 0
116, 398, 333, 11339794, 10, 104, 217, 335, 300, 395, 1, 1, 1, 1, 1, 301, 0, 0, 1, 0, 1, 0
189, 146, 601, 11339794, 10, 182, 107, 210, 276, 20, 1, 1, 1, 1, 0.792663, 301, 0, 0, 0, 0, 0, 0
349, 401, 412, 11339794, 10, 24, 104, 120, 166, 217, 1, 1, 0.751958, 1, 1, 301, 0, 0, 0, 0, 0, 0
395, 401, 412, 11339794, 10, 154, 24, 104, 166, 115, 0.240137, 1, 1, 1, 0.75312, 301, 1, 0, 0, 0, 0, 0
45, 296, 398, 11340243, 11, 381, 335, 278, 300, 166, 1, 1, 0.963673, 0.858768, 0.752875, 301, 1, 1, 0, 1, 0, 0
189, 146, 601, 11340243, 11, 182, 107, 210, 276, 20, 1, 1, 1, 1, 0.792607, 301, 0, 0, 0, 0, 0, 0
166, 457, 398, 11340243, 11, 144, 53, 24, 347, 286, 1, 0.95982, 1, 0.409394, 0.374717, 301, 0, 0, 0, 1, 1, 0
104, 401, 479, 11340243, 11, 115, 154, 10000000, 10000000, 10000000, 1, 0.429765, 0, 0, 0, 301, 0, 0, 1, 1, 1, 0
115, 398, 521, 11340244, 11, 79, 154, 162, 96, 182, 1, 1, 0.643246, 0.429356, 0.645811, 301, 0, 0, 1, 0, 1, 0
210, 201, 658, 11340692, 12, 324, 55, 246, 67, 107, 1, 0.214652, 1, 1, 0.645558, 301, 1, 1, 0, 0, 0, 0
67, 201, 706, 11340693, 12, 246, 324, 107, 295, 178, 0.92342, 0.859193, 0.430372, 0.794008, 0.750223, 301, 0, 1, 1, 0, 0, 0
179, 601, 458, 11341142, 13, 130, 21, 332, 85, 243, 1, 1, 0.635547, 0.821191, 0.428676, 301, 0, 0, 1, 0, 0, 0
130, 598, 540, 11341142, 13, 4, 186, 19, 332, 273, 0.963689, 1, 0.923099, 1, 0.860794, 301, 0, 0, 0, 1, 1, 0
243, 598, 574, 11341142, 13, 4, 186, 128, 337, 273, 1, 1, 0.967869, 0.761438, 0.968393, 301, 0, 0, 0, 1, 1, 0
332, 598, 586, 11341142, 13, 393, 4, 186, 128, 273, 1, 1, 1, 1, 1, 301, 1, 0, 0, 0, 0, 0
186, 601, 659, 11341143, 13, 393, 309, 236, 360, 204, 1, 0.821048, 1, 0.480943, 0.941419, 301, 1, 1, 0, 1, 0, 0
273, 627, 598, 11341591, 14, 90, 84, 371, 143, 128, 1, 1, 0.755497, 0.722417, 1, 301, 0, 0, 1, 0, 0, 0
186, 601, 659, 11341592, 14, 393, 309, 236, 360, 204, 1, 0.820998, 1, 0.480917, 0.941339, 301, 1, 1, 0, 1, 0, 0
4, 601, 703, 11341592, 14, 360, 309, 393, 236, 204, 1, 0.957831, 0.750958, 1, 1, 301, 1, 1, 1, 0, 0, 0
204, 598, 740, 11346041, 15, 393, 360, 309, 337, 240, 1, 1, 1, 1, 0.963354, 301, 1, 1, 1, 1, 1, 0
236, 598, 770, 11346041, 15, 6, 194, 240, 337, 360, 0.860182, 0.963606, 1, 1, 1, 301, 0, 0, 0, 1, 1, 0
309, 598, 787, 11346041, 15, 6, 194, 240, 337, 248, 1, 1, 1, 1, 0.188055, 301, 0, 0, 0, 1, 1, 0
360, 598, 787, 11346041, 15, 6, 194, 240, 337, 248, 1, 1, 1, 1, 0.317156, 301, 0, 0, 0, 1, 1, 0
393, 598, 787, 11346041, 15, 6, 194, 240, 337, 133, 1, 1, 1, 1, 0.136456, 301, 0, 0, 0, 1, 1, 0
337, 612, 798, 11346490, 16, 6, 301, 194, 240, 223, 1, 0.744811, 1, 1, 0.136807, 301, 0, 1, 0, 0, 1, 0
240, 624, 798, 11346490, 16, 6, 194, 211, 223, 10000000, 1, 1, 0.315208, 0.241023, 0, 301, 0, 0, 1, 1, 1, 0
194, 658, 798, 11346490, 16, 6, 223, 301, 248, 211, 1, 0.537031, 0.429188, 0.214208, 0.107166, 301, 0, 0, 1, 1, 1, 0
115, 398, 521, 11348693, 12, 79, 154, 162, 96, 182, 1, 1, 0.642664, 0.428967, 0.645224, 301, 0, 0, 1, 0, 1, 0
154, 401, 648, 11349142, 13, 31, 177, 108, 79, 96, 0.107273, 1, 1, 1, 0.643419, 301, 1, 0, 0, 0, 0, 0
6, 699, 798, 11350939, 17, 301, 248, 211, 223, 133, 0.906813, 0.856426, 0.603523, 0.536775, 0.240383, 301, 1, 1, 0, 0, 1, 0
223, 830, 798, 11351389, 18, 301, 10000000, 10000000, 10000000, 10000000, 1, 0, 0, 0, 0, 301, 1, 1, 1, 1, 1, 0
276, 201, 624, 11352692, 12, 324, 107, 67, 210, 10, 0.231918, 0.859635, 1, 1, 0.601206, 301, 1, 0, 0, 0, 0, 0
24, 500, 398, 11352692, 12, 347, 144, 286, 120, 53, 0.942003, 1, 0.643748, 0.48043, 1, 301, 1, 0, 1, 0, 0, 0
53, 502, 401, 11352692, 12, 35, 120, 286, 347, 179, 0.963467, 1, 1, 1, 0.859244, 301, 0, 0, 0, 1, 0, 0
144, 542, 401, 11352693, 12, 179, 35, 21, 286, 120, 1, 1, 0.855938, 1, 1, 301, 0, 0, 0, 0, 0, 0
345, 786, 201, 11352693, 12, 58, 187, 126, 250, 319, 1, 0.843107, 1, 1, 1, 301, 0, 0, 0, 0, 1, 0
319, 801, 213, 11352693, 12, 187, 40, 58, 126, 250, 1, 1, 1, 1, 1, 301, 0, 0, 0, 0, 0, 0
359, 812, 198, 11352693, 12, 126, 58, 250, 319, 350, 1, 0.749948, 1, 1, 1, 301, 0, 0, 0, 1, 1, 0
389, 812, 198, 11352693, 12, 126, 58, 250, 319, 350, 1, 0.857083, 1, 1, 1, 301, 0, 0, 0, 1, 1, 0
347, 601, 412, 11352693, 12, 85, 21, 130, 179, 332, 1, 1, 0.792537, 1, 0.719356, 301, 0, 0, 0, 0, 1, 0
178, 198, 745, 11353142, 13, 324, 271, 136, 246, 3, 1, 0.962928, 0.750766, 1, 0.4281, 301, 1, 1, 0, 0, 0, 0
295, 198, 772, 11353142, 13, 136, 271, 3, 324, 246, 0.965271, 1, 0.64215, 1, 1, 301, 0, 0, 0, 1, 0, 0
250, 801, 226, 11353142, 13, 40, 58, 187, 126, 10000000, 1, 1, 0.843061, 1, 0, 301, 0, 0, 0, 0, 1, 0
179, 601, 458, 11353142, 13, 130, 21, 332, 85, 243, 1, 1, 0.634338, 0.819845, 0.428125, 301, 0, 0, 1, 0, 0, 0
126, 801, 260, 11353142, 13, 58, 40, 187, 10000000, 10000000, 1, 0.855854, 0.643597, 0, 0, 301, 0, 0, 0, 1, 1, 0
324, 201, 812, 11353142, 13, 136, 3, 271, 10000000, 10000000, 1, 0.8562, 1, 0, 0, 301, 0, 0, 0, 1, 1, 0
246, 201, 827, 11353142, 13, 136, 271, 3, 10000000, 10000000, 0.965271, 1, 0.64215, 0, 0, 301, 0, 0, 0, 1, 1, 0
21, 601, 501, 11353142, 13, 332, 243, 130, 186, 4, 1, 1, 0.856615, 0.600224, 0.320817, 301, 1, 0, 0, 0, 0, 0
85, 598, 502, 11353142, 13, 4, 186, 332, 243, 273, 0.962452, 1, 1, 1, 0.859684, 301, 0, 0, 1, 0, 1, 0
58, 801, 304, 11353142, 13, 187, 40, 111, 10000000, 10000000, 0.643597, 0.96298, 0.272882, 0, 0, 301, 0, 0, 0, 1, 1, 0
40, 798, 310, 11353142, 13, 111, 306, 367, 398, 234, 1, 0.96442, 0.96419, 0.962323, 0.85801, 301, 0, 1, 1, 1, 1, 0
35, 696, 398, 11353142, 13, 398, 367, 306, 234, 124, 0.855398, 0.719948, 0.599784, 1, 0.951044, 301, 1, 1, 1, 0, 0, 0
130, 598, 540, 11353142, 13, 4, 186, 19, 332, 273, 0.962452, 1, 0.92055, 1, 0.859684, 301, 0, 0, 0, 1, 1, 0
187, 798, 348, 11353142, 13, 111, 87, 398, 367, 306, 1, 0.937098, 1, 1, 1, 301, 0, 0, 1, 1, 1, 0
332, 598, 586, 11353142, 13, 393, 4, 186, 128, 273, 1, 1, 1, 1, 1, 301, 1, 0, 0, 0, 0, 0
79, 401, 694, 11353591, 14, 177, 162, 96, 108, 292, 0.900435, 0.642327, 0.428742, 1, 0.479698, 301, 0, 1, 0, 0, 0, 0
108, 398, 714, 11353591, 14, 292, 82, 177, 181, 10000000, 1, 0.536634, 1, 0.643989, 0, 301, 0, 0, 0, 1, 1, 0
243, 598, 574, 11353591, 14, 4, 186, 128, 337, 273, 1, 1, 0.966575, 0.754288, 0.967098, 301, 0, 0, 0, 1, 1, 0
332, 598, 586, 11353591, 14, 393, 4, 186, 128, 273, 1, 1, 1, 1, 1, 301, 1, 0, 0, 0, 0, 0
367, 787, 401, 11353591, 14, 334, 371, 87, 111, 280, 1, 0.850814, 0.957184, 1, 0.428783, 301, 1, 1, 0, 0, 0, 0
398, 787, 401, 11353591, 14, 111, 87, 280, 334, 146, 1, 0.630957, 0.321587, 0.231398, 0.214402, 301, 0, 0, 0, 1, 0, 0
306, 787, 401, 11353591, 14, 111, 87, 146, 334, 280, 1, 0.683703, 0.474368, 0.119738, 0.120427, 301, 0, 0, 0, 1, 1, 0
186, 601, 659, 11353592, 14, 393, 309, 236, 360, 204, 1, 0.819652, 1, 0.480224, 0.939217, 301, 1, 1, 0, 1, 0, 0
4, 601, 703, 11353592, 14, 360, 309, 393, 236, 204, 1, 0.956261, 0.749993, 1, 1, 301, 1, 1, 1, 0, 0, 0
87, 798, 505, 11353592, 14, 94, 131, 261, 371, 334, 1, 1, 1, 1, 1, 301, 0, 0, 0, 1, 1, 0
204, 598, 740, 11354041, 15, 393, 360, 309, 337, 240, 1, 1, 1, 1, 0.96253, 301, 1, 1, 1, 1, 1, 0
236, 598, 770, 11354041, 15, 6, 194, 240, 337, 360, 0.859443, 0.962781, 1, 1, 1, 301, 0, 0, 0, 1, 1, 0
309, 598, 787, 11354041, 15, 6, 194, 240, 337, 248, 1, 1, 1, 1, 0.187773, 301, 0, 0, 0, 1, 1, 0
393, 598, 787, 11354041, 15, 6, 194, 240, 337, 133, 1, 1, 1, 1, 0.136308, 301, 0, 0, 0, 1, 1, 0
337, 612, 798, 11354490, 16, 6, 301, 194, 240, 223, 1, 0.740399, 1, 1, 0.136658, 301, 0, 1, 0, 0, 1, 0
240, 624, 798, 11354490, 16, 6, 194, 211, 223, 10000000, 1, 1, 0.314812, 0.240791, 0, 301, 0, 0, 1, 1, 1, 0
194, 658, 798, 11354490, 16, 6, 223, 301, 248, 211, 1, 0.53657, 0.42882, 0.214025, 0.107075, 301, 0, 0, 1, 1, 1, 0
194, 658, 798, 11354939, 17, 6, 223, 301, 248, 211, 1, 0.536544, 0.428799, 0.214015, 0.107069, 301, 0, 0, 1, 1, 1, 0
6, 699, 798, 11354939, 17, 301, 248, 211, 223, 133, 0.905718, 0.856059, 0.602795, 0.536544, 0.240268, 301, 1, 1, 0, 0, 1, 0
211, 862, 798, 11355389, 18, 301, 223, 248, 297, 10000000, 1, 1, 0.96302, 0.859089, 0, 301, 1, 0, 1, 1, 1, 0
124, 746, 401, 11357591, 14, 398, 367, 306, 111, 234, 1, 1, 1, 0.963287, 1, 301, 1, 1, 1, 0, 0, 0
234, 773, 401, 11357591, 14, 111, 87, 280, 367, 306, 1, 0.63056, 0.461292, 1, 1, 301, 0, 0, 1, 1, 1, 0
306, 787, 401, 11357591, 14, 111, 87, 146, 334, 280, 1, 0.683329, 0.474068, 0.11968, 0.120369, 301, 0, 0, 0, 1, 1, 0
367, 787, 401, 11357591, 14, 334, 371, 87, 111, 280, 1, 0.849368, 0.956661, 1, 0.428599, 301, 1, 1, 0, 0, 0, 0
398, 787, 401, 11357591, 14, 111, 87, 280, 334, 146, 1, 0.63056, 0.321449, 0.231184, 0.21431, 301, 0, 0, 0, 1, 0, 0
128, 654, 598, 11358041, 15, 371, 377, 318, 334, 251, 1, 0.752002, 0.535053, 0.478695, 0.820603, 301, 1, 1, 1, 1, 0, 0
84, 698, 598, 11358041, 15, 334, 318, 377, 371, 251, 1, 0.944952, 0.752002, 0.72192, 0.964005, 301, 1, 1, 1, 1, 0, 0
90, 698, 601, 11358041, 15, 261, 94, 371, 334, 131, 1, 0.750271, 1, 1, 0.856119, 301, 0, 0, 1, 1, 0, 0
143, 742, 601, 11358041, 15, 131, 94, 261, 371, 334, 1, 0.857453, 1, 1, 1, 301, 0, 0, 0, 1, 1, 0
261, 801, 629, 11358041, 15, 37, 94, 297, 131, 171, 1, 1, 0.750314, 1, 0.641269, 301, 0, 0, 0, 0, 0, 0
131, 801, 651, 11358041, 15, 248, 94, 171, 37, 297, 1, 1, 0.751694, 0.789734, 0.644133, 301, 0, 0, 0, 0, 0, 0
334, 801, 612, 11358490, 16, 171, 94, 131, 261, 37, 0.939538, 1, 1, 1, 0.535782, 301, 0, 0, 0, 0, 0, 0
371, 801, 612, 11358490, 16, 94, 131, 261, 37, 248, 1, 1, 1, 0.535782, 0.425325, 301, 0, 0, 0, 0, 1, 0
292, 401, 827, 11362041, 15, 82, 181, 10000000, 10000000, 10000000, 0.857837, 0.965108, 0, 0, 0, 301, 0, 0, 1, 1, 1, 0
177, 401, 855, 11362041, 15, 82, 181, 292, 10000000, 10000000, 0.643378, 0.750639, 1, 0, 0, 301, 0, 0, 0, 1, 1, 0
94, 801, 697, 11362490, 16, 248, 171, 297, 37, 133, 1, 0.947351, 0.75113, 0.963995, 0.473643, 301, 0, 0, 0, 0, 0, 0
37, 798, 707, 11362490, 16, 301, 297, 248, 223, 171, 0.964018, 1, 1, 0.857776, 1, 301, 1, 0, 0, 1, 0, 0
171, 798, 743, 11362491, 16, 301, 223, 297, 248, 211, 1, 0.964997, 1, 1, 0.74888, 301, 1, 1, 0, 0, 0, 0
297, 798, 770, 11362491, 16, 301, 223, 10000000, 10000000, 10000000, 1, 1, 0, 0, 0, 301, 1, 0, 1, 1, 1, 0
210, 201, 658, 11365141, 13, 324, 55, 246, 67, 107, 1, 0.21409, 1, 1, 0.643865, 301, 1, 1, 0, 0, 0, 0
10, 198, 696, 11365141, 13, 324, 271, 136, 246, 190, 1, 0.854839, 0.642687, 1, 1, 301, 1, 1, 1, 0, 0, 0
67, 201, 706, 11365141, 13, 246, 324, 107, 295, 190, 0.918238, 0.856943, 0.429243, 0.790937, 0.562484, 301, 0, 1, 1, 0, 0, 0
324, 201, 812, 11365142, 13, 136, 3, 271, 10000000, 10000000, 1, 0.855102, 1, 0, 0, 301, 0, 0, 0, 1, 1, 0
271, 227, 798, 11365591, 14, 352, 95, 215, 3, 136, 0.858331, 0.955032, 0.8383, 0.855061, 1, 301, 1, 0, 0, 0, 0, 0
136, 259, 798, 11365591, 14, 352, 95, 215, 227, 3, 0.787168, 1, 0.818216, 0.721528, 0.855061, 301, 1, 0, 0, 0, 0, 0
3, 290, 798, 11366040, 15, 352, 292, 227, 215, 304, 0.85829, 0.816062, 0.751096, 0.838255, 0.643336, 301, 1, 1, 0, 0, 1, 0
95, 303, 801, 11366040, 15, 82, 181, 292, 352, 304, 0.964653, 1, 1, 1, 1, 301, 0, 0, 0, 1, 1, 0
215, 341, 801, 11366040, 15, 289, 169, 82, 181, 292, 0.213803, 0.120079, 1, 1, 0.96488, 301, 1, 1, 0, 0, 0, 0
227, 374, 801, 11366040, 15, 33, 82, 181, 360, 292, 1, 1, 1, 0.745356, 1, 301, 0, 0, 0, 1, 0, 0
352, 387, 801, 11366040, 15, 82, 33, 181, 292, 177, 1, 0.920875, 1, 1, 1, 301, 0, 0, 0, 0, 0, 0
292, 401, 827, 11366490, 16, 82, 181, 10000000, 10000000, 10000000, 0.857428, 0.964647, 0, 0, 0, 301, 0, 0, 1, 1, 1, 0
177, 401, 855, 11366490, 16, 82, 181, 292, 10000000, 10000000, 0.643071, 0.750281, 1, 0, 0, 301, 0, 0, 0, 1, 1, 0
181, 457, 798, 11366490, 16, 240, 257, 317, 33, 194, 1, 0.951562, 0.841711, 1, 0.692665, 301, 0, 0, 1, 0, 0, 0
37, 798, 707, 11366939, 17, 301, 297, 248, 223, 171, 0.963559, 1, 1, 0.857367, 1, 301, 1, 0, 0, 1, 0, 0
171, 798, 743, 11366940, 17, 301, 223, 297, 248, 211, 1, 0.964537, 1, 1, 0.748524, 301, 1, 1, 0, 0, 0, 0
297, 798, 770, 11366940, 17, 301, 223, 10000000, 10000000, 10000000, 1, 1, 0, 0, 0, 301, 1, 0, 1, 1, 1, 0
248, 801, 829, 11366940, 17, 301, 223, 297, 10000000, 10000000, 1, 1, 1, 0, 0, 301, 1, 0, 0, 1, 1, 0
133, 801, 859, 11366940, 17, 301, 223, 297, 248, 171, 1, 0.964537, 1, 1, 1, 301, 1, 1, 0, 0, 0, 0
297, 798, 770, 11367389, 18, 301, 223, 10000000, 10000000, 10000000, 1, 1, 0, 0, 0, 301, 1, 0, 1, 1, 1, 0
33, 507, 801, 11374939, 17, 194, 240, 337, 6, 387, 1, 1, 1, 0.857518, 1, 301, 0, 0, 1, 0, 1, 0
317, 587, 801, 11374939, 17, 6, 194, 240, 337, 393, 1, 1, 1, 1, 1, 301, 0, 0, 0, 1, 1, 0
240, 624, 798, 11374939, 17, 6, 194, 211, 223, 10000000, 1, 1, 0.313801, 0.240199, 0, 301, 0, 0, 1, 1, 1, 0
194, 658, 798, 11375388, 18, 6, 223, 301, 248, 211, 1, 0.535369, 0.427861, 0.213548, 0.106835, 301, 0, 0, 1, 1, 1, 0
6, 700, 798, 11375388, 18, 301, 248, 211, 223, 133, 0.90016, 0.85419, 0.599103, 0.535369, 0.239679, 301, 1, 1, 0, 0, 1, 0
223, 830, 798, 11375838, 19, 301, 10000000, 10000000, 10000000, 10000000, 1, 0, 0, 0, 0, 301, 1, 1, 1, 1, 1, 0
211, 862, 798, 11375838, 19, 301, 223, 248, 297, 10000000, 1, 1, 0.960918, 0.857206, 0, 301, 1, 0, 1, 1, 1, 0
67, 201, 706, 11377590, 14, 246, 324, 107, 295, 190, 0.915621, 0.855802, 0.42867, 0.789383, 0.561174, 301, 0, 1, 1, 0, 0, 0
324, 201, 812, 11377591, 14, 136, 3, 271, 10000000, 10000000, 1, 0.853965, 1, 0, 0, 301, 0, 0, 0, 1, 1, 0
271, 227, 798, 11378040, 15, 352, 95, 215, 3, 136, 0.857186, 0.953412, 0.837052, 0.853925, 1, 301, 1, 0, 0, 0, 0, 0
136, 260, 798, 11378040, 15, 352, 95, 215, 227, 3, 0.785629, 1, 0.816829, 0.720449, 0.853925, 301, 1, 0, 0, 0, 0, 0
3, 290, 798, 11378489, 16, 352, 292, 227, 215, 304, 0.857145, 0.814683, 0.750094, 0.837007, 0.642479, 301, 1, 1, 0, 0, 1, 0
95, 303, 801, 11378489, 16, 82, 181, 292, 352, 304, 0.963368, 1, 1, 1, 1, 301, 0, 0, 0, 1, 1, 0
215, 341, 801, 11378489, 16, 289, 169, 82, 181, 292, 0.213519, 0.119899, 1, 1, 0.963594, 301, 1, 1, 0, 0, 0, 0
227, 374, 801, 11378489, 16, 33, 82, 181, 360, 292, 1, 1, 1, 0.738504, 1, 301, 0, 0, 0, 1, 0, 0
352, 387, 801, 11378489, 16, 82, 33, 181, 292, 177, 1, 0.918243, 1, 1, 1, 301, 0, 0, 0, 0, 0, 0
181, 458, 798, 11378939, 17, 240, 257, 317, 33, 194, 1, 0.949954, 0.840452, 1, 0.69068, 301, 0, 0, 1, 0, 0, 0
82, 498, 798, 11378939, 17, 194, 337, 387, 257, 384, 0.93211, 1, 0.952566, 1, 0.838777, 301, 0, 1, 1, 0, 1, 0
33, 507, 801, 11378939, 17, 194, 240, 337, 6, 387, 1, 1, 1, 0.85715, 1, 301, 0, 0, 1, 0, 1, 0
257, 572, 801, 11379388, 18, 6, 194, 240, 337, 393, 1, 1, 1, 1, 1, 301, 0, 0, 0, 1, 1, 0
384, 587, 801, 11379388, 18, 6, 194, 240, 337, 393, 1, 1, 1, 1, 1, 301, 0, 0, 0, 1, 1, 0
387, 587, 801, 11379388, 18, 6, 194, 240, 337, 393, 1, 1, 1, 1, 1, 301, 0, 0, 0, 1, 1, 0
337, 612, 798, 11379388, 18, 6, 301, 194, 240, 223, 1, 0.726997, 1, 1, 0.136194, 301, 0, 1, 0, 0, 1, 0
292, 401, 827, 11382939, 17, 82, 181, 10000000, 10000000, 10000000, 0.855919, 0.96295, 0, 0, 0, 301, 0, 0, 1, 1, 1, 0
240, 624, 798, 11383837, 19, 6, 194, 211, 223, 10000000, 1, 1, 0.313364, 0.239943, 0, 301, 0, 0, 1, 1, 1, 0
194, 658, 798, 11383837, 19, 6, 223, 301, 248, 211, 1, 0.534885, 0.427475, 0.213355, 0.106739, 301, 0, 0, 1, 1, 1, 0
6, 700, 798, 11383837, 19, 301, 248, 211, 223, 133, 0.897884, 0.85342, 0.59759, 0.534885, 0.239437, 301, 1, 1, 0, 0, 1, 0
295, 198, 772, 11390040, 15, 136, 271, 3, 324, 246, 0.961466, 1, 0.639624, 1, 1, 301, 0, 0, 0, 1, 0, 0
324, 201, 812, 11390040, 15, 136, 3, 271, 10000000, 10000000, 1, 0.852832, 1, 0, 0, 301, 0, 0, 0, 1, 1, 0
190, 201, 859, 11390040, 15, 324, 271, 136, 3, 246, 1, 0.959142, 0.747807, 0.53302, 1, 301, 1, 1, 0, 0, 0, 0
271, 227, 798, 11394489, 16, 352, 95, 215, 3, 136, 0.855678, 0.951281, 0.835409, 0.852428, 1, 301, 1, 0, 0, 0, 0, 0
136, 260, 798, 11394489, 16, 352, 95, 215, 227, 3, 0.783603, 1, 0.815004, 0.719029, 0.852428, 301, 1, 0, 0, 0, 0, 0
3, 291, 798, 11394938, 17, 352, 292, 227, 215, 304, 0.855637, 0.812867, 0.748774, 0.835364, 0.641349, 301, 1, 1, 0, 0, 1, 0
95, 303, 801, 11394938, 17, 82, 181, 292, 352, 304, 0.961674, 1, 1, 1, 1, 301, 0, 0, 0, 1, 1, 0
215, 341, 801, 11394938, 17, 289, 169, 82, 181, 292, 0.213145, 0.119663, 1, 1, 0.9619, 301, 1, 1, 0, 0, 0, 0
227, 374, 801, 11394938, 17, 33, 82, 181, 360, 292, 1, 1, 1, 0.72964, 1, 301, 0, 0, 0, 1, 0, 0
352, 387, 801, 11394938, 17, 82, 33, 181, 292, 177, 1, 0.914789, 1, 1, 1, 301, 0, 0, 0, 0, 0, 0
292, 401, 827, 11395388, 18, 82, 181, 10000000, 10000000, 10000000, 0.854781, 0.961669, 0, 0, 0, 301, 0, 0, 1, 1, 1, 0
177, 401, 855, 11395388, 18, 82, 181, 292, 10000000, 10000000, 0.641086, 0.747965, 1, 0, 0, 301, 0, 0, 0, 1, 1, 0
181, 458, 798, 11395388, 18, 240, 257, 317, 33, 194, 1, 0.947838, 0.838796, 1, 0.688074, 301, 0, 0, 1, 0, 0, 0
82, 499, 798, 11395388, 18, 194, 337, 257, 387, 384, 0.929261, 1, 1, 0.950438, 0.837127, 301, 0, 1, 0, 1, 1, 0
33, 507, 801, 11395388, 18, 194, 240, 337, 6, 387, 1, 1, 1, 0.855642, 1, 301, 0, 0, 1, 0, 1, 0
257, 572, 801, 11395837, 19, 6, 194, 240, 337, 393, 1, 1, 1, 1, 1, 301, 0, 0, 0, 1, 1, 0
384, 587, 801, 11395837, 19, 6, 194, 240, 337, 393, 1, 1, 1, 1, 1, 301, 0, 0, 0, 1, 1, 0
387, 587, 801, 11395837, 19, 6, 194, 240, 337, 393, 1, 1, 1, 1, 1, 301, 0, 0, 0, 1, 1, 0
337, 612, 798, 11395837, 19, 6, 301, 194, 240, 223, 1, 0.718406, 1, 1, 0.13589, 301, 0, 1, 0, 0, 1, 0
194, 659, 798, 11395837, 19, 6, 223, 301, 248, 211, 1, 0.5342, 0.426928, 0.213082, 0.106603, 301, 0, 0, 1, 1, 1, 0
6, 700, 798, 11396286, 20, 301, 248, 211, 223, 133, 0.894551, 0.852288, 0.595376, 0.534174, 0.23908, 301, 1, 1, 0, 0, 1, 0
223, 830, 798, 11396287, 20, 301, 10000000, 10000000, 10000000, 10000000, 1, 0, 0, 0, 0, 301, 1, 1, 1, 1, 1, 0
223, 830, 798, 11396736, 21, 301, 10000000, 10000000, 10000000, 10000000, 1, 0, 0, 0, 0, 301, 1, 1, 1, 1, 1, 0
32, 1, 312, 12299999, 1, 348, 282, 174, 43, 191, 1, 0.754962, 1, 0.362368, 0.323717, 57, 1, 0, 0, 0, 0, 0
174, -1, 330, 12300200, 2, 43, 191, 390, 370, 268, 1, 1, 0.241624, 0.235257, 0.235018, 57, 0, 0, 1, 1, 1, 0
282, -1, 367, 12300200, 2, 201, 43, 191, 370, 267, 1, 1, 1, 0.362293, 0.380648, 57, 0, 0, 0, 1, 1, 0
348, -1, 383, 12300200, 2, 370, 221, 110, 43, 191, 1, 1, 0.863795, 1, 1, 57, 1, 0, 0, 0, 0, 1
191, 1, 472, 12300200, 2, 370, 390, 340, 374, 328, 1, 0.964813, 0.947213, 0.723554, 0.232968, 57, 1, 1, 1, 1, 1, 0
191, 1, 472, 12300649, 3, 370, 390, 340, 374, 328, 1, 0.964753, 0.947132, 0.723515, 0.232944, 57, 1, 1, 1, 1, 1, 0
43, 1, 503, 12300649, 3, 370, 390, 340, 328, 374, 1, 0.966445, 0.822357, 0.685992, 0.602929, 57, 1, 1, 1, 1, 1, 1
340, -1, 584, 12313098, 4, 134, 34, 259, 214, 28, 1, 0.861369, 1, 1, 0.969193, 57, 0, 0, 0, 0, 0, 0
370, -1, 587, 12313098, 4, 103, 134, 34, 259, 242, 1, 1, 0.861369, 1, 1, 57, 0, 0, 0, 0, 0, 1
390, -1, 587, 12313098, 4, 103, 134, 34, 259, 242, 1, 1, 0.861369, 1, 1, 57, 0, 0, 0, 0, 0, 0
374, 1, 612, 12313098, 4, 134, 34, 259, 28, 275, 1, 0.753698, 1, 1, 0.906648, 57, 0, 0, 0, 0, 0, 0
328, 1, 616, 12313099, 4, 134, 34, 259, 28, 163, 1, 0.753698, 1, 1, 1, 57, 0, 0, 0, 0, 0, 0
259, 34, 598, 12313548, 5, 34, 134, 103, 189, 210, 1, 1, 0.825105, 0.566154, 0.360921, 57, 0, 0, 0, 0, 1, 0
134, 68, 598, 12313548, 5, 34, 103, 189, 276, 210, 1, 1, 0.646803, 0.323475, 0.240614, 57, 0, 0, 0, 1, 1, 0
103, 80, 601, 12313548, 5, 107, 276, 189, 210, 67, 0.969545, 0.970425, 1, 0.753107, 0.647187, 57, 0, 0, 0, 0, 0, 1
242, -1, 765, 12313548, 5, 396, 392, 353, 308, 208, 1, 1, 1, 1, 0.859466, 57, 1, 1, 1, 1, 0, 1
189, 135, 601, 12313997, 6, 182, 107, 276, 210, 20, 1, 1, 1, 0.968234, 0.823943, 57, 0, 0, 0, 0, 0, 1
107, 300, 598, 12322446, 7, 182, 96, 162, 154, 10000000, 0.725131, 0.412001, 0.318548, 0.159201, 0, 57, 0, 0, 0, 1, 1, 1
182, 332, 601, 12326896, 8, 96, 162, 154, 79, 16, 0.96525, 1, 0.966113, 0.75221, 0.476617, 57, 0, 0, 0, 0, 0, 1
162, 475, 598, 12327345, 9, 128, 273, 96, 173, 16, 1, 0.874603, 1, 0.644265, 0.953165, 57, 0, 0, 0, 0, 0, 1
16, 481, 601, 12327345, 9, 84, 128, 332, 273, 173, 1, 1, 0.966137, 0.859261, 1, 57, 0, 0, 1, 0, 0, 0
353, 12, 798, 12329997, 6, 77, 184, 68, 324, 208, 1, 0.958128, 1, 0.768804, 1, 57, 0, 0, 0, 1, 0, 0
392, 12, 798, 12329997, 6, 184, 77, 68, 208, 324, 1, 1, 1, 1, 0.693097, 57, 0, 0, 0, 0, 1, 0
396, 12, 798, 12329997, 6, 77, 68, 184, 208, 233, 1, 1, 0.857837, 1, 1, 57, 0, 0, 0, 0, 0, 1
233, 33, 798, 12330446, 7, 271, 184, 77, 68, 208, 1, 1, 1, 0.966315, 1, 57, 0, 0, 0, 0, 0, 0
208, 72, 798, 12330446, 7, 3, 184, 77, 136, 324, 1, 1, 1, 0.632749, 0.686672, 57, 0, 0, 0, 0, 1, 0
68, 78, 801, 12330446, 7, 136, 271, 324, 246, 184, 1, 1, 1, 0.967578, 1, 57, 0, 0, 1, 0, 0, 0
77, 119, 798, 12330446, 7, 95, 324, 136, 184, 271, 1, 0.962424, 0.682193, 1, 0.566793, 57, 0, 1, 0, 0, 0, 1
184, 133, 801, 12330447, 7, 136, 271, 324, 246, 190, 1, 1, 1, 1, 0.968914, 57, 0, 0, 1, 0, 0, 0
184, 133, 801, 12330896, 8, 136, 271, 324, 246, 190, 1, 1, 1, 1, 0.968867, 57, 0, 0, 1, 0, 0, 0
324, 201, 815, 12330896, 8, 136, 3, 271, 10000000, 10000000, 1, 0.751963, 1, 0, 0, 57, 0, 0, 0, 1, 1, 1
271, 235, 798, 12330896, 8, 352, 215, 95, 3, 136, 1, 0.858781, 0.964447, 0.859387, 1, 57, 1, 0, 0, 0, 0, 0
136, 271, 798, 12330896, 8, 352, 227, 215, 95, 3, 0.819987, 0.75423, 0.843543, 1, 0.859387, 57, 1, 0, 0, 0, 0, 0
95, 290, 801, 12330896, 8, 181, 82, 352, 292, 304, 1, 0.858852, 1, 0.966091, 1, 57, 0, 0, 1, 0, 1, 1
304, 383, 801, 12331345, 9, 82, 257, 181, 141, 33, 1, 0.868336, 1, 0.720588, 0.684543, 57, 0, 0, 0, 0, 0, 0
352, 387, 801, 12331345, 9, 82, 33, 181, 141, 292, 1, 0.941797, 1, 0.563154, 1, 57, 0, 0, 0, 0, 0, 0
82, 512, 798, 12331346, 9, 387, 194, 337, 257, 384, 0.963742, 0.791568, 0.868241, 1, 0.86041, 57, 1, 0, 1, 0, 1, 1
16, 481, 601, 12331794, 10, 84, 128, 332, 273, 173, 1, 1, 0.965676, 0.858851, 1, 57, 0, 0, 1, 0, 0, 0
96, 510, 598, 12331794, 10, 84, 128, 273, 173, 186, 0.904199, 0.822362, 0.634181, 0.751284, 0.322273, 57, 0, 0, 0, 0, 1, 1
173, 531, 601, 12331794, 10, 84, 128, 273, 186, 332, 0.968066, 1, 1, 0.96682, 1, 57, 0, 0, 0, 0, 1, 0
273, 635, 598, 12331795, 10, 334, 84, 90, 143, 128, 1, 1, 1, 0.75304, 1, 57, 1, 0, 0, 0, 0, 0
128, 666, 598, 12331795, 10, 371, 143, 318, 251, 84, 0.9012, 0.955075, 0.819305, 0.844855, 1, 57, 1, 0, 1, 0, 0, 1
84, 711, 598, 12332244, 11, 70, 334, 377, 318, 251, 1, 1, 1, 0.955797, 1, 57, 0, 1, 1, 1, 0, 0
143, 731, 601, 12332244, 11, 131, 261, 148, 9, 334, 0.965547, 1, 1, 0.96457, 1, 57, 0, 0, 0, 0, 1, 0
251, 766, 601, 12332244, 11, 94, 131, 261, 148, 9, 0.96712, 1, 1, 1, 0.96457, 57, 0, 0, 0, 0, 0, 0
318, 784, 601, 12332244, 11, 94, 131, 261, 148, 9, 1, 1, 1, 1, 0.96457, 57, 0, 0, 0, 0, 0, 0
371, 801, 612, 12332244, 11, 94, 37, 131, 261, 171, 1, 0.952479, 1, 1, 0.547705, 57, 0, 0, 0, 0, 0, 1
261, 801, 639, 12332693, 12, 94, 37, 297, 131, 171, 1, 1, 0.792927, 1, 0.645255, 57, 0, 0, 0, 0, 0, 0
131, 801, 663, 12332693, 12, 248, 94, 171, 297, 37, 1, 1, 0.794159, 0.642965, 0.821254, 57, 0, 0, 0, 0, 0, 0
37, 798, 695, 12332693, 12, 248, 297, 301, 171, 133, 1, 1, 0.858371, 1, 0.967555, 57, 0, 0, 1, 0, 0, 0
94, 801, 709, 12332693, 12, 248, 297, 171, 133, 10000000, 1, 0.958662, 0.958424, 0.547639, 0, 57, 0, 0, 0, 0, 1, 1
171, 798, 732, 12332694, 12, 301, 223, 211, 248, 297, 0.965667, 0.861682, 0.644034, 1, 1, 57, 1, 1, 0, 0, 0, 0
171, 798, 732, 12333143, 13, 301, 223, 211, 248, 297, 0.965621, 0.86164, 0.644003, 1, 1, 57, 1, 1, 0, 0, 0, 0
297, 798, 761, 12333143, 13, 301, 223, 57, 211, 248, 1, 0.969345, 0.750749, 0.751337, 1, 57, 1, 0, 0, 0, 0, 0
248, 801, 838, 12333143, 13, 301, 223, 211, 57, 10000000, 1, 0.969345, 0.858671, 0.643499, 0, 57, 1, 0, 0, 0, 1, 1
257, 564, 801, 12335795, 10, 6, 194, 240, 337, 393, 1, 1, 1, 1, 1, 57, 0, 0, 0, 1, 1, 0
384, 587, 801, 12335795, 10, 301, 6, 194, 240, 337, 1, 1, 1, 1, 1, 57, 1, 0, 0, 0, 1, 0
387, 587, 801, 12335795, 10, 6, 194, 240, 337, 393, 1, 1, 1, 1, 1, 57, 0, 0, 0, 1, 1, 1
337, 614, 798, 12335795, 10, 6, 194, 240, 301, 223, 1, 1, 1, 0.42883, 0.240997, 57, 0, 0, 0, 1, 0, 0
393, 598, 787, 12336244, 11, 6, 194, 240, 337, 133, 0.968238, 1, 1, 1, 0.120213, 57, 0, 0, 0, 1, 1, 0
337, 614, 798, 12336244, 11, 6, 194, 240, 301, 223, 1, 1, 1, 0.428747, 0.240984, 57, 0, 0, 0, 1, 0, 0
240, 631, 798, 12336244, 11, 301, 6, 194, 211, 223, 1, 1, 1, 0.272674, 0.215338, 57, 1, 0, 0, 1, 1, 0
194, 671, 798, 12336244, 11, 223, 6, 301, 248, 10000000, 0.945695, 1, 0.683716, 0.463743, 0, 57, 0, 0, 1, 1, 1, 1
173, 530, 601, 12340243, 11, 84, 128, 273, 186, 332, 0.967187, 1, 1, 0.965943, 1, 57, 0, 0, 0, 0, 1, 0
273, 635, 598, 12340244, 11, 334, 84, 90, 128, 143, 1, 1, 1, 1, 0.752356, 57, 1, 0, 0, 0, 0, 0
6, 713, 798, 12340693, 12, 301, 211, 223, 248, 57, 0.930656, 0.697086, 0.722565, 0.749868, 0.239903, 57, 1, 0, 0, 1, 0, 1
301, 816, 798, 12340694, 12, 51, 57, 211, 196, 223, 1, 1, 1, 0.856612, 1, 57, 0, 0, 0, 0, 0, 0
301, 816, 798, 12345143, 13, 51, 57, 211, 196, 223, 1, 1, 1, 0.856204, 1, 57, 0, 0, 0, 0, 0, 0
223, 839, 798, 12345143, 13, 57, 211, 51, 196, 10000000, 1, 1, 0.858554, 0.953746, 0, 57, 0, 0, 0, 0, 1, 0
211, 876, 798, 12345143, 13, 51, 57, 10000000, 10000000, 10000000, 1, 1, 0, 0, 0, 57, 0, 0, 1, 1, 1, 0
223, 839, 798, 12345592, 14, 57, 211, 51, 196, 10000000, 1, 1, 0.858513, 0.953687, 0, 57, 0, 0, 0, 0, 1, 0
211, 876, 798, 12345592, 14, 51, 57, 10000000, 10000000, 10000000, 1, 1, 0, 0, 0, 57, 0, 0, 1, 1, 1, 0
51, 897, 801, 12345592, 14, 10000000, 10000000, 10000000, 10000000, 10000000, 0, 0, 0, 0, 0, 57, 1, 1, 1, 1, 1, 0
196, 933, 801, 12345592, 14, 51, 57, 211, 10000000, 10000000, 1, 1, 0.928391, 0, 0, 57, 0, 0, 0, 1, 1, 0
128, 666, 598, 12348693, 12, 371, 143, 318, 251, 84, 0.896648, 0.952878, 0.817419, 0.843135, 1, 57, 1, 0, 1, 0, 0, 0
90, 685, 601, 12348693, 12, 148, 261, 334, 371, 277, 1, 0.964254, 1, 1, 0.96689, 57, 0, 0, 1, 1, 0, 0
84, 711, 598, 12348693, 12, 70, 334, 377, 318, 251, 1, 1, 1, 0.953655, 1, 57, 0, 1, 1, 1, 0, 0
143, 731, 601, 12348693, 12, 131, 261, 148, 9, 334, 0.963846, 1, 1, 0.962872, 1, 57, 0, 0, 0, 0, 1, 0
251, 766, 601, 12353142, 13, 94, 131, 261, 148, 9, 0.964953, 1, 1, 1, 0.962414, 57, 0, 0, 0, 0, 0, 0
318, 784, 601, 12353142, 13, 94, 131, 261, 148, 9, 1, 1, 1, 1, 0.962414, 57, 0, 0, 0, 0, 0, 0
377, 787, 601, 12353142, 13, 94, 131, 261, 297, 171, 1, 1, 1, 0.750332, 0.718884, 57, 0, 0, 0, 0, 0, 0
334, 801, 615, 12353142, 13, 94, 171, 37, 131, 261, 1, 0.949906, 0.94933, 1, 1, 57, 0, 0, 0, 0, 0, 0
51, 897, 801, 12354041, 15, 10000000, 10000000, 10000000, 10000000, 10000000, 0, 0, 0, 0, 0, 57, 1, 1, 1, 1, 1, 0
261, 801, 639, 12357591, 14, 94, 37, 297, 131, 171, 1, 1, 0.789808, 1, 0.643532, 57, 0, 0, 0, 0, 0, 0
131, 801, 664, 12357591, 14, 248, 94, 171, 297, 37, 1, 1, 0.791031, 0.641254, 0.818465, 57, 0, 0, 0, 0, 0, 0
37, 798, 694, 12357591, 14, 248, 297, 301, 171, 133, 1, 1, 0.856084, 1, 0.964972, 57, 0, 0, 1, 0, 0, 0
94, 801, 710, 12357591, 14, 248, 297, 171, 133, 10000000, 1, 0.955404, 0.955168, 0.545779, 0, 57, 0, 0, 0, 0, 1, 0
171, 798, 732, 12357591, 14, 301, 223, 211, 248, 297, 0.963095, 0.859377, 0.642317, 1, 1, 57, 1, 1, 0, 0, 0, 0
171, 798, 732, 12358040, 15, 301, 223, 211, 248, 297, 0.963048, 0.859336, 0.642287, 1, 1, 57, 1, 1, 0, 0, 0, 0
297, 798, 760, 12358041, 15, 301, 223, 57, 211, 248, 1, 0.966753, 0.74875, 0.749334, 1, 57, 1, 0, 0, 0, 0, 0
248, 801, 838, 12358041, 15, 211, 223, 301, 57, 10000000, 0.856382, 0.966753, 1, 0.641786, 0, 57, 0, 0, 1, 0, 1, 0
133, 801, 870, 12358041, 15, 301, 223, 211, 248, 297, 1, 0.859336, 0.642286, 1, 1, 57, 1, 1, 0, 0, 0, 0
7, 318, -1, 13299999, 1, 200, 61, 156, 320, 254, 1, 0.776669, 0.754256, 0.753912, 0.604316, 146, 0, 0, 0, 0, 1, 0
320, 401, 19, 13300200, 2, 48, 138, 158, 325, 100, 1, 0.963614, 1, 0.755334, 0.970834, 146, 0, 0, 0, 1, 0, 1
156, 489, -1, 13300200, 2, 291, 298, 338, 5, 200, 0.378761, 1, 0.862359, 1, 0.968009, 146, 1, 0, 0, 0, 0, 1
200, 526, 1, 13308649, 3, 291, 105, 155, 220, 91, 0.970965, 1, 0.860901, 1, 0.647088, 146, 0, 0, 0, 0, 0, 0
5, 529, -1, 13308649, 3, 46, 105, 338, 298, 220, 1, 0.946718, 0.945901, 0.968068, 0.687372, 146, 0, 0, 0, 0, 0, 0
298, 555, 1, 13308649, 3, 91, 291, 155, 105, 220, 0.862784, 1, 0.860901, 1, 1, 146, 0, 0, 0, 0, 0, 1
338, 580, 1, 13308649, 3, 91, 155, 12, 291, 207, 0.970632, 1, 0.953269, 1, 1, 146, 0, 0, 0, 0, 0, 0
100, 398, 73, 13312649, 3, 118, 310, 241, 378, 325, 0.971411, 0.752465, 0.646583, 1, 1, 146, 0, 1, 1, 1, 0, 0
158, 401, 81, 13312649, 3, 378, 260, 48, 138, 325, 0.861422, 0.957354, 1, 1, 0.602237, 146, 1, 0, 0, 0, 0, 0
48, 401, 118, 13312649, 3, 118, 325, 378, 260, 41, 0.951989, 0.963579, 0.753744, 1, 0.215773, 146, 0, 0, 1, 0, 0, 1
138, 398, 119, 13312649, 3, 41, 118, 310, 356, 314, 0.970978, 1, 0.967455, 1, 0.967887, 146, 0, 0, 1, 1, 1, 0
325, 398, 179, 13312649, 3, 41, 117, 372, 118, 388, 0.970978, 0.970789, 0.866033, 1, 0.789737, 146, 0, 0, 1, 0, 1, 0
260, 398, 148, 13313098, 4, 118, 41, 314, 310, 378, 1, 0.86305, 1, 0.859918, 1, 146, 0, 0, 1, 1, 1, 0
325, 398, 179, 13313098, 4, 41, 117, 372, 118, 388, 0.970931, 0.970742, 0.865865, 1, 0.789457, 146, 0, 0, 1, 0, 1, 0
378, 398, 187, 13313098, 4, 41, 49, 117, 118, 244, 0.970931, 1, 0.970742, 1, 1, 146, 0, 0, 0, 0, 0, 0
291, 601, 44, 13313099, 4, 91, 183, 285, 155, 12, 1, 1, 0.845104, 1, 1, 146, 0, 0, 0, 0, 0, 1
118, 401, 284, 13313099, 4, 349, 388, 351, 381, 395, 0.87911, 0.793581, 0.688338, 0.612856, 0.440864, 146, 1, 1, 1, 1, 1, 1
351, 398, 387, 13313548, 5, 166, 53, 279, 24, 104, 1, 1, 1, 0.754695, 1, 146, 0, 0, 0, 0, 0, 0
388, 401, 412, 13313548, 5, 166, 24, 279, 104, 115, 1, 0.862508, 1, 1, 1, 146, 0, 0, 0, 0, 0, 1
395, 401, 412, 13313548, 5, 166, 24, 279, 104, 339, 1, 0.862508, 1, 1, 1, 146, 0, 0, 0, 0, 0, 0
12, 598, 71, 13317548, 5, 114, 285, 91, 183, 312, 1, 1, 1, 1, 0.645107, 146, 0, 0, 0, 0, 1, 0
155, 601, 86, 13317548, 5, 47, 91, 285, 183, 10000000, 0.785517, 1, 0.844651, 0.861262, 0, 146, 0, 0, 0, 0, 1, 0
183, 598, 107, 13317548, 5, 114, 47, 312, 380, 285, 0.971064, 0.934861, 0.860142, 0.859431, 1, 146, 0, 0, 1, 1, 0, 0
91, 601, 123, 13317548, 5, 47, 114, 285, 10000000, 10000000, 1, 0.686691, 0.860115, 0, 0, 146, 0, 0, 0, 1, 1, 1
285, 598, 153, 13317548, 5, 114, 380, 287, 312, 102, 1, 1, 0.862501, 1, 0.647409, 146, 0, 1, 0, 1, 0, 0
285, 598, 153, 13317997, 6, 114, 380, 287, 312, 102, 1, 1, 0.862459, 1, 0.647377, 146, 0, 1, 0, 1, 0, 0
279, 443, 398, 13317997, 6, 24, 166, 347, 144, 53, 1, 1, 0.68746, 0.824382, 0.962457, 146, 0, 0, 1, 0, 0, 0
47, 598, 274, 13317997, 6, 286, 347, 85, 179, 290, 1, 1, 0.915348, 0.859946, 1, 146, 0, 0, 0, 0, 0, 1
166, 481, 398, 13317997, 6, 120, 24, 144, 347, 286, 0.77194, 1, 1, 0.322384, 0.273407, 146, 0, 0, 0, 1, 1, 1
115, 398, 499, 13317997, 6, 162, 104, 96, 10000000, 10000000, 0.430447, 0.968359, 0.241631, 0, 0, 146, 1, 0, 0, 1, 1, 0
104, 401, 502, 13317997, 6, 24, 10000000, 10000000, 10000000, 10000000, 0.323285, 0, 0, 0, 0, 146, 0, 1, 1, 1, 1, 0
144, 516, 401, 13318446, 7, 35, 120, 347, 286, 179, 1, 1, 1, 0.965971, 0.859904, 146, 0, 0, 0, 0, 0, 0
24, 527, 398, 13318447, 7, 81, 35, 347, 120, 286, 1, 0.880609, 0.962385, 0.753737, 0.536651, 146, 0, 0, 0, 0, 1, 1
290, 598, 351, 13318447, 7, 179, 21, 85, 286, 347, 1, 0.967355, 1, 1, 1, 146, 0, 0, 0, 0, 0, 0
347, 601, 419, 13318447, 7, 120, 21, 179, 35, 85, 0.968859, 1, 1, 0.754355, 1, 146, 0, 0, 0, 0, 0, 1
179, 601, 483, 13318447, 7, 21, 120, 35, 130, 243, 1, 0.538255, 0.43106, 1, 0.952156, 146, 0, 0, 0, 0, 0, 0
120, 678, 398, 13318447, 7, 306, 367, 283, 234, 398, 1, 0.96958, 1, 0.960632, 0.844037, 146, 0, 1, 0, 0, 1, 1
234, 755, 401, 13318896, 8, 398, 367, 111, 306, 87, 1, 1, 0.860686, 1, 0.481645, 146, 1, 1, 0, 0, 0, 0
306, 781, 401, 13318896, 8, 111, 398, 367, 87, 146, 0.968271, 1, 1, 0.754438, 0.361903, 146, 0, 1, 1, 0, 0, 1
398, 787, 401, 13318896, 8, 111, 280, 87, 146, 334, 1, 0.755315, 0.722467, 0.476744, 0.318124, 146, 0, 0, 0, 0, 0, 0
367, 787, 401, 13319345, 9, 111, 87, 280, 146, 371, 1, 0.969945, 0.721874, 0.635613, 0.463344, 146, 0, 0, 0, 0, 1, 0
398, 787, 401, 13319345, 9, 111, 280, 87, 146, 334, 1, 0.755251, 0.722428, 0.47671, 0.318101, 146, 0, 0, 0, 0, 0, 1
87, 798, 479, 13319346, 9, 146, 280, 111, 10000000, 10000000, 1, 1, 1, 0, 0, 146, 0, 0, 0, 1, 1, 0
85, 598, 478, 13322896, 8, 273, 128, 21, 130, 243, 0.646722, 0.322102, 1, 1, 1, 146, 1, 1, 0, 0, 0, 0
179, 601, 483, 13322896, 8, 21, 120, 35, 130, 243, 1, 0.537997, 0.430853, 1, 0.951484, 146, 0, 0, 0, 0, 0, 0
120, 678, 398, 13322896, 8, 306, 367, 283, 234, 398, 1, 0.969115, 1, 0.960046, 0.843584, 146, 0, 1, 0, 0, 1, 0
21, 601, 529, 13322896, 8, 35, 10000000, 10000000, 10000000, 10000000, 0.215427, 0, 0, 0, 0, 146, 0, 1, 1, 1, 1, 0
87, 798, 479, 13323795, 10, 146, 280, 111, 10000000, 10000000, 1, 1, 1, 0, 0, 146, 0, 0, 0, 1, 1, 0
280, 798, 553, 13323795, 10, 146, 10000000, 10000000, 10000000, 10000000, 1, 0, 0, 0, 0, 146, 0, 1, 1, 1, 1, 0
378, 398, 187, 13325547, 5, 41, 49, 117, 118, 244, 0.969629, 1, 0.969441, 1, 1, 146, 0, 0, 0, 0, 0, 0
118, 401, 284, 13325548, 5, 349, 388, 351, 381, 395, 0.874326, 0.792016, 0.68716, 0.610527, 0.438457, 146, 1, 1, 1, 1, 1, 0
351, 398, 387, 13325997, 6, 166, 53, 279, 24, 104, 1, 1, 1, 0.753683, 1, 146, 0, 0, 0, 0, 0, 0
388, 401, 412, 13325997, 6, 166, 24, 279, 104, 115, 1, 0.861352, 1, 1, 1, 146, 0, 0, 0, 0, 0, 0
349, 401, 414, 13325997, 6, 372, 166, 24, 279, 104, 1, 1, 0.861352, 1, 1, 146, 1, 0, 0, 0, 0, 0
372, 412, 398, 13326446, 7, 24, 166, 53, 144, 279, 0.968974, 1, 0.96578, 0.841002, 1, 146, 0, 0, 0, 0, 0, 0
104, 401, 502, 13326446, 7, 24, 10000000, 10000000, 10000000, 10000000, 0.322991, 0, 0, 0, 0, 146, 0, 1, 1, 1, 1, 0
279, 443, 398, 13326895, 8, 24, 166, 347, 144, 53, 1, 1, 0.68662, 0.823376, 0.961428, 146, 0, 0, 1, 0, 0, 0
53, 478, 401, 13326895, 8, 347, 120, 286, 35, 24, 0.966229, 0.860425, 0.857863, 0.753669, 0.968927, 146, 1, 0, 0, 0, 0, 0
166, 481, 398, 13326895, 8, 120, 24, 144, 347, 286, 0.766674, 1, 1, 0.322076, 0.273074, 146, 0, 0, 0, 1, 1, 0
144, 516, 401, 13326896, 8, 35, 120, 347, 286, 179, 1, 1, 1, 0.965096, 0.859124, 146, 0, 0, 0, 0, 0, 0
24, 527, 398, 13326896, 8, 81, 35, 347, 120, 286, 1, 0.877345, 0.961268, 0.752539, 0.536164, 146, 0, 0, 0, 0, 1, 0
347, 601, 419, 13327345, 9, 120, 21, 179, 35, 85, 0.967932, 1, 1, 0.753632, 1, 146, 0, 0, 0, 0, 0, 0
234, 755, 401, 13335345, 9, 398, 367, 111, 306, 87, 1, 1, 0.859165, 1, 0.480693, 146, 1, 1, 0, 0, 0, 0
306, 781, 401, 13335345, 9, 111, 398, 367, 87, 146, 0.966561, 1, 1, 0.753103, 0.361186, 146, 0, 1, 1, 0, 0, 0
367, 787, 401, 13335345, 9, 111, 87, 280, 146, 371, 1, 0.968276, 0.720487, 0.634001, 0.461633, 146, 0, 0, 0, 0, 1, 0
398, 787, 401, 13335345, 9, 111, 280, 87, 146, 334, 1, 0.752977, 0.721039, 0.475501, 0.317294, 146, 0, 0, 0, 0, 0, 0
85, 598, 478, 13335794, 10, 273, 128, 21, 130, 243, 0.645824, 0.321657, 1, 1, 1, 146, 1, 1, 0, 0, 0, 0
179, 601, 483, 13335794, 10, 21, 120, 35, 130, 243, 1, 0.537252, 0.430256, 1, 0.949542, 146, 0, 0, 0, 0, 0, 0
21, 601, 529, 13335794, 10, 35, 10000000, 10000000, 10000000, 10000000, 0.215128, 0, 0, 0, 0, 146, 0, 1, 1, 1, 1, 0
367, 787, 401, 13335794, 10, 111, 87, 280, 146, 371, 1, 0.968229, 0.720448, 0.633956, 0.461585, 146, 0, 0, 0, 0, 1, 0
398, 787, 401, 13335794, 10, 111, 280, 87, 146, 334, 1, 0.752913, 0.721, 0.475467, 0.317271, 146, 0, 0, 0, 0, 0, 0
87, 798, 479, 13335795, 10, 146, 280, 111, 10000000, 10000000, 1, 1, 1, 0, 0, 146, 0, 0, 0, 1, 1, 0
87, 798, 479, 13340244, 11, 146, 280, 111, 10000000, 10000000, 1, 1, 1, 0, 0, 146, 0, 0, 0, 1, 1, 0
111, 801, 506, 13340244, 11, 146, 280, 10000000, 10000000, 10000000, 1, 1, 0, 0, 0, 146, 0, 0, 1, 1, 1, 0
280, 798, 553, 13340244, 11, 146, 10000000, 10000000, 10000000, 10000000, 1, 0, 0, 0, 0, 146, 0, 1, 1, 1, 1, 0
334, 801, 620, 13340244, 11, 146, 280, 87, 111, 377, 1, 1, 1, 0.821417, 1, 146, 0, 0, 0, 0, 1, 0
280, 798, 553, 13340693, 12, 146, 10000000, 10000000, 10000000, 10000000, 1, 0, 0, 0, 0, 146, 0, 1, 1, 1, 1, 0
326, 21, -1, 14299999, 1, 8, 346, 153, 150, 11, 0.971459, 0.869918, 1, 0.959155, 0.968622, 377, 0, 1, 0, 0, 0, 0
153, 97, -1, 14300200, 2, 266, 330, 365, 343, 270, 1, 1, 1, 0.960996, 0.861441, 377, 0, 0, 1, 0, 0, 0
150, 105, 1, 14300200, 2, 170, 266, 323, 330, 365, 1, 1, 1, 1, 1, 377, 0, 0, 0, 0, 1, 0
8, 126, -1, 14300200, 2, 62, 365, 323, 330, 343, 1, 1, 0.964619, 0.95964, 1, 377, 0, 1, 0, 0, 0, 1
343, 176, 1, 14300649, 3, 7, 98, 123, 170, 235, 1, 1, 1, 1, 1, 377, 0, 0, 0, 0, 0, 0
323, 201, 24, 14300649, 3, 98, 123, 199, 368, 170, 1, 1, 1, 0.610021, 0.862548, 377, 0, 0, 0, 1, 0, 1
365, 213, -1, 14300649, 3, 7, 170, 62, 123, 235, 0.969282, 1, 1, 0.862953, 1, 377, 0, 0, 0, 0, 0, 0
62, 264, 1, 14300649, 3, 288, 373, 320, 156, 7, 0.970572, 1, 0.972901, 0.755961, 1, 377, 0, 1, 1, 0, 0, 1
7, 330, -1, 14301099, 4, 200, 320, 61, 156, 373, 1, 0.964358, 0.873878, 0.755924, 0.724344, 377, 0, 0, 0, 0, 1, 0
373, 401, 12, 14301099, 4, 48, 260, 158, 138, 100, 1, 0.949013, 1, 0.86091, 1, 377, 0, 0, 0, 0, 0, 1
100, 398, 58, 14305548, 5, 378, 118, 325, 260, 48, 1, 0.860157, 1, 1, 1, 377, 1, 0, 0, 0, 0, 0
158, 401, 98, 14305548, 5, 378, 48, 260, 325, 138, 0.971169, 1, 0.964164, 0.645489, 1, 377, 1, 0, 0, 0, 0, 0
138, 398, 105, 14305548, 5, 118, 41, 356, 378, 325, 1, 0.86369, 1, 1, 1, 377, 0, 0, 1, 1, 0, 0
48, 401, 132, 14305548, 5, 116, 118, 378, 325, 41, 1, 0.822425, 1, 0.968234, 0, 377, 0, 0, 1, 0, 0, 1
260, 398, 134, 14305548, 5, 118, 356, 314, 41, 378, 1, 1, 0.967368, 0.755728, 1, 377, 0, 1, 1, 0, 1, 0
325, 398, 172, 14305997, 6, 118, 41, 117, 314, 244, 1, 0.863648, 0.863675, 1, 0.861288, 377, 0, 0, 0, 0, 0, 0
378, 398, 187, 14305997, 6, 351, 118, 41, 49, 244, 1, 1, 0.863648, 1, 1, 377, 1, 0, 0, 0, 0, 0
116, 398, 289, 14305998, 6, 395, 388, 381, 351, 217, 1, 1, 1, 1, 0.969262, 377, 1, 1, 1, 1, 0, 1
351, 398, 384, 14306447, 7, 166, 279, 104, 53, 217, 0.969931, 1, 1, 0.885993, 1, 377, 0, 0, 0, 0, 0, 0
381, 401, 412, 14306447, 7, 166, 279, 24, 104, 217, 1, 1, 0.752466, 1, 1, 377, 0, 0, 0, 0, 0, 0
388, 401, 412, 14306447, 7, 166, 279, 24, 104, 115, 1, 1, 0.752466, 1, 1, 377, 0, 0, 0, 0, 0, 0
395, 401, 412, 14306447, 7, 166, 279, 24, 104, 217, 1, 1, 0.752466, 1, 1, 377, 0, 0, 0, 0, 0, 1
279, 454, 398, 14306896, 8, 24, 166, 144, 347, 53, 0.967409, 1, 0.846732, 0.605177, 0.967642, 377, 0, 0, 0, 1, 0, 1
217, 401, 477, 14306896, 8, 104, 166, 24, 154, 79, 1, 0.538825, 0.42996, 0.241961, 0.159086, 377, 0, 0, 0, 1, 0, 0
104, 401, 514, 14306896, 8, 154, 24, 10000000, 10000000, 10000000, 0.432034, 0.21498, 0, 0, 0, 377, 0, 0, 1, 1, 1, 1
199, 198, 99, 14309098, 4, 132, 368, 249, 313, 344, 0.971918, 1, 1, 0.970758, 1, 377, 0, 1, 0, 0, 0, 0
123, 201, 99, 14309098, 4, 193, 13, 368, 344, 249, 1, 1, 1, 1, 0.755969, 377, 0, 0, 1, 0, 0, 0
98, 201, 121, 14309098, 4, 132, 249, 313, 368, 344, 0.955643, 1, 1, 0.862829, 0.960467, 377, 0, 0, 0, 1, 0, 1
344, 198, 175, 14309548, 5, 386, 132, 366, 249, 368, 1, 1, 0.702225, 1, 1, 377, 1, 0, 1, 0, 1, 0
368, 201, 212, 14309548, 5, 386, 366, 399, 363, 299, 0.686748, 0.686695, 0.647222, 0.565745, 0.215374, 377, 1, 1, 1, 1, 1, 0
313, 201, 227, 14309548, 5, 386, 399, 366, 23, 132, 0.483404, 0.241714, 0.240957, 0.967942, 1, 377, 1, 1, 1, 0, 0, 0
249, 201, 256, 14309548, 5, 399, 386, 366, 363, 311, 0.845998, 0.796508, 0.754411, 0.377163, 1, 377, 1, 1, 1, 1, 0, 0
132, 201, 300, 14309548, 5, 366, 399, 363, 386, 311, 1, 0.845998, 0.798466, 0.637207, 0.794048, 377, 1, 1, 1, 1, 0, 1
366, 198, 386, 14309997, 6, 18, 188, 274, 65, 205, 1, 0.862982, 1, 0.969247, 1, 377, 0, 0, 0, 0, 0, 1
386, 198, 387, 14309997, 6, 18, 188, 274, 65, 205, 1, 0.862982, 1, 1, 1, 377, 0, 0, 0, 0, 0, 0
399, 198, 387, 14309997, 6, 18, 274, 65, 188, 205, 1, 1, 1, 0.755109, 1, 377, 0, 0, 0, 0, 0, 0
363, 201, 412, 14309997, 6, 188, 274, 65, 205, 222, 0.862982, 1, 1, 1, 0.968475, 377, 0, 0, 0, 0, 0, 0
311, 201, 425, 14309997, 6, 188, 274, 65, 205, 299, 0.862982, 0.967438, 1, 1, 1, 377, 0, 0, 0, 0, 0, 0
18, 259, 401, 14310447, 7, 372, 395, 388, 381, 339, 1, 1, 1, 1, 0.97004, 377, 1, 1, 1, 1, 0, 1
381, 401, 412, 14310896, 8, 166, 279, 24, 104, 217, 1, 1, 0.752106, 1, 1, 377, 0, 0, 0, 0, 0, 0
388, 401, 412, 14310896, 8, 166, 279, 24, 104, 115, 1, 1, 0.752106, 1, 1, 377, 0, 0, 0, 0, 0, 0
395, 401, 412, 14310896, 8, 166, 279, 24, 104, 217, 1, 1, 0.752106, 1, 1, 377, 0, 0, 0, 0, 0, 0
372, 412, 398, 14310896, 8, 24, 166, 53, 144, 279, 0.966993, 1, 1, 0.859489, 1, 377, 0, 0, 0, 0, 0, 1
339, 428, 398, 14310896, 8, 24, 166, 144, 53, 279, 1, 1, 0.859489, 1, 1, 377, 0, 0, 0, 0, 0, 1
279, 455, 398, 14327345, 9, 24, 166, 144, 347, 53, 0.965287, 1, 0.844643, 0.603683, 0.96552, 377, 0, 0, 0, 1, 0, 0
53, 465, 401, 14327345, 9, 347, 24, 120, 286, 144, 0.861287, 1, 0.752258, 0.752686, 1, 377, 1, 0, 0, 0, 0, 0
166, 493, 398, 14327345, 9, 81, 24, 144, 120, 347, 1, 1, 1, 0.43388, 0.36221, 377, 0, 0, 0, 0, 1, 0
144, 503, 401, 14327345, 9, 124, 35, 120, 347, 286, 1, 0.966313, 0.967188, 1, 0.860212, 377, 0, 0, 0, 0, 0, 0
24, 541, 398, 14327345, 9, 81, 347, 120, 35, 286, 1, 0.965893, 0.791667, 0.609746, 0.480511, 377, 0, 0, 0, 0, 1, 1
347, 601, 426, 14327795, 10, 21, 179, 332, 85, 286, 1, 1, 0.844399, 1, 1, 377, 0, 0, 1, 0, 0, 1
286, 601, 458, 14332244, 11, 21, 179, 130, 332, 243, 1, 1, 0.960701, 0.723382, 0.645234, 377, 0, 0, 0, 0, 0, 0
85, 598, 465, 14332244, 11, 332, 21, 243, 273, 128, 1, 1, 1, 0.537602, 0.215135, 377, 0, 0, 0, 1, 1, 0
179, 601, 497, 14332244, 11, 21, 19, 243, 332, 35, 1, 1, 0.9569, 0.646211, 0.321935, 377, 0, 0, 0, 0, 0, 0
21, 601, 542, 14332244, 11, 332, 10000000, 10000000, 10000000, 10000000, 1, 0, 0, 0, 0, 377, 0, 1, 1, 1, 1, 1
332, 598, 572, 14332693, 12, 128, 273, 84, 10000000, 10000000, 0.860497, 0.752607, 0.429758, 0, 0, 377, 0, 0, 0, 1, 1, 1
150, 91, 1, 15299999, 1, 170, 266, 62, 365, 330, 0.972888, 1, 1, 1, 1, 273, 0, 0, 0, 1, 0, 0
365, 216, -1, 15300200, 2, 7, 170, 235, 266, 123, 0.970922, 1, 0.970294, 1, 0.755393, 273, 0, 0, 0, 0, 0, 0
330, 234, -1, 15300200, 2, 7, 98, 170, 149, 320, 1, 0.430759, 1, 0.969905, 0.469936, 273, 0, 0, 0, 0, 1, 0
266, 266, -1, 15300200, 2, 98, 373, 7, 170, 149, 0.430759, 0.685238, 1, 1, 1, 273, 0, 1, 0, 0, 0, 1
149, 291, 1, 15304649, 3, 373, 156, 288, 320, 254, 1, 1, 0.971059, 0.967911, 0.755104, 273, 1, 0, 0, 0, 0, 0
170, 313, -1, 15304649, 3, 373, 156, 254, 7, 288, 0.958749, 0.91161, 0.274577, 1, 0.647373, 273, 1, 0, 1, 0, 0, 0
7, 342, -1, 15304649, 3, 298, 320, 200, 373, 61, 1, 0.968257, 0.87007, 0.753749, 0.911245, 273, 0, 0, 0, 1, 0, 0
373, 401, 14, 15304650, 3, 48, 158, 260, 378, 138, 1, 1, 0.956605, 0.845242, 0.966443, 273, 0, 0, 0, 1, 0, 1
138, 398, 92, 15309099, 4, 118, 356, 378, 41, 325, 0.970137, 0.971089, 1, 0.755001, 1, 273, 0, 1, 1, 0, 0, 0
158, 401, 114, 15309099, 4, 118, 378, 48, 325, 260, 1, 0.970104, 1, 0.845231, 0.968086, 273, 0, 1, 0, 0, 0, 0
260, 398, 121, 15309099, 4, 118, 224, 356, 378, 314, 1, 0.928841, 1, 1, 0.861686, 273, 0, 0, 1, 1, 1, 0
48, 401, 144, 15309099, 4, 116, 118, 378, 325, 41, 1, 0.84347, 1, 1, 0, 273, 0, 0, 1, 0, 0, 1
378, 398, 184, 15309099, 4, 351, 118, 41, 244, 116, 1, 1, 0.755001, 0.97117, 0.843865, 273, 0, 0, 0, 0, 0, 0
325, 398, 162, 15309548, 5, 118, 41, 116, 314, 356, 1, 0.754965, 0.826071, 0.96935, 1, 273, 0, 0, 0, 0, 1, 0
378, 398, 184, 15309548, 5, 351, 118, 41, 244, 116, 1, 1, 0.754965, 0.971123, 0.84382, 273, 0, 0, 0, 0, 0, 0
116, 398, 275, 15309548, 5, 300, 349, 395, 388, 381, 1, 1, 1, 1, 1, 273, 0, 0, 1, 1, 1, 1
118, 401, 310, 15309549, 5, 349, 217, 115, 302, 41, 0.936444, 0.794657, 0.788945, 1, 1, 273, 0, 0, 0, 0, 0, 0
41, 401, 351, 15309549, 5, 300, 115, 395, 349, 388, 1, 0.87408, 1, 0.844523, 0.860648, 273, 0, 0, 1, 0, 1, 0
388, 401, 412, 15309998, 6, 166, 104, 279, 217, 53, 0.969544, 1, 1, 1, 1, 273, 0, 0, 0, 0, 0, 0
395, 401, 412, 15309998, 6, 166, 104, 279, 217, 53, 0.969544, 1, 1, 1, 1, 273, 0, 0, 0, 0, 0, 1
381, 401, 412, 15309998, 6, 166, 104, 279, 217, 53, 0.969544, 1, 1, 1, 1, 273, 0, 0, 0, 0, 0, 0
53, 452, 401, 15318447, 7, 24, 166, 347, 290, 144, 1, 1, 0.754831, 0.430978, 1, 273, 0, 0, 1, 1, 0, 0
279, 468, 398, 15318447, 7, 24, 166, 144, 347, 104, 0.862596, 1, 0.862197, 0.539165, 0.430126, 273, 0, 0, 0, 1, 0, 1
217, 401, 490, 15318447, 7, 104, 108, 166, 24, 154, 1, 1, 0.430516, 0.323474, 0.323368, 273, 0, 0, 0, 0, 0, 1
104, 401, 526, 15318447, 7, 10000000, 10000000, 10000000, 10000000, 10000000, 0, 0, 0, 0, 0, 273, 1, 1, 1, 1, 1, 0
144, 489, 401, 15326896, 8, 347, 124, 286, 24, 179, 0.969614, 0.926575, 0.75075, 1, 0.645405, 273, 0, 0, 0, 0, 0, 0
166, 505, 398, 15326896, 8, 24, 347, 286, 81, 120, 1, 0.323205, 0.2145, 0.759902, 0.302633, 273, 0, 1, 1, 0, 0, 0
24, 555, 398, 15326896, 8, 347, 81, 124, 120, 286, 0.969614, 1, 1, 0.820195, 0.429, 273, 0, 0, 0, 0, 1, 1
347, 601, 434, 15327346, 9, 21, 179, 332, 286, 85, 1, 1, 0.753541, 1, 1, 273, 0, 0, 1, 0, 0, 1
81, 658, 401, 15327346, 9, 111, 10000000, 10000000, 10000000, 10000000, 0.322874, 0, 0, 0, 0, 273, 0, 1, 1, 1, 1, 1
124, 692, 401, 15327346, 9, 111, 81, 10000000, 10000000, 10000000, 0.538123, 1, 0, 0, 0, 273, 0, 0, 1, 1, 1, 0
120, 703, 398, 15327346, 9, 347, 21, 81, 124, 286, 0.754108, 0, 0.965096, 1, 0.536224, 273, 1, 0, 0, 0, 1, 0
85, 598, 453, 15327795, 10, 332, 21, 243, 179, 130, 1, 1, 1, 1, 1, 273, 0, 0, 0, 0, 0, 0
286, 601, 472, 15327795, 10, 21, 243, 179, 204, 332, 0.967639, 1, 1, 1, 0.753505, 273, 0, 0, 0, 0, 0, 0
179, 601, 510, 15327795, 10, 19, 21, 243, 332, 10000000, 1, 1, 0.962598, 0.753505, 0, 273, 0, 0, 0, 0, 1, 0
21, 601, 556, 15327795, 10, 332, 19, 10000000, 10000000, 10000000, 1, 1, 0, 0, 0, 273, 0, 0, 1, 1, 1, 1
332, 598, 562, 15327795, 10, 273, 128, 10000000, 10000000, 10000000, 0.644929, 0.751162, 0, 0, 0, 273, 0, 0, 1, 1, 1, 0
332, 598, 562, 15328244, 11, 273, 128, 10000000, 10000000, 10000000, 0.644898, 0.751125, 0, 0, 0, 273, 0, 0, 1, 1, 1, 1
19, 598, 636, 15328244, 11, 332, 10000000, 10000000, 10000000, 10000000, 0.968745, 0, 0, 0, 0, 273, 0, 1, 1, 1, 1, 0
104, 401, 526, 15330896, 8, 10000000, 10000000, 10000000, 10000000, 10000000, 0, 0, 0, 0, 0, 273, 1, 1, 1, 1, 1, 0
60, 198, 17, 16299999, 1, 13, 344, 98, 123, 263, 1, 1, 1, 1, 1, 84, 0, 0, 0, 0, 0, 0
123, 201, 122, 16300200, 2, 313, 13, 368, 344, 249, 1, 1, 1, 1, 0.685938, 84, 0, 0, 0, 0, 0, 0
263, 198, 124, 16300200, 2, 132, 249, 313, 13, 368, 1, 1, 1, 1, 1, 84, 0, 0, 0, 0, 0, 0
344, 198, 158, 16300200, 2, 386, 132, 249, 313, 193, 0.875689, 1, 1, 1, 0.946653, 84, 1, 0, 0, 0, 0, 0
13, 198, 231, 16300200, 2, 299, 363, 366, 399, 305, 0.970593, 1, 1, 0.97009, 1, 84, 0, 0, 0, 1, 0, 1
305, 198, 360, 16300650, 3, 399, 386, 65, 205, 299, 1, 1, 1, 0.971316, 1, 84, 1, 1, 0, 0, 0, 1
386, 198, 387, 16317099, 4, 274, 18, 65, 205, 299, 1, 1, 0.969683, 0.969595, 1, 84, 0, 0, 0, 0, 0, 0
399, 198, 387, 16317099, 4, 274, 205, 18, 65, 299, 1, 1, 1, 0.969683, 1, 84, 0, 0, 0, 0, 0, 1
205, 201, 527, 16317099, 4, 65, 188, 10, 10000000, 10000000, 1, 0.215237, 0, 0, 0, 84, 0, 0, 0, 1, 1, 0
18, 232, 401, 16317548, 5, 395, 381, 372, 45, 335, 1, 1, 0.96628, 1, 1, 84, 1, 1, 1, 0, 0, 1
299, 201, 483, 16317548, 5, 65, 205, 274, 178, 188, 0.969637, 1, 0.538475, 1, 0.430454, 84, 0, 0, 0, 0, 0, 0
205, 201, 527, 16317548, 5, 65, 188, 10, 10000000, 10000000, 1, 0.215227, 0, 0, 0, 84, 0, 0, 0, 1, 1, 1
65, 201, 567, 16321997, 6, 10000000, 10000000, 10000000, 10000000, 10000000, 0, 0, 0, 0, 0, 84, 1, 1, 1, 1, 1, 0
335, 352, 401, 16325997, 6, 166, 279, 24, 144, 339, 1, 1, 0.858266, 0.966005, 1, 84, 0, 0, 0, 0, 0, 0
45, 362, 398, 16325997, 6, 339, 144, 349, 372, 381, 1, 0.865277, 1, 1, 1, 84, 0, 0, 0, 0, 1, 0
395, 401, 412, 16325997, 6, 279, 166, 104, 217, 339, 1, 0.858655, 1, 1, 1, 84, 0, 0, 0, 0, 0, 1
339, 451, 398, 16326447, 7, 24, 166, 279, 144, 104, 1, 1, 1, 0.968142, 0.643989, 84, 0, 0, 0, 0, 0, 0
279, 484, 398, 16326447, 7, 24, 166, 347, 10000000, 10000000, 0.858224, 1, 0.549669, 0, 0, 84, 0, 0, 1, 1, 1, 1
217, 401, 503, 16326447, 7, 104, 108, 166, 24, 10000000, 1, 0.78079, 0.32198, 0.214556, 0, 84, 0, 0, 0, 0, 1, 1
104, 401, 538, 16326447, 7, 10000000, 10000000, 10000000, 10000000, 10000000, 0, 0, 0, 0, 0, 84, 1, 1, 1, 1, 1, 0
166, 516, 398, 16326896, 8, 24, 81, 347, 120, 286, 1, 0.431787, 0.377942, 0.232324, 0.215082, 84, 0, 0, 1, 0, 1, 0
24, 569, 398, 16326896, 8, 306, 234, 124, 347, 85, 1, 1, 1, 1, 1, 84, 0, 0, 0, 0, 0, 1
85, 598, 440, 16327345, 9, 21, 332, 179, 243, 286, 1, 1, 1, 1, 1, 84, 0, 0, 0, 0, 0, 0
347, 601, 445, 16327345, 9, 21, 179, 286, 332, 243, 1, 1, 1, 0.752989, 0.644441, 84, 0, 0, 0, 0, 0, 1
104, 401, 538, 16338896, 8, 10000000, 10000000, 10000000, 10000000, 10000000, 0, 0, 0, 0, 0, 84, 1, 1, 1, 1, 1, 0
108, 398, 647, 16338896, 8, 104, 10000000, 10000000, 10000000, 10000000, 0.865425, 0, 0, 0, 0, 84, 0, 1, 1, 1, 1, 1
286, 601, 488, 16339794, 10, 21, 179, 243, 204, 332, 0.967177, 1, 1, 1, 0.751982, 84, 0, 0, 0, 0, 0, 0
179, 601, 524, 16339794, 10, 273, 21, 19, 332, 10000000, 1, 1, 1, 1, 0, 84, 0, 0, 0, 0, 1, 1
243, 598, 524, 16339794, 10, 21, 19, 332, 273, 128, 1, 0.964436, 1, 0.429041, 0.428478, 84, 0, 0, 0, 1, 0, 0
332, 598, 551, 16339795, 10, 128, 21, 273, 19, 84, 0.642718, 1, 0.536301, 1, 0.214706, 84, 0, 0, 0, 0, 0, 0
21, 601, 570, 16339795, 10, 10000000, 10000000, 10000000, 10000000, 10000000, 0, 0, 0, 0, 0, 84, 1, 1, 1, 1, 1, 0
104, 401, 538, 16343346, 9, 10000000, 10000000, 10000000, 10000000, 10000000, 0, 0, 0, 0, 0, 84, 1, 1, 1, 1, 1, 0
332, 598, 551, 16344244, 11, 128, 21, 273, 19, 84, 0.642411, 1, 0.536045, 1, 0.214604, 84, 0, 0, 0, 0, 0, 0
21, 601, 570, 16344244, 11, 10000000, 10000000, 10000000, 10000000, 10000000, 0, 0, 0, 0, 0, 84, 1, 1, 1, 1, 1, 0
19, 598, 622, 16344244, 11, 21, 10000000, 10000000, 10000000, 10000000, 0.939104, 0, 0, 0, 0, 84, 0, 1, 1, 1, 1, 1
21, 601, 570, 16352693, 12, 10000000, 10000000, 10000000, 10000000, 10000000, 0, 0, 0, 0, 0, 84, 1, 1, 1, 1, 1, 0
153, 137, -1, 17299999, 1, 266, 149, 330, 365, 60, 1, 1, 1, 1, 1, 261, 0, 0, 0, 0, 1, 0
60, 198, 10, 17300200, 2, 98, 344, 123, 170, 263, 1, 0.968618, 1, 1, 1, 261, 0, 0, 0, 0, 0, 0
365, 228, -1, 17300200, 2, 7, 170, 266, 149, 320, 0.969852, 1, 1, 1, 0.431926, 261, 0, 0, 0, 0, 1, 0
330, 256, -1, 17300200, 2, 7, 170, 373, 266, 320, 1, 1, 0.57097, 1, 0.319698, 261, 0, 0, 1, 0, 1, 0
149, 266, 1, 17300200, 2, 288, 373, 7, 170, 320, 0.96446, 0.860517, 1, 1, 0.755871, 261, 0, 1, 0, 0, 0, 0
266, 291, -1, 17300200, 2, 61, 7, 170, 373, 320, 1, 1, 1, 0.537823, 0.323945, 261, 0, 0, 0, 1, 1, 1
170, 338, -1, 17300649, 3, 298, 288, 100, 373, 7, 1, 1, 1, 0.968035, 1, 261, 0, 0, 0, 0, 0, 0
7, 367, -1, 17300649, 3, 338, 320, 288, 298, 373, 1, 1, 0.964083, 0.880141, 1, 261, 0, 0, 0, 0, 0, 1
373, 401, 24, 17305098, 4, 48, 158, 325, 378, 254, 0.971344, 1, 0.929324, 0.864016, 1, 261, 0, 0, 0, 0, 0, 0
320, 401, 54, 17305098, 4, 48, 158, 254, 378, 260, 1, 1, 1, 0.795337, 1, 261, 0, 0, 0, 0, 0, 1
288, 501, -1, 17305099, 4, 207, 46, 5, 338, 156, 1, 1, 1, 1, 1, 261, 0, 0, 0, 0, 0, 1
298, 506, 1, 17305099, 4, 291, 46, 5, 220, 338, 0.753882, 1, 1, 0.752867, 1, 261, 0, 0, 0, 0, 0, 0
260, 398, 94, 17309548, 5, 118, 378, 48, 356, 158, 0.860162, 1, 1, 0.860542, 1, 261, 0, 0, 0, 1, 0, 0
254, 401, 101, 17309548, 5, 378, 48, 116, 158, 325, 1, 1, 0.764226, 1, 0.963765, 261, 0, 0, 0, 0, 0, 0
158, 401, 143, 17309548, 5, 224, 116, 378, 48, 118, 1, 1, 1, 1, 0.433546, 261, 0, 0, 0, 0, 0, 0
48, 401, 170, 17309548, 5, 351, 302, 118, 224, 116, 1, 1, 0.966317, 1, 1, 261, 0, 0, 0, 0, 0, 1
378, 398, 171, 17309548, 5, 118, 116, 314, 41, 356, 1, 1, 0.968953, 0.753293, 1, 261, 0, 0, 0, 0, 0, 0
116, 398, 245, 17309997, 6, 381, 349, 395, 388, 41, 1, 0.968914, 0.971599, 0.969047, 1, 261, 0, 0, 1, 1, 0, 0
224, 398, 294, 17309997, 6, 300, 349, 381, 395, 388, 1, 1, 1, 1, 1, 261, 0, 0, 0, 1, 1, 0
351, 398, 364, 17309998, 6, 217, 104, 300, 115, 349, 1, 0.967394, 1, 1, 1, 261, 0, 0, 0, 0, 0, 1
349, 401, 441, 17310447, 7, 104, 217, 300, 279, 166, 1, 1, 1, 0.753815, 0.64696, 261, 0, 0, 0, 0, 0, 0
115, 398, 454, 17310447, 7, 104, 217, 300, 108, 154, 1, 1, 1, 0.379369, 0.646089, 261, 0, 0, 0, 0, 0, 1
156, 545, -1, 17313548, 5, 207, 12, 46, 5, 220, 1, 1, 1, 1, 0.478827, 261, 0, 0, 0, 0, 0, 1
338, 545, 1, 17313548, 5, 291, 155, 220, 207, 12, 0.860796, 0.753829, 1, 1, 1, 261, 0, 0, 0, 0, 0, 0
5, 580, -1, 17313548, 5, 183, 315, 225, 207, 12, 1, 1, 1, 1, 1, 261, 0, 0, 0, 0, 0, 0
46, 623, 1, 17313548, 5, 382, 362, 315, 105, 357, 1, 0.971529, 1, 1, 0.966438, 261, 1, 1, 0, 0, 1, 0
207, 665, 1, 17313548, 5, 382, 357, 362, 315, 105, 1, 1, 1, 1, 1, 261, 1, 0, 0, 0, 0, 1
315, 745, 1, 17313998, 6, 75, 232, 209, 382, 357, 1, 0.412154, 0.538641, 1, 1, 261, 0, 0, 0, 1, 0, 0
105, 769, -1, 17313998, 6, 75, 382, 357, 362, 315, 1, 1, 1, 1, 1, 261, 0, 1, 0, 0, 0, 0
357, 774, 1, 17313998, 6, 209, 75, 232, 319, 10000000, 0.969553, 1, 0.549538, 0.21565, 0, 261, 0, 0, 0, 1, 1, 0
382, 787, 1, 17313998, 6, 232, 209, 75, 319, 10000000, 0.952355, 0.861825, 1, 0.318564, 0, 261, 0, 0, 0, 1, 1, 1
362, 822, -1, 17313998, 6, 382, 357, 73, 315, 75, 1, 1, 1, 1, 0.305672, 261, 1, 0, 0, 0, 0, 0
75, 798, 26, 17314447, 7, 232, 250, 209, 319, 350, 1, 0.646184, 1, 0.646918, 0.431459, 261, 0, 0, 0, 0, 1, 0
209, 798, 63, 17314447, 7, 250, 319, 350, 232, 40, 0.969276, 0.970378, 0.755054, 1, 0.646711, 261, 0, 0, 1, 0, 0, 1
232, 798, 103, 17318896, 8, 126, 250, 319, 187, 40, 0.968564, 1, 1, 0.823369, 0.823838, 261, 0, 0, 0, 0, 0, 0
300, 401, 481, 17322896, 8, 104, 217, 24, 166, 279, 1, 1, 0.321949, 0.323046, 0.537719, 261, 0, 0, 0, 0, 0, 0
217, 401, 516, 17322896, 8, 154, 108, 104, 166, 79, 0.87192, 0.87827, 1, 0.215364, 0.107505, 261, 0, 0, 0, 0, 0, 0
104, 401, 549, 17322896, 8, 108, 154, 10000000, 10000000, 10000000, 0.87827, 0.360803, 0, 0, 0, 261, 0, 0, 1, 1, 1, 1
108, 398, 634, 17323345, 9, 154, 10000000, 10000000, 10000000, 10000000, 1, 0, 0, 0, 0, 261, 0, 1, 1, 1, 1, 1
154, 401, 724, 17323795, 10, 10000000, 10000000, 10000000, 10000000, 10000000, 0, 0, 0, 0, 0, 261, 1, 1, 1, 1, 1, 0
5, 580, -1, 17329997, 6, 183, 315, 225, 207, 12, 1, 1, 1, 1, 1, 261, 0, 0, 0, 0, 0, 0
12, 598, 19, 17329997, 6, 47, 91, 155, 291, 285, 1, 1, 1, 1, 1, 261, 0, 0, 0, 0, 0, 1
46, 623, 1, 17329997, 6, 382, 362, 315, 105, 357, 1, 0.969807, 1, 1, 0.964734, 261, 1, 1, 0, 0, 1, 0
207, 665, 1, 17329997, 6, 382, 357, 362, 315, 105, 1, 1, 1, 1, 1, 261, 1, 0, 0, 0, 0, 1
315, 745, 1, 17330447, 7, 75, 232, 209, 382, 357, 1, 0.411225, 0.537688, 1, 1, 261, 0, 0, 0, 1, 0, 0
105, 769, -1, 17330447, 7, 75, 382, 357, 362, 315, 1, 1, 1, 1, 1, 261, 0, 1, 0, 0, 0, 0
357, 774, 1, 17330447, 7, 209, 75, 232, 319, 10000000, 0.967838, 1, 0.548299, 0.215268, 0, 261, 0, 0, 0, 1, 1, 0
382, 787, 1, 17330447, 7, 232, 209, 75, 319, 10000000, 0.949875, 0.8603, 1, 0.317732, 0, 261, 0, 0, 0, 1, 1, 1
362, 823, -1, 17330447, 7, 382, 357, 73, 315, 75, 1, 1, 1, 1, 0.304143, 261, 1, 0, 0, 0, 0, 0
75, 798, 25, 17330896, 8, 232, 250, 209, 319, 350, 1, 0.645042, 1, 0.645773, 0.430695, 261, 0, 0, 0, 0, 1, 0
209, 798, 63, 17330896, 8, 250, 319, 350, 232, 40, 0.967562, 0.96866, 0.753717, 1, 0.645566, 261, 0, 0, 1, 0, 0, 0
232, 798, 103, 17330896, 8, 126, 250, 319, 187, 40, 0.967315, 1, 1, 0.822015, 0.822483, 261, 0, 0, 0, 0, 0, 1
40, 798, 235, 17331345, 9, 87, 58, 126, 250, 187, 1, 1, 1, 1, 1, 261, 0, 1, 0, 0, 0, 0
319, 801, 258, 17331346, 9, 126, 58, 87, 250, 187, 1, 0.860624, 0.766073, 1, 1, 261, 0, 0, 0, 0, 0, 1
187, 798, 261, 17331346, 9, 58, 87, 126, 146, 250, 1, 0.857466, 1, 0.695547, 1, 261, 1, 0, 0, 0, 0, 0
285, 598, 97, 17334446, 7, 114, 91, 47, 380, 155, 0.858255, 1, 0.84382, 0.857297, 1, 261, 0, 0, 0, 1, 0, 0
291, 601, 101, 17334446, 7, 114, 206, 47, 91, 155, 1, 1, 1, 1, 1, 261, 0, 0, 0, 0, 0, 0
155, 601, 143, 17334446, 7, 206, 290, 91, 47, 10000000, 1, 0.753877, 1, 0.756152, 0, 261, 0, 0, 0, 0, 1, 0
47, 598, 222, 17334447, 7, 114, 290, 347, 206, 85, 1, 1, 0.751492, 1, 0.548404, 261, 0, 0, 0, 0, 0, 1
206, 598, 265, 17334896, 8, 286, 347, 114, 290, 85, 1, 0.966158, 1, 1, 0.601213, 261, 0, 0, 0, 0, 0, 0
290, 598, 300, 17334896, 8, 347, 85, 179, 286, 114, 1, 1, 0.860473, 0.750361, 1, 261, 0, 0, 0, 0, 0, 0
114, 601, 334, 17334896, 8, 332, 130, 347, 85, 286, 1, 1, 0.966158, 1, 0.857555, 261, 0, 0, 0, 0, 0, 1
85, 598, 428, 17334896, 8, 21, 179, 332, 243, 19, 1, 1, 1, 1, 0.857979, 261, 0, 0, 0, 0, 0, 0
85, 598, 428, 17335345, 9, 21, 179, 332, 243, 19, 1, 1, 1, 1, 0.857814, 261, 0, 0, 0, 0, 0, 0
130, 598, 463, 17335346, 9, 21, 19, 179, 332, 243, 1, 0.965619, 1, 1, 1, 261, 0, 1, 0, 0, 0, 1
286, 601, 503, 17335346, 9, 204, 21, 179, 332, 243, 1, 1, 1, 0.843957, 1, 261, 0, 0, 0, 0, 0, 0
187, 798, 261, 17339795, 10, 58, 87, 126, 146, 250, 1, 0.85669, 1, 0.694187, 1, 261, 1, 0, 0, 0, 0, 0
250, 801, 300, 17339795, 10, 58, 126, 10000000, 10000000, 10000000, 1, 1, 0, 0, 0, 261, 1, 0, 1, 1, 1, 0
243, 598, 512, 17339795, 10, 19, 186, 21, 204, 332, 1, 0.966314, 1, 0.819132, 1, 261, 1, 0, 0, 0, 0, 0
179, 601, 537, 17339795, 10, 19, 204, 273, 21, 10000000, 1, 1, 0.76796, 1, 0, 261, 1, 0, 0, 0, 1, 0
332, 598, 538, 17339795, 10, 19, 204, 4, 393, 236, 1, 1, 0.642982, 0.158142, 0.861098, 261, 1, 0, 0, 1, 0, 0
126, 801, 347, 17339795, 10, 280, 87, 146, 398, 58, 1, 1, 0.857082, 1, 1, 261, 0, 0, 0, 1, 1, 1
21, 601, 581, 17339795, 10, 236, 204, 309, 19, 186, 1, 1, 1, 1, 0.547943, 261, 0, 0, 0, 1, 0, 1
58, 801, 396, 17339795, 10, 111, 280, 146, 87, 398, 0.938786, 1, 0.901172, 1, 1, 261, 0, 0, 0, 0, 1, 0
58, 801, 397, 17340244, 11, 111, 280, 146, 87, 398, 0.938707, 1, 0.901051, 1, 1, 261, 0, 0, 0, 0, 1, 0
398, 787, 401, 17340244, 11, 111, 146, 334, 280, 87, 0.964447, 1, 0.692821, 0.751303, 0.96373, 261, 0, 0, 0, 0, 0, 0
19, 598, 611, 17340244, 11, 90, 236, 204, 186, 309, 1, 1, 1, 1, 1, 261, 0, 0, 0, 0, 0, 0
87, 798, 429, 17340244, 11, 111, 371, 334, 280, 146, 1, 0.858853, 0.753415, 1, 1, 261, 0, 1, 0, 0, 0, 0
204, 598, 672, 17340244, 11, 10000000, 10000000, 10000000, 10000000, 10000000, 0, 0, 0, 0, 0, 261, 1, 1, 1, 1, 1, 0
146, 798, 475, 17340244, 11, 371, 261, 334, 111, 131, 1, 0.859542, 0.861046, 1, 0.752891, 261, 0, 0, 0, 0, 0, 0
236, 598, 694, 17340244, 11, 6, 194, 240, 10000000, 10000000, 0.214179, 0.322082, 0.4295, 0, 0, 261, 0, 0, 0, 1, 1, 1
280, 798, 499, 17340244, 11, 261, 334, 371, 131, 171, 1, 0.968676, 1, 0.843286, 0.789983, 261, 0, 0, 0, 0, 0, 1
309, 598, 741, 17340244, 11, 236, 204, 194, 240, 337, 1, 1, 0.536804, 0.644249, 0.644278, 261, 0, 0, 0, 0, 0, 0
186, 601, 748, 17340244, 11, 236, 204, 273, 10000000, 10000000, 1, 1, 0.321805, 0, 0, 261, 0, 0, 1, 1, 1, 0
334, 801, 662, 17340694, 12, 171, 261, 297, 10000000, 10000000, 1, 1, 1, 0, 0, 261, 0, 0, 0, 1, 1, 1
171, 798, 675, 17340694, 12, 10000000, 10000000, 10000000, 10000000, 10000000, 0, 0, 0, 0, 0, 261, 1, 1, 1, 1, 1, 0
171, 798, 675, 17345143, 13, 10000000, 10000000, 10000000, 10000000, 10000000, 0, 0, 0, 0, 0, 261, 1, 1, 1, 1, 1, 0
297, 798, 701, 17345143, 13, 171, 261, 10000000, 10000000, 10000000, 1, 1, 0, 0, 0, 261, 0, 0, 1, 1, 1, 0
171, 798, 675, 17353592, 14, 10000000, 10000000, 10000000, 10000000, 10000000, 0, 0, 0, 0, 0, 261, 1, 1, 1, 1, 1, 0
235, 201, 100, 18299999, 1, 193, 368, 13, 98, 123, 1, 0.955144, 1, 1, 1, 248, 0, 0, 1, 0, 0, 0
123, 201, 146, 18300200, 2, 229, 313, 368, 13, 249, 1, 1, 1, 1, 0.753556, 248, 0, 0, 0, 1, 0, 0
98, 201, 167, 18300200, 2, 305, 249, 229, 313, 368, 1, 1, 1, 1, 1, 248, 0, 0, 0, 0, 0, 0
13, 198, 208, 18300200, 2, 23, 366, 399, 132, 305, 1, 1, 0.969058, 1, 1, 248, 1, 0, 1, 0, 0, 0
368, 201, 237, 18300200, 2, 113, 132, 249, 366, 386, 1, 1, 1, 0.847172, 0.75429, 248, 0, 0, 0, 0, 1, 0
193, 198, 241, 18300200, 2, 23, 386, 399, 366, 132, 1, 0.969802, 0.969058, 1, 1, 248, 1, 1, 1, 0, 0, 1
132, 201, 356, 18300649, 3, 311, 222, 363, 113, 18, 1, 1, 1, 0.913721, 1, 248, 0, 0, 0, 0, 1, 0
366, 198, 365, 18300649, 3, 299, 311, 222, 363, 113, 1, 1, 0.968292, 1, 0.969064, 248, 0, 0, 0, 0, 0, 0
386, 198, 387, 18300649, 3, 299, 168, 65, 274, 205, 1, 1, 0.86145, 0.861038, 0.860974, 248, 0, 0, 0, 0, 0, 0
399, 198, 387, 18300649, 3, 299, 168, 205, 274, 311, 1, 1, 0.860974, 0.861038, 1, 248, 0, 0, 0, 0, 0, 0
23, 201, 388, 18300649, 3, 299, 311, 222, 363, 113, 0.968368, 1, 0.913604, 1, 1, 248, 0, 0, 0, 0, 0, 1
363, 201, 435, 18301099, 4, 205, 188, 65, 299, 274, 1, 0.431893, 0.753732, 1, 0.753372, 248, 0, 0, 0, 0, 0, 0
113, 198, 435, 18301099, 4, 65, 205, 10, 299, 311, 1, 1, 0.72486, 1, 1, 248, 0, 0, 1, 0, 0, 0
222, 198, 460, 18301099, 4, 65, 276, 205, 10, 299, 1, 0.863782, 1, 0.755095, 1, 248, 0, 0, 0, 1, 0, 0
311, 201, 464, 18301099, 4, 188, 10, 65, 205, 299, 0.431893, 1, 0.753732, 1, 1, 248, 0, 1, 0, 0, 0, 0
299, 201, 511, 18301099, 4, 10, 65, 205, 178, 276, 1, 0.969084, 1, 0.435289, 0.241007, 248, 1, 1, 0, 0, 0, 1
205, 201, 554, 18301548, 5, 10, 65, 276, 295, 178, 1, 1, 0.964592, 0.870239, 0.608404, 248, 1, 1, 0, 0, 0, 0
65, 201, 594, 18301548, 5, 107, 59, 182, 210, 276, 1, 1, 1, 0.970484, 1, 248, 0, 0, 0, 0, 0, 0
10, 198, 596, 18301548, 5, 67, 210, 182, 276, 295, 0.967963, 1, 1, 1, 1, 248, 0, 0, 0, 0, 0, 1
178, 198, 655, 18301548, 5, 67, 77, 59, 172, 246, 1, 1, 0.843915, 0.215685, 0.971892, 248, 1, 1, 0, 0, 0, 0
182, 255, 601, 18301997, 6, 107, 16, 154, 162, 96, 1, 0.605248, 0.322792, 0.538582, 0.322855, 248, 0, 1, 0, 0, 0, 1
295, 198, 694, 18301997, 6, 77, 59, 67, 324, 246, 1, 1, 1, 1, 0.971844, 248, 1, 0, 1, 0, 0, 0
276, 201, 698, 18301997, 6, 324, 59, 67, 210, 77, 1, 1, 1, 1, 1, 248, 0, 0, 1, 0, 1, 1
16, 410, 601, 18310447, 7, 96, 90, 162, 173, 273, 1, 0.946633, 1, 1, 0.362763, 248, 0, 1, 0, 0, 0, 1
210, 201, 752, 18314447, 7, 324, 172, 246, 59, 67, 1, 1, 0.842721, 1, 1, 248, 0, 0, 0, 0, 1, 0
67, 201, 792, 18314447, 7, 352, 136, 271, 227, 324, 1, 1, 1, 1, 1, 248, 0, 0, 0, 0, 0, 0
59, 198, 815, 18314447, 7, 246, 324, 296, 190, 172, 1, 1, 1, 1, 1, 248, 0, 0, 0, 0, 0, 1
173, 462, 601, 18314896, 8, 21, 96, 162, 332, 90, 1, 1, 1, 0.431322, 0.845235, 248, 1, 0, 0, 1, 1, 0
96, 586, 598, 18314896, 8, 236, 204, 128, 273, 251, 1, 1, 0.966583, 1, 1, 248, 0, 0, 0, 0, 0, 1
204, 598, 661, 18315346, 9, 4, 393, 186, 360, 309, 1, 1, 1, 1, 1, 248, 1, 1, 0, 0, 0, 0
236, 598, 682, 18315346, 9, 109, 393, 4, 387, 358, 1, 1, 0.969264, 0.645751, 0.645335, 248, 0, 1, 0, 1, 1, 1
251, 690, 601, 18315346, 9, 84, 371, 334, 261, 377, 1, 0.966449, 0.75468, 0.645773, 1, 248, 0, 0, 0, 0, 0, 0
273, 706, 598, 18315346, 9, 84, 202, 377, 70, 371, 1, 1, 0.952388, 0.917309, 0.686746, 248, 0, 0, 0, 0, 1, 0
128, 741, 598, 18315346, 9, 37, 371, 70, 377, 84, 1, 0.751682, 1, 1, 1, 248, 0, 0, 0, 0, 0, 1
393, 598, 787, 18315795, 10, 240, 337, 194, 109, 112, 0.968661, 1, 0.646169, 1, 0.860304, 248, 0, 0, 0, 0, 0, 0
4, 601, 788, 18315795, 10, 219, 109, 10000000, 10000000, 10000000, 1, 1, 0, 0, 0, 248, 0, 0, 1, 1, 1, 0
109, 598, 819, 18315795, 10, 219, 112, 10000000, 10000000, 10000000, 1, 0.860304, 0, 0, 0, 248, 0, 0, 1, 1, 1, 1
219, 598, 862, 18316244, 11, 253, 10000000, 10000000, 10000000, 10000000, 0.215168, 0, 0, 0, 0, 248, 1, 1, 1, 1, 1, 1
112, 601, 971, 18316245, 11, 219, 337, 240, 10000000, 10000000, 1, 0.431357, 0.215248, 0, 0, 248, 0, 1, 1, 1, 1, 0
172, 198, 848, 18318896, 8, 246, 324, 296, 190, 10000000, 1, 0.965686, 1, 1, 0, 248, 0, 0, 0, 0, 1, 0
324, 201, 867, 18318896, 8, 136, 271, 3, 10000000, 10000000, 0.429277, 0.537351, 0.215138, 0, 0, 248, 0, 0, 0, 1, 1, 0
296, 198, 883, 18318896, 8, 246, 324, 218, 10000000, 10000000, 1, 0.968064, 0.215558, 0, 0, 248, 0, 0, 0, 1, 1, 0
246, 201, 906, 18318896, 8, 271, 136, 10000000, 10000000, 10000000, 0.322411, 0.214638, 0, 0, 0, 248, 0, 0, 1, 1, 1, 1
190, 201, 956, 18318896, 8, 246, 324, 271, 10000000, 10000000, 1, 1, 0.21494, 0, 0, 248, 0, 0, 1, 1, 1, 0
377, 764, 601, 18323795, 10, 94, 261, 131, 371, 37, 0.85924, 0.967779, 0.861659, 1, 1, 248, 0, 0, 0, 0, 0, 0
84, 784, 598, 18323795, 10, 334, 371, 37, 377, 70, 1, 1, 1, 1, 0.635678, 248, 0, 0, 0, 0, 0, 0
37, 798, 623, 18323795, 10, 94, 131, 261, 297, 334, 1, 1, 1, 1, 1, 248, 0, 0, 0, 0, 0, 1
70, 821, 601, 18323795, 10, 10000000, 10000000, 10000000, 10000000, 10000000, 0, 0, 0, 0, 0, 248, 1, 1, 1, 1, 1, 0
334, 801, 677, 18324244, 11, 74, 94, 131, 261, 297, 1, 0.966598, 1, 1, 1, 248, 0, 0, 0, 0, 0, 0
297, 798, 689, 18324244, 11, 74, 248, 94, 131, 133, 1, 0.858655, 1, 1, 0.723892, 248, 0, 0, 0, 0, 0, 0
261, 801, 711, 18324244, 11, 74, 94, 131, 10000000, 10000000, 1, 1, 1, 0, 0, 248, 0, 0, 0, 1, 1, 1
131, 801, 736, 18332694, 12, 74, 94, 248, 10000000, 10000000, 0.937817, 1, 0.410945, 0, 0, 248, 0, 0, 0, 1, 1, 0
94, 801, 786, 18332694, 12, 248, 6, 133, 74, 69, 0.965111, 0, 0.723155, 0.81979, 0.21503, 248, 0, 1, 0, 0, 0, 0
74, 798, 813, 18332694, 12, 248, 133, 10000000, 10000000, 10000000, 1, 1, 0, 0, 0, 248, 0, 0, 1, 1, 1, 1
133, 801, 943, 18333143, 13, 248, 10000000, 10000000, 10000000, 10000000, 1, 0, 0, 0, 0, 248, 0, 1, 1, 1, 1, 0
313, 201, 286, 19299999, 1, 222, 18, 363, 23, 132, 1, 1, 0.935925, 1, 1, 332, 0, 1, 0, 1, 0, 0
132, 201, 369, 19300200, 2, 311, 363, 222, 18, 113, 1, 1, 1, 1, 0.933962, 332, 0, 0, 0, 1, 0, 0
18, 210, 401, 19300200, 2, 45, 188, 274, 335, 278, 0.969767, 1, 1, 0.968535, 1, 332, 0, 0, 0, 0, 0, 0
363, 201, 445, 19300200, 2, 65, 274, 299, 205, 311, 0.648136, 0.645359, 1, 1, 1, 332, 0, 0, 0, 0, 0, 0
222, 198, 447, 19300200, 2, 299, 20, 205, 311, 65, 1, 1, 1, 1, 1, 332, 0, 1, 0, 0, 1, 1
311, 201, 477, 19300649, 3, 20, 299, 188, 274, 205, 1, 1, 0.322587, 0.430219, 1, 332, 1, 0, 0, 0, 0, 0
299, 201, 525, 19300649, 3, 274, 10000000, 10000000, 10000000, 10000000, 0.215109, 0, 0, 0, 0, 332, 0, 1, 1, 1, 1, 1
205, 201, 567, 19300649, 3, 299, 20, 10000000, 10000000, 10000000, 1, 1, 0, 0, 0, 332, 0, 1, 1, 1, 1, 0
65, 201, 608, 19300650, 3, 107, 182, 299, 20, 205, 0.796313, 1, 1, 1, 1, 332, 0, 0, 0, 1, 0, 0
