source_x,source_y,recv_x,recv_y,time,recv_priority,hopcount,recv_id,source_id,destination_id,destination_x,destination_y,pri_1,pri_2,pri_3,pri_4,pri_5,pri_recover
182, 1, 219, -1, 10300200, 5, 1, 266, 270, 148, 837, 598, 7, 98, 123, 170, 266, 0
182, 1, 201, 49, 10300200, 3, 1, 123, 270, 148, 837, 598, 7, 98, 123, 170, 266, 0
182, 1, 248, -1, 10300200, 4, 1, 170, 270, 148, 837, 598, 7, 98, 123, 170, 266, 0
182, 1, 201, 76, 10300200, 2, 1, 98, 270, 148, 837, 598, 7, 98, 123, 170, 266, 0
182, 1, 280, -1, 10300200, 1, 1, 7, 270, 148, 837, 598, 7, 98, 123, 170, 266, 0
280, -1, 354, 1, 10300516, 2, 2, 149, 7, 148, 837, 598, 156, 149, 288, 254, 320, 0
280, -1, 401, 12, 10300516, 5, 2, 320, 7, 148, 837, 598, 156, 149, 288, 254, 320, 0
280, -1, 420, -1, 10300516, 3, 2, 288, 7, 148, 837, 598, 156, 149, 288, 254, 320, 0
280, -1, 447, -1, 10300516, 1, 2, 156, 7, 148, 837, 598, 156, 149, 288, 254, 320, 0
447, -1, 580, 1, 10300833, 1, 3, 298, 156, 148, 837, 598, 298, 338, 220, 105, 291, 0
447, -1, 587, 1, 10300833, 2, 3, 338, 156, 148, 837, 598, 298, 338, 220, 105, 291, 0
580, 1, 601, 19, 10301149, 4, 4, 291, 298, 148, 837, 598, 91, 155, 105, 291, 220, 0
580, 1, 601, 44, 10301149, 2, 4, 155, 298, 148, 837, 598, 91, 155, 105, 291, 220, 0
580, 1, 634, -1, 10301149, 5, 4, 220, 298, 148, 837, 598, 91, 155, 105, 291, 220, 0
580, 1, 601, 84, 10301149, 1, 4, 91, 298, 148, 837, 598, 91, 155, 105, 291, 220, 0
601, 84, 598, 111, 10301465, 3, 5, 12, 91, 148, 837, 598, 183, 285, 12, 114, 10000000, 0
601, 84, 598, 147, 10301465, 1, 5, 183, 91, 148, 837, 598, 183, 285, 12, 114, 10000000, 0
601, 84, 598, 179, 10301465, 2, 5, 285, 91, 148, 837, 598, 183, 285, 12, 114, 10000000, 0
601, 84, 601, 262, 10301466, 4, 5, 114, 91, 148, 837, 598, 183, 285, 12, 114, 10000000, 0
598, 147, 587, 201, 10301782, 3, 6, 312, 183, 148, 837, 598, 114, 380, 312, 239, 287, 0
598, 147, 587, 201, 10301782, 2, 6, 380, 183, 148, 837, 598, 114, 380, 312, 239, 287, 0
598, 147, 601, 262, 10301782, 1, 6, 114, 183, 148, 837, 598, 114, 380, 312, 239, 287, 0
601, 262, 598, 315, 10302098, 1, 7, 47, 114, 148, 837, 598, 47, 206, 286, 290, 347, 0
601, 262, 598, 359, 10302098, 2, 7, 206, 114, 148, 837, 598, 47, 206, 286, 290, 347, 0
601, 262, 598, 378, 10302098, 4, 7, 290, 114, 148, 837, 598, 47, 206, 286, 290, 347, 0
598, 315, 598, 378, 10302414, 5, 8, 290, 47, 148, 837, 598, 21, 179, 286, 347, 290, 0
598, 315, 601, 412, 10302414, 4, 8, 347, 47, 148, 837, 598, 21, 179, 286, 347, 290, 0
598, 315, 601, 419, 10302414, 3, 8, 286, 47, 148, 837, 598, 21, 179, 286, 347, 290, 0
598, 315, 601, 445, 10302414, 2, 8, 179, 47, 148, 837, 598, 21, 179, 286, 347, 290, 0
598, 315, 601, 487, 10302414, 1, 8, 21, 47, 148, 837, 598, 21, 179, 286, 347, 290, 0
601, 487, 598, 515, 10302731, 5, 9, 85, 21, 148, 837, 598, 332, 243, 130, 186, 85, 0
601, 487, 598, 552, 10302731, 3, 9, 130, 21, 148, 837, 598, 332, 243, 130, 186, 85, 0
601, 487, 598, 580, 10302731, 2, 9, 243, 21, 148, 837, 598, 332, 243, 130, 186, 85, 0
601, 487, 598, 587, 10302731, 1, 9, 332, 21, 148, 837, 598, 332, 243, 130, 186, 85, 0
601, 487, 601, 647, 10302731, 4, 9, 186, 21, 148, 837, 598, 332, 243, 130, 186, 85, 0
598, 587, 620, 598, 10303047, 3, 10, 273, 332, 148, 837, 598, 128, 84, 273, 10000000, 10000000, 0
598, 587, 642, 598, 10303047, 1, 10, 128, 332, 148, 837, 598, 128, 84, 273, 10000000, 10000000, 0
642, 598, 685, 598, 10303363, 3, 11, 84, 128, 148, 837, 598, 371, 377, 84, 261, 90, 0
642, 598, 712, 601, 10303363, 5, 11, 90, 128, 148, 837, 598, 371, 377, 84, 261, 90, 0
642, 598, 801, 612, 10303363, 1, 11, 371, 128, 148, 837, 598, 371, 377, 84, 261, 90, 0
801, 612, 820, 598, 10303680, 2, 12, 277, 371, 148, 837, 598, 148, 277, 10000000, 10000000, 10000000, 0
801, 612, 840, 598, 10303680, 148, 12, 148, 371, 148, 837, 598, 148, 277, 10000000, 10000000, 10000000, 0
94, 1, 212, -1, 11300200, 4, 1, 330, 38, 57, 884, 798, 7, 170, 365, 330, 235, 0
94, 1, 261, -1, 11300200, 2, 1, 170, 38, 57, 884, 798, 7, 170, 365, 330, 235, 0
69, 198, 111, 198, 12300200, 1, 1, 56, 216, 236, 598, 774, 56, 129, 238, 368, 313, 0
69, 198, 135, 201, 12300200, 2, 1, 129, 216, 236, 598, 774, 56, 129, 238, 368, 313, 0
69, 198, 166, 201, 12300200, 3, 1, 238, 216, 236, 598, 774, 56, 129, 238, 368, 313, 0
69, 198, 201, 212, 12300200, 4, 1, 368, 216, 236, 598, 774, 56, 129, 238, 368, 313, 0
111, 198, 135, 201, 12300516, 1, 2, 129, 56, 236, 598, 774, 129, 313, 238, 368, 27, 0
111, 198, 166, 201, 12300516, 3, 2, 238, 56, 236, 598, 774, 129, 313, 238, 368, 27, 0
111, 198, 201, 212, 12300516, 4, 2, 368, 56, 236, 598, 774, 129, 313, 238, 368, 27, 0
111, 198, 201, 215, 12300516, 2, 2, 313, 56, 236, 598, 774, 129, 313, 238, 368, 27, 0
111, 198, 309, 198, 12300516, 5, 2, 27, 56, 236, 598, 774, 129, 313, 238, 368, 27, 0
135, 201, 266, 198, 12300832, 5, 3, 159, 129, 236, 598, 774, 344, 310, 27, 132, 159, 0
309, 198, 331, 201, 12316832, 4, 3, 197, 27, 236, 598, 774, 49, 241, 244, 197, 356, 0
309, 198, 362, 201, 12316832, 2, 3, 241, 27, 236, 598, 774, 49, 241, 244, 197, 356, 0
309, 198, 412, 198, 12316833, 5, 3, 356, 27, 236, 598, 774, 49, 241, 244, 197, 356, 0
309, 198, 432, 198, 12316833, 3, 3, 244, 27, 236, 598, 774, 49, 241, 244, 197, 356, 0
309, 198, 489, 201, 12316833, 1, 3, 49, 27, 236, 598, 774, 49, 241, 244, 197, 356, 0
489, 201, 526, 201, 12317149, 5, 4, 122, 49, 236, 598, 774, 380, 312, 114, 239, 122, 0
489, 201, 568, 201, 12317149, 4, 4, 239, 49, 236, 598, 774, 380, 312, 114, 239, 122, 0
489, 201, 584, 201, 12317149, 2, 4, 312, 49, 236, 598, 774, 380, 312, 114, 239, 122, 0
584, 201, 601, 283, 12321465, 1, 5, 114, 312, 236, 598, 774, 114, 47, 206, 286, 347, 0
584, 201, 598, 288, 12321466, 2, 5, 47, 312, 236, 598, 774, 114, 47, 206, 286, 347, 0
601, 283, 598, 288, 12321782, 5, 6, 47, 114, 236, 598, 774, 206, 179, 290, 286, 47, 0
601, 283, 598, 333, 12321782, 1, 6, 206, 114, 236, 598, 774, 206, 179, 290, 286, 47, 0
601, 283, 598, 362, 12321782, 3, 6, 290, 114, 236, 598, 774, 206, 179, 290, 286, 47, 0
601, 283, 601, 434, 12321782, 4, 6, 286, 114, 236, 598, 774, 206, 179, 290, 286, 47, 0
598, 333, 598, 362, 12322098, 5, 7, 290, 206, 236, 598, 774, 179, 286, 21, 347, 290, 0
598, 333, 601, 414, 12322098, 4, 7, 347, 206, 236, 598, 774, 179, 286, 21, 347, 290, 0
598, 333, 601, 434, 12322098, 2, 7, 286, 206, 236, 598, 774, 179, 286, 21, 347, 290, 0
601, 434, 601, 470, 12326414, 2, 8, 179, 286, 236, 598, 774, 21, 179, 130, 85, 332, 0
601, 434, 598, 490, 12326414, 4, 8, 85, 286, 236, 598, 774, 21, 179, 130, 85, 332, 0
601, 434, 601, 515, 12326414, 1, 8, 21, 286, 236, 598, 774, 21, 179, 130, 85, 332, 0
601, 434, 598, 527, 12326414, 3, 8, 130, 286, 236, 598, 774, 21, 179, 130, 85, 332, 0
601, 434, 598, 584, 12326414, 5, 8, 332, 286, 236, 598, 774, 21, 179, 130, 85, 332, 0
601, 515, 598, 527, 12326730, 4, 9, 130, 21, 236, 598, 774, 332, 243, 186, 130, 4, 0
601, 515, 598, 566, 12326730, 2, 9, 243, 21, 236, 598, 774, 332, 243, 186, 130, 4, 0
601, 515, 598, 584, 12326730, 1, 9, 332, 21, 236, 598, 774, 332, 243, 186, 130, 4, 0
601, 515, 601, 673, 12326731, 3, 9, 186, 21, 236, 598, 774, 332, 243, 186, 130, 4, 0
598, 584, 601, 673, 12327047, 2, 10, 186, 332, 236, 598, 774, 4, 186, 19, 204, 360, 0
598, 584, 598, 681, 12327047, 3, 10, 19, 332, 236, 598, 774, 4, 186, 19, 204, 360, 0
598, 584, 601, 717, 12327047, 1, 10, 4, 332, 236, 598, 774, 4, 186, 19, 204, 360, 0
598, 584, 598, 760, 12327047, 236, 10, 236, 332, 236, 598, 774, 4, 186, 19, 204, 360, 0
-1, 74, 1, 212, 13300200, 3, 1, 379, 29, 393, 598, 787, 176, 284, 379, 32, 346, 0
-1, 74, 1, 219, 13300200, 5, 1, 346, 29, 393, 598, 787, 176, 284, 379, 32, 346, 0
-1, 74, 1, 289, 13300200, 1, 1, 176, 29, 393, 598, 787, 176, 284, 379, 32, 346, 0
1, 289, -1, 315, 13300516, 4, 2, 174, 176, 393, 598, 787, 348, 282, 32, 174, 191, 0
1, 289, 1, 328, 13300516, 3, 2, 32, 176, 393, 598, 787, 348, 282, 32, 174, 191, 0
1, 289, -1, 356, 13300516, 2, 2, 282, 176, 393, 598, 787, 348, 282, 32, 174, 191, 0
1, 289, -1, 378, 13300517, 1, 2, 348, 176, 393, 598, 787, 348, 282, 32, 174, 191, 0
-1, 378, 1, 486, 13300833, 3, 3, 191, 348, 393, 598, 787, 43, 201, 191, 221, 50, 0
-1, 378, -1, 487, 13300833, 5, 3, 50, 348, 393, 598, 787, 43, 201, 191, 221, 50, 0
-1, 378, -1, 515, 13300833, 2, 3, 201, 348, 393, 598, 787, 43, 201, 191, 221, 50, 0
-1, 515, -1, 580, 13305149, 5, 4, 340, 201, 393, 598, 787, 328, 374, 390, 370, 340, 0
-1, 515, -1, 587, 13305149, 4, 4, 370, 201, 393, 598, 787, 328, 374, 390, 370, 340, 0
-1, 515, -1, 587, 13305149, 3, 4, 390, 201, 393, 598, 787, 328, 374, 390, 370, 340, 0
-1, 515, 1, 612, 13305149, 2, 4, 374, 201, 393, 598, 787, 328, 374, 390, 370, 340, 0
-1, 515, 1, 621, 13305149, 1, 4, 328, 201, 393, 598, 787, 328, 374, 390, 370, 340, 0
1, 621, 1, 683, 13305466, 5, 5, 163, 328, 393, 598, 787, 134, 259, 34, 28, 163, 0
1, 621, 1, 727, 13305466, 4, 5, 28, 328, 393, 598, 787, 134, 259, 34, 28, 163, 0
1, 727, -1, 754, 13317782, 2, 6, 242, 28, 393, 598, 787, 134, 242, 34, 10000000, 10000000, 0
-1, 754, 12, 798, 13322098, 3, 7, 353, 242, 393, 598, 787, 396, 392, 353, 308, 208, 0
-1, 754, 12, 798, 13322098, 2, 7, 392, 242, 393, 598, 787, 396, 392, 353, 308, 208, 0
-1, 754, 12, 798, 13322098, 1, 7, 396, 242, 393, 598, 787, 396, 392, 353, 308, 208, 0
12, 798, 64, 801, 13322414, 5, 8, 68, 396, 393, 598, 787, 77, 184, 208, 324, 68, 0
12, 798, 84, 798, 13322414, 3, 8, 208, 396, 393, 598, 787, 77, 184, 208, 324, 68, 0
12, 798, 121, 801, 13322414, 2, 8, 184, 396, 393, 598, 787, 77, 184, 208, 324, 68, 0
12, 798, 134, 798, 13322414, 1, 8, 77, 396, 393, 598, 787, 77, 184, 208, 324, 68, 0
134, 798, 201, 819, 13322731, 3, 9, 324, 77, 393, 598, 787, 215, 136, 324, 271, 246, 0
134, 798, 283, 798, 13322731, 2, 9, 136, 77, 393, 598, 787, 215, 136, 324, 271, 246, 0
134, 798, 313, 801, 13322731, 1, 9, 215, 77, 393, 598, 787, 215, 136, 324, 271, 246, 0
313, 801, 378, 801, 13323047, 4, 10, 304, 215, 393, 598, 787, 82, 181, 352, 304, 292, 0
313, 801, 387, 801, 13323047, 3, 10, 352, 215, 393, 598, 787, 82, 181, 352, 304, 292, 0
313, 801, 487, 798, 13323048, 2, 10, 181, 215, 393, 598, 787, 82, 181, 352, 304, 292, 0
487, 798, 525, 798, 13327364, 5, 11, 82, 181, 393, 598, 787, 384, 358, 257, 240, 82, 0
487, 798, 554, 801, 13327364, 3, 11, 257, 181, 393, 598, 787, 384, 358, 257, 240, 82, 0
487, 798, 587, 801, 13327364, 2, 11, 358, 181, 393, 598, 787, 384, 358, 257, 240, 82, 0
487, 798, 587, 801, 13327364, 1, 11, 384, 181, 393, 598, 787, 384, 358, 257, 240, 82, 0
487, 798, 640, 798, 13327364, 4, 11, 240, 181, 393, 598, 787, 384, 358, 257, 240, 82, 0
587, 801, 587, 801, 13327680, 5, 12, 358, 384, 393, 598, 787, 393, 360, 309, 387, 358, 0
587, 801, 587, 801, 13327680, 4, 12, 387, 384, 393, 598, 787, 393, 360, 309, 387, 358, 0
587, 801, 598, 787, 13327680, 2, 12, 360, 384, 393, 598, 787, 393, 360, 309, 387, 358, 0
587, 801, 598, 787, 13327680, 393, 12, 393, 384, 393, 598, 787, 393, 360, 309, 387, 358, 0
198, 175, 201, 212, 14300200, 2, 1, 368, 344, 277, 854, 598, 132, 368, 23, 249, 27, 0
198, 175, 201, 256, 14300200, 4, 1, 249, 344, 277, 854, 598, 132, 368, 23, 249, 27, 0
198, 175, 201, 300, 14300200, 1, 1, 132, 344, 277, 854, 598, 132, 368, 23, 249, 27, 0
198, 175, 201, 338, 14300200, 3, 1, 23, 344, 277, 854, 598, 132, 368, 23, 249, 27, 0
201, 300, 198, 387, 14300516, 1, 2, 366, 132, 277, 854, 598, 366, 399, 386, 363, 311, 0
201, 300, 198, 387, 14300516, 3, 2, 386, 132, 277, 854, 598, 366, 399, 386, 363, 311, 0
201, 300, 198, 387, 14300516, 2, 2, 399, 132, 277, 854, 598, 366, 399, 386, 363, 311, 0
201, 300, 201, 412, 14300516, 4, 2, 363, 132, 277, 854, 598, 366, 399, 386, 363, 311, 0
201, 300, 201, 425, 14300516, 5, 2, 311, 132, 277, 854, 598, 366, 399, 386, 363, 311, 0
198, 387, 259, 401, 14300832, 1, 3, 18, 366, 277, 854, 598, 18, 188, 274, 65, 205, 0
259, 401, 401, 412, 14301149, 5, 4, 388, 18, 277, 854, 598, 339, 279, 349, 395, 388, 0
259, 401, 401, 412, 14301149, 4, 4, 395, 18, 277, 854, 598, 339, 279, 349, 395, 388, 0
259, 401, 428, 398, 14301149, 1, 4, 339, 18, 277, 854, 598, 339, 279, 349, 395, 388, 0
259, 401, 454, 398, 14301149, 2, 4, 279, 18, 277, 854, 598, 339, 279, 349, 395, 388, 0
428, 398, 454, 398, 14301465, 5, 5, 279, 339, 277, 854, 598, 24, 166, 144, 53, 279, 0
428, 398, 465, 401, 14301465, 4, 5, 53, 339, 277, 854, 598, 24, 166, 144, 53, 279, 0
428, 398, 493, 398, 14301465, 2, 5, 166, 339, 277, 854, 598, 24, 166, 144, 53, 279, 0
428, 398, 503, 401, 14301465, 3, 5, 144, 339, 277, 854, 598, 24, 166, 144, 53, 279, 0
428, 398, 541, 398, 14301465, 1, 5, 24, 339, 277, 854, 598, 24, 166, 144, 53, 279, 0
541, 398, 601, 426, 14301782, 5, 6, 347, 24, 277, 854, 598, 35, 124, 120, 81, 347, 0
541, 398, 670, 401, 14301782, 4, 6, 81, 24, 277, 854, 598, 35, 124, 120, 81, 347, 0
541, 398, 690, 398, 14301782, 3, 6, 120, 24, 277, 854, 598, 35, 124, 120, 81, 347, 0
690, 398, 731, 398, 14310098, 5, 7, 35, 120, 277, 854, 598, 283, 367, 234, 306, 35, 0
690, 398, 746, 401, 14310098, 3, 7, 234, 120, 277, 854, 598, 283, 367, 234, 306, 35, 0
690, 398, 775, 401, 14310098, 4, 7, 306, 120, 277, 854, 598, 283, 367, 234, 306, 35, 0
690, 398, 787, 401, 14310098, 2, 7, 367, 120, 277, 854, 598, 283, 367, 234, 306, 35, 0
787, 401, 798, 466, 14314414, 2, 8, 87, 367, 277, 854, 598, 111, 87, 146, 280, 283, 0
787, 401, 858, 398, 14314414, 5, 8, 283, 367, 277, 854, 598, 111, 87, 146, 280, 283, 0
787, 401, 801, 518, 14314415, 1, 8, 111, 367, 277, 854, 598, 111, 87, 146, 280, 283, 0
801, 518, 798, 540, 14314731, 3, 9, 280, 111, 277, 854, 598, 334, 377, 280, 371, 261, 0
801, 518, 801, 613, 14314731, 4, 9, 371, 111, 277, 854, 598, 334, 377, 280, 371, 261, 0
801, 518, 801, 627, 14314731, 1, 9, 334, 111, 277, 854, 598, 334, 377, 280, 371, 261, 0
801, 627, 801, 613, 14315047, 1, 10, 371, 334, 277, 854, 598, 371, 277, 148, 10000000, 10000000, 0
601, 426, 598, 465, 14318098, 5, 7, 85, 347, 277, 854, 598, 21, 179, 120, 130, 85, 0
601, 426, 601, 497, 14318098, 2, 7, 179, 347, 277, 854, 598, 21, 179, 120, 130, 85, 0
601, 426, 598, 501, 14318098, 4, 7, 130, 347, 277, 854, 598, 21, 179, 120, 130, 85, 0
601, 426, 601, 542, 14318098, 1, 7, 21, 347, 277, 854, 598, 21, 179, 120, 130, 85, 0
601, 542, 598, 572, 14318414, 1, 8, 332, 21, 277, 854, 598, 332, 10000000, 10000000, 10000000, 10000000, 0
858, 398, 875, 401, 14330730, 2, 9, 76, 283, 277, 854, 598, 111, 76, 10000000, 10000000, 10000000, 0
201, 352, 201, 415, 15300200, 4, 1, 363, 23, 301, 825, 798, 205, 299, 113, 363, 222, 0
201, 352, 201, 469, 15300200, 2, 1, 299, 23, 301, 825, 798, 205, 299, 113, 363, 222, 0
201, 352, 198, 472, 15300200, 3, 1, 113, 23, 301, 825, 798, 205, 299, 113, 363, 222, 0
201, 352, 198, 500, 15300200, 5, 1, 222, 23, 301, 825, 798, 205, 299, 113, 363, 222, 0
201, 352, 201, 513, 15300200, 1, 1, 205, 23, 301, 825, 798, 205, 299, 113, 363, 222, 0
201, 513, 201, 553, 15300516, 3, 2, 65, 205, 301, 825, 798, 295, 276, 65, 210, 188, 0
201, 513, 201, 662, 15300517, 2, 2, 276, 205, 301, 825, 798, 295, 276, 65, 210, 188, 0
201, 662, 198, 694, 15304833, 5, 3, 178, 276, 301, 825, 798, 67, 210, 295, 107, 178, 0
201, 662, 201, 711, 15304833, 2, 3, 210, 276, 301, 825, 798, 67, 210, 295, 107, 178, 0
201, 662, 198, 729, 15304833, 3, 3, 295, 276, 301, 825, 798, 67, 210, 295, 107, 178, 0
201, 662, 201, 764, 15304833, 1, 3, 67, 276, 301, 825, 798, 67, 210, 295, 107, 178, 0
201, 764, 201, 833, 15305165, 1, 5, 324, 67, 301, 825, 798, 324, 59, 172, 246, 296, 1
201, 764, 198, 854, 15305165, 2, 5, 59, 67, 301, 825, 798, 324, 59, 172, 246, 296, 1
201, 764, 201, 870, 15305165, 4, 5, 246, 67, 301, 825, 798, 324, 59, 172, 246, 296, 1
201, 764, 198, 891, 15305165, 3, 5, 172, 67, 301, 825, 798, 324, 59, 172, 246, 296, 1
201, 764, 198, 926, 15305165, 5, 5, 296, 67, 301, 825, 798, 324, 59, 172, 246, 296, 1
201, 833, 198, 854, 15305497, 5, 6, 59, 324, 301, 825, 798, 55, 190, 246, 172, 59, 1
201, 833, 201, 870, 15305497, 3, 6, 246, 324, 301, 825, 798, 55, 190, 246, 172, 59, 1
201, 833, 198, 891, 15305497, 4, 6, 172, 324, 301, 825, 798, 55, 190, 246, 172, 59, 1
201, 833, 201, 915, 15305497, 2, 6, 190, 324, 301, 825, 798, 55, 190, 246, 172, 59, 1
201, 833, 201, 942, 15305497, 1, 6, 55, 324, 301, 825, 798, 55, 190, 246, 172, 59, 1
201, 711, 201, 764, 15309149, 1, 4, 67, 210, 301, 825, 798, 67, 246, 324, 107, 10000000, 0
201, 711, 201, 833, 15309149, 3, 4, 324, 210, 301, 825, 798, 67, 246, 324, 107, 10000000, 0
201, 764, 201, 833, 15309481, 1, 6, 324, 67, 301, 825, 798, 324, 59, 172, 246, 296, 1
201, 764, 198, 854, 15309481, 2, 6, 59, 67, 301, 825, 798, 324, 59, 172, 246, 296, 1
201, 764, 201, 870, 15309481, 4, 6, 246, 67, 301, 825, 798, 324, 59, 172, 246, 296, 1
201, 764, 198, 891, 15309481, 3, 6, 172, 67, 301, 825, 798, 324, 59, 172, 246, 296, 1
201, 833, 198, 854, 15309813, 5, 7, 59, 324, 301, 825, 798, 55, 190, 246, 172, 59, 1
201, 833, 201, 870, 15309813, 3, 7, 246, 324, 301, 825, 798, 55, 190, 246, 172, 59, 1
201, 833, 198, 891, 15309813, 4, 7, 172, 324, 301, 825, 798, 55, 190, 246, 172, 59, 1
201, 833, 201, 915, 15309813, 2, 7, 190, 324, 301, 825, 798, 55, 190, 246, 172, 59, 1
201, 833, 201, 942, 15309813, 1, 7, 55, 324, 301, 825, 798, 55, 190, 246, 172, 59, 1
201, 915, 198, 925, 15314145, 2, 8, 296, 190, 301, 825, 798, 55, 296, 10000000, 10000000, 10000000, 1
201, 915, 201, 942, 15314145, 1, 8, 55, 190, 301, 825, 798, 55, 296, 10000000, 10000000, 10000000, 1
198, 925, 201, 942, 15318477, 2, 9, 55, 296, 301, 825, 798, 66, 55, 218, 175, 106, 1
321, 198, 353, 201, 16300200, 5, 1, 310, 159, 360, 598, 785, 122, 49, 314, 27, 310, 0
321, 198, 371, 198, 16300200, 4, 1, 27, 159, 360, 598, 785, 122, 49, 314, 27, 310, 0
321, 198, 449, 198, 16300200, 3, 1, 314, 159, 360, 598, 785, 122, 49, 314, 27, 310, 0
321, 198, 468, 201, 16300200, 1, 1, 122, 159, 360, 598, 785, 122, 49, 314, 27, 310, 0
468, 201, 521, 201, 16300516, 5, 2, 239, 122, 360, 598, 785, 380, 312, 86, 88, 239, 0
468, 201, 552, 201, 16300516, 2, 2, 312, 122, 360, 598, 785, 380, 312, 86, 88, 239, 0
468, 201, 580, 198, 16300516, 4, 2, 88, 122, 360, 598, 785, 380, 312, 86, 88, 239, 0
552, 201, 579, 201, 16304832, 5, 3, 380, 312, 360, 598, 785, 114, 347, 47, 290, 380, 0
552, 201, 598, 235, 16304832, 3, 3, 47, 312, 360, 598, 785, 114, 347, 47, 290, 380, 0
598, 235, 598, 278, 16313149, 5, 4, 206, 47, 360, 598, 785, 347, 114, 286, 290, 206, 0
598, 235, 598, 313, 16313149, 4, 4, 290, 47, 360, 598, 785, 347, 114, 286, 290, 206, 0
598, 235, 601, 324, 16313149, 2, 4, 114, 47, 360, 598, 785, 347, 114, 286, 290, 206, 0
601, 324, 601, 445, 16317465, 3, 5, 347, 114, 360, 598, 785, 85, 286, 347, 179, 21, 0
601, 324, 601, 488, 16317465, 2, 5, 286, 114, 360, 598, 785, 85, 286, 347, 179, 21, 0
601, 488, 601, 523, 16321781, 3, 6, 179, 286, 360, 598, 785, 21, 243, 179, 332, 19, 0
601, 488, 598, 524, 16321781, 2, 6, 243, 286, 360, 598, 785, 21, 243, 179, 332, 19, 0
601, 488, 598, 551, 16321782, 4, 6, 332, 286, 360, 598, 785, 21, 243, 179, 332, 19, 0
601, 488, 601, 570, 16321782, 1, 6, 21, 286, 360, 598, 785, 21, 243, 179, 332, 19, 0
601, 570, 598, 622, 16322098, 3, 7, 19, 21, 360, 598, 785, 236, 204, 19, 186, 4, 0
601, 570, 598, 683, 16322098, 2, 7, 204, 21, 360, 598, 785, 236, 204, 19, 186, 4, 0
601, 570, 598, 707, 16322098, 1, 7, 236, 21, 360, 598, 785, 236, 204, 19, 186, 4, 0
601, 570, 601, 732, 16322098, 4, 7, 186, 21, 360, 598, 785, 236, 204, 19, 186, 4, 0
601, 570, 601, 770, 16322098, 5, 7, 4, 21, 360, 598, 785, 236, 204, 19, 186, 4, 0
598, 707, 598, 753, 16322414, 4, 8, 309, 236, 360, 598, 785, 393, 360, 4, 309, 387, 0
598, 707, 601, 770, 16322414, 3, 8, 4, 236, 360, 598, 785, 393, 360, 4, 309, 387, 0
598, 707, 598, 778, 16322414, 360, 8, 360, 236, 360, 598, 785, 393, 360, 4, 309, 387, 0
1, 291, -1, 338, 17300200, 5, 1, 348, 284, 251, 707, 601, 268, 50, 32, 176, 348, 0
1, 291, 1, 350, 17300200, 4, 1, 176, 284, 251, 707, 601, 268, 50, 32, 176, 348, 0
1, 291, 1, 385, 17300200, 3, 1, 32, 284, 251, 707, 601, 268, 50, 32, 176, 348, 0
1, 385, -1, 443, 17308516, 3, 2, 50, 32, 251, 707, 601, 268, 201, 50, 370, 340, 0
1, 385, -1, 466, 17308516, 2, 2, 201, 32, 251, 707, 601, 268, 201, 50, 370, 340, 0
-1, 466, 1, 543, 17312832, 5, 3, 191, 201, 251, 707, 601, 374, 43, 370, 390, 191, 0
-1, 466, -1, 574, 17312832, 3, 3, 370, 201, 251, 707, 601, 374, 43, 370, 390, 191, 0
-1, 466, 1, 575, 17312832, 2, 3, 43, 201, 251, 707, 601, 374, 43, 370, 390, 191, 0
-1, 466, 1, 628, 17312833, 1, 3, 374, 201, 251, 707, 601, 374, 43, 370, 390, 191, 0
1, 628, 14, 601, 17313149, 2, 4, 103, 374, 251, 707, 601, 259, 103, 134, 34, 10000000, 0
14, 601, 80, 601, 17317465, 4, 5, 189, 103, 251, 707, 601, 34, 134, 259, 189, 276, 0
14, 601, 97, 598, 17317465, 3, 5, 259, 103, 251, 707, 601, 34, 134, 259, 189, 276, 0
14, 601, 138, 598, 17317465, 2, 5, 134, 103, 251, 707, 601, 34, 134, 259, 189, 276, 0
138, 598, 160, 598, 17321781, 3, 6, 34, 134, 251, 707, 601, 182, 20, 34, 10, 10000000, 0
138, 598, 198, 610, 17321781, 4, 6, 10, 134, 251, 707, 601, 182, 20, 34, 10, 10000000, 0
138, 598, 223, 601, 17321781, 2, 6, 20, 134, 251, 707, 601, 182, 20, 34, 10, 10000000, 0
138, 598, 268, 601, 17321782, 1, 6, 182, 134, 251, 707, 601, 182, 20, 34, 10, 10000000, 0
268, 601, 367, 598, 17322098, 1, 7, 107, 182, 251, 707, 601, 107, 16, 173, 154, 162, 0
367, 598, 398, 634, 17322414, 3, 8, 108, 107, 251, 707, 601, 173, 16, 108, 162, 96, 0
367, 598, 416, 601, 17322414, 2, 8, 16, 107, 251, 707, 601, 173, 16, 108, 162, 96, 0
367, 598, 473, 601, 17322414, 1, 8, 173, 107, 251, 707, 601, 173, 16, 108, 162, 96, 0
367, 598, 551, 598, 17322415, 4, 8, 162, 107, 251, 707, 601, 173, 16, 108, 162, 96, 0
367, 598, 577, 598, 17322415, 5, 8, 96, 107, 251, 707, 601, 173, 16, 108, 162, 96, 0
473, 601, 551, 598, 17322731, 5, 9, 162, 173, 251, 707, 601, 273, 90, 19, 96, 162, 0
473, 601, 577, 598, 17322731, 4, 9, 96, 173, 251, 707, 601, 273, 90, 19, 96, 162, 0
473, 601, 598, 611, 17322731, 3, 9, 19, 173, 251, 707, 601, 273, 90, 19, 96, 162, 0
398, 634, 401, 724, 17330746, 3, 10, 154, 108, 251, 707, 601, 79, 31, 154, 352, 304, 1
398, 634, 401, 774, 17330747, 1, 10, 79, 108, 251, 707, 601, 79, 31, 154, 352, 304, 1
598, 611, 619, 601, 17331047, 1, 10, 90, 19, 251, 707, 601, 90, 21, 10000000, 10000000, 10000000, 0
598, 611, 601, 581, 17331047, 2, 10, 21, 19, 251, 707, 601, 90, 21, 10000000, 10000000, 10000000, 0
401, 774, 398, 836, 17331079, 3, 11, 52, 79, 251, 707, 601, 292, 169, 52, 289, 177, 1
401, 774, 398, 869, 17331079, 2, 11, 169, 79, 251, 707, 601, 292, 169, 52, 289, 177, 1
401, 774, 401, 889, 17331079, 1, 11, 292, 79, 251, 707, 601, 292, 169, 52, 289, 177, 1
401, 774, 398, 899, 17331079, 4, 11, 289, 79, 251, 707, 601, 292, 169, 52, 289, 177, 1
401, 774, 401, 937, 17331079, 5, 11, 177, 79, 251, 707, 601, 292, 169, 52, 289, 177, 1
619, 601, 677, 601, 17331363, 4, 11, 143, 90, 251, 707, 601, 251, 273, 128, 143, 318, 0
619, 601, 694, 598, 17331363, 2, 11, 273, 90, 251, 707, 601, 251, 273, 128, 143, 318, 0
619, 601, 703, 601, 17331363, 251, 11, 251, 90, 251, 707, 601, 251, 273, 128, 143, 318, 0
201, 100, 201, 146, 18300200, 5, 1, 123, 235, 186, 601, 758, 313, 13, 98, 193, 123, 0
201, 100, 201, 167, 18300200, 3, 1, 98, 235, 186, 601, 758, 313, 13, 98, 193, 123, 0
201, 100, 198, 208, 18300200, 2, 1, 13, 235, 186, 601, 758, 313, 13, 98, 193, 123, 0
201, 100, 198, 241, 18300200, 4, 1, 193, 235, 186, 601, 758, 313, 13, 98, 193, 123, 0
201, 100, 201, 273, 18300200, 1, 1, 313, 235, 186, 601, 758, 313, 13, 98, 193, 123, 0
201, 273, 210, 401, 18300517, 4, 2, 18, 313, 186, 601, 758, 311, 222, 113, 18, 363, 0
201, 273, 201, 435, 18300517, 5, 2, 363, 313, 186, 601, 758, 311, 222, 113, 18, 363, 0
201, 273, 201, 464, 18300517, 1, 2, 311, 313, 186, 601, 758, 311, 222, 113, 18, 363, 0
201, 464, 201, 511, 18300833, 5, 3, 299, 311, 186, 601, 758, 188, 65, 205, 10, 299, 0
201, 464, 201, 554, 18300833, 3, 3, 205, 311, 186, 601, 758, 188, 65, 205, 10, 299, 0
201, 464, 201, 594, 18300833, 2, 3, 65, 311, 186, 601, 758, 188, 65, 205, 10, 299, 0
201, 464, 198, 596, 18300833, 4, 3, 10, 311, 186, 601, 758, 188, 65, 205, 10, 299, 0
201, 594, 214, 601, 18305149, 5, 4, 20, 65, 186, 601, 758, 182, 276, 295, 178, 20, 0
201, 594, 255, 601, 18305149, 1, 4, 182, 65, 186, 601, 758, 182, 276, 295, 178, 20, 0
201, 594, 198, 655, 18305149, 4, 4, 178, 65, 186, 601, 758, 182, 276, 295, 178, 20, 0
201, 594, 198, 694, 18305149, 3, 4, 295, 65, 186, 601, 758, 182, 276, 295, 178, 20, 0
201, 594, 201, 698, 18305149, 2, 4, 276, 65, 186, 601, 758, 182, 276, 295, 178, 20, 0
255, 601, 379, 598, 18305466, 1, 5, 107, 182, 186, 601, 758, 107, 16, 173, 154, 162, 0
255, 601, 410, 601, 18305466, 2, 5, 16, 182, 186, 601, 758, 107, 16, 173, 154, 162, 0
379, 598, 398, 621, 18305782, 3, 6, 108, 107, 186, 601, 758, 21, 173, 108, 162, 16, 0
379, 598, 410, 601, 18305782, 5, 6, 16, 107, 186, 601, 758, 21, 173, 108, 162, 16, 0
379, 598, 462, 601, 18305782, 2, 6, 173, 107, 186, 601, 758, 21, 173, 108, 162, 16, 0
379, 598, 564, 598, 18305782, 4, 6, 162, 107, 186, 601, 758, 21, 173, 108, 162, 16, 0
201, 698, 201, 752, 18309466, 1, 5, 210, 276, 186, 601, 758, 210, 67, 10000000, 10000000, 10000000, 0
201, 698, 201, 792, 18309466, 2, 5, 67, 276, 186, 601, 758, 210, 67, 10000000, 10000000, 10000000, 0
201, 752, 201, 792, 18309798, 1, 7, 67, 210, 186, 601, 758, 67, 77, 59, 296, 172, 1
201, 752, 191, 798, 18309798, 2, 7, 77, 210, 186, 601, 758, 67, 77, 59, 296, 172, 1
201, 752, 198, 815, 18309798, 3, 7, 59, 210, 186, 601, 758, 67, 77, 59, 296, 172, 1
201, 752, 198, 848, 18309798, 5, 7, 172, 210, 186, 601, 758, 67, 77, 59, 296, 172, 1
201, 752, 198, 883, 18309798, 4, 7, 296, 210, 186, 601, 758, 67, 77, 59, 296, 172, 1
462, 601, 564, 598, 18310098, 5, 7, 162, 173, 186, 601, 758, 96, 90, 19, 332, 162, 0
462, 601, 586, 598, 18310098, 1, 7, 96, 173, 186, 601, 758, 96, 90, 19, 332, 162, 0
462, 601, 598, 605, 18310098, 3, 7, 19, 173, 186, 601, 758, 96, 90, 19, 332, 162, 0
201, 792, 191, 798, 18310130, 3, 8, 77, 67, 186, 601, 758, 271, 324, 77, 246, 59, 1
201, 792, 198, 815, 18310130, 5, 8, 59, 67, 186, 601, 758, 271, 324, 77, 246, 59, 1
201, 792, 201, 867, 18310130, 2, 8, 324, 67, 186, 601, 758, 271, 324, 77, 246, 59, 1
201, 792, 201, 906, 18310130, 4, 8, 246, 67, 186, 601, 758, 271, 324, 77, 246, 59, 1
201, 792, 317, 798, 18310130, 1, 8, 271, 67, 186, 601, 758, 271, 324, 77, 246, 59, 1
586, 598, 598, 605, 18310414, 3, 8, 19, 96, 186, 601, 758, 204, 90, 19, 10000000, 10000000, 0
586, 598, 611, 601, 18310415, 2, 8, 90, 96, 186, 601, 758, 204, 90, 19, 10000000, 10000000, 0
586, 598, 598, 661, 18310415, 1, 8, 204, 96, 186, 601, 758, 204, 90, 19, 10000000, 10000000, 0
586, 598, 601, 761, 18310415, 186, 8, 186, 96, 186, 601, 758, 204, 90, 19, 10000000, 10000000, 0
201, 369, 210, 401, 19300200, 1, 1, 18, 132, 280, 798, 491, 18, 363, 222, 205, 299, 0
201, 369, 201, 445, 19300200, 2, 1, 363, 132, 280, 798, 491, 18, 363, 222, 205, 299, 0
201, 369, 198, 447, 19300200, 3, 1, 222, 132, 280, 798, 491, 18, 363, 222, 205, 299, 0
201, 369, 201, 525, 19300200, 5, 1, 299, 132, 280, 798, 491, 18, 363, 222, 205, 299, 0
210, 401, 327, 398, 19300516, 5, 2, 274, 18, 280, 798, 491, 395, 388, 45, 188, 274, 0
210, 401, 390, 398, 19300516, 3, 2, 45, 18, 280, 798, 491, 395, 388, 45, 188, 274, 0
210, 401, 401, 412, 19300516, 2, 2, 388, 18, 280, 798, 491, 395, 388, 45, 188, 274, 0
401, 412, 437, 401, 19304832, 4, 3, 144, 388, 280, 798, 491, 339, 279, 372, 144, 166, 0
401, 412, 440, 398, 19304832, 3, 3, 372, 388, 280, 798, 491, 339, 279, 372, 144, 166, 0
440, 398, 494, 398, 19313149, 5, 4, 339, 372, 280, 798, 491, 85, 166, 24, 279, 339, 0
440, 398, 550, 398, 19313149, 2, 4, 166, 372, 280, 798, 491, 85, 166, 24, 279, 339, 0
440, 398, 598, 410, 19313149, 1, 4, 85, 372, 280, 798, 491, 85, 166, 24, 279, 339, 0
598, 410, 638, 401, 19313465, 5, 5, 124, 85, 280, 798, 491, 35, 367, 120, 234, 124, 0
598, 410, 697, 401, 19313465, 4, 5, 234, 85, 280, 798, 491, 35, 367, 120, 234, 124, 0
598, 410, 755, 401, 19313465, 2, 5, 367, 85, 280, 798, 491, 35, 367, 120, 234, 124, 0
201, 525, 201, 477, 19316516, 3, 2, 311, 299, 280, 798, 491, 18, 274, 311, 10000000, 10000000, 0
201, 525, 210, 401, 19316516, 1, 2, 18, 299, 280, 798, 491, 18, 274, 311, 10000000, 10000000, 0
210, 401, 374, 398, 19316833, 4, 3, 188, 18, 280, 798, 491, 395, 388, 45, 188, 274, 0
210, 401, 401, 412, 19316833, 1, 3, 395, 18, 280, 798, 491, 395, 388, 45, 188, 274, 0
401, 412, 437, 401, 19317149, 4, 4, 144, 395, 280, 798, 491, 339, 279, 372, 144, 166, 0
401, 412, 440, 398, 19317149, 3, 4, 372, 395, 280, 798, 491, 339, 279, 372, 144, 166, 0
755, 401, 787, 401, 19317782, 4, 6, 398, 367, 280, 798, 491, 58, 146, 87, 398, 76, 0
755, 401, 798, 409, 19317782, 3, 6, 87, 367, 280, 798, 491, 58, 146, 87, 398, 76, 0
755, 401, 801, 426, 19317782, 1, 6, 58, 367, 280, 798, 491, 58, 146, 87, 398, 76, 0
755, 401, 818, 401, 19317782, 5, 6, 76, 367, 280, 798, 491, 58, 146, 87, 398, 76, 0
801, 426, 798, 454, 19318098, 2, 7, 146, 58, 280, 798, 491, 280, 146, 10000000, 10000000, 10000000, 0
801, 426, 798, 476, 19318098, 280, 7, 280, 58, 280, 798, 491, 280, 146, 10000000, 10000000, 10000000, 0
