source_x,source_y,recv_x,recv_y,time,recv_priority,hopcount,recv_id,source_id,destination_id,destination_x,destination_y,pri_1,pri_2,pri_3,pri_4,pri_5
201, 244, 198, 315, 10300200, 2, 1, 13, 126, 177, 968, 801, 265, 13, 259, 186, 206
201, 244, 198, 379, 10300200, 5, 1, 206, 126, 177, 968, 801, 265, 13, 259, 186, 206
201, 244, 198, 387, 10300200, 3, 1, 259, 126, 177, 968, 801, 265, 13, 259, 186, 206
198, 315, 198, 387, 10304859, 3, 2, 259, 13, 177, 968, 801, 265, 239, 259, 65, 186
198, 315, 201, 412, 10304859, 1, 2, 265, 13, 177, 968, 801, 265, 239, 259, 65, 186
198, 315, 201, 485, 10304859, 4, 2, 65, 13, 177, 968, 801, 265, 239, 259, 65, 186
201, 412, 219, 398, 10305518, 5, 3, 251, 265, 177, 968, 801, 45, 172, 65, 186, 251
201, 412, 201, 446, 10305518, 4, 3, 186, 265, 177, 968, 801, 45, 172, 65, 186, 251
201, 412, 247, 398, 10305518, 2, 3, 172, 265, 177, 968, 801, 45, 172, 65, 186, 251
201, 412, 201, 486, 10305518, 3, 3, 65, 265, 177, 968, 801, 45, 172, 65, 186, 251
247, 398, 282, 398, 10310177, 3, 4, 45, 172, 177, 968, 801, 18, 255, 45, 162, 24
247, 398, 312, 401, 10310177, 1, 4, 18, 172, 177, 968, 801, 18, 255, 45, 162, 24
247, 398, 354, 401, 10310178, 4, 4, 162, 172, 177, 968, 801, 18, 255, 45, 162, 24
312, 401, 401, 415, 10310837, 3, 5, 255, 18, 177, 968, 801, 24, 160, 255, 198, 256
312, 401, 486, 398, 10310837, 1, 5, 24, 18, 177, 968, 801, 24, 160, 255, 198, 256
486, 398, 516, 401, 10311496, 4, 6, 53, 24, 177, 968, 801, 35, 114, 138, 53, 21
486, 398, 555, 401, 10311496, 3, 6, 138, 24, 177, 968, 801, 35, 114, 138, 53, 21
201, 486, 201, 646, 10314178, 2, 4, 191, 65, 177, 968, 801, 67, 191, 45, 10000000, 10000000
201, 646, 201, 690, 10318837, 2, 5, 67, 191, 177, 968, 801, 279, 67, 107, 10, 10000000
201, 646, 198, 713, 10318837, 4, 5, 10, 191, 177, 968, 801, 279, 67, 107, 10, 10000000
401, 415, 401, 467, 10319496, 2, 6, 104, 255, 177, 968, 801, 24, 104, 79, 148, 160
555, 401, 644, 398, 10320156, 2, 7, 114, 138, 177, 968, 801, 35, 114, 21, 81, 211
555, 401, 718, 401, 10320156, 4, 7, 81, 138, 177, 968, 801, 35, 114, 21, 81, 211
201, 690, 201, 812, 10323496, 1, 6, 279, 67, 177, 968, 801, 279, 223, 107, 55, 173
201, 690, 201, 820, 10323496, 2, 6, 223, 67, 177, 968, 801, 279, 223, 107, 55, 173
201, 690, 201, 846, 10323496, 5, 6, 173, 67, 177, 968, 801, 279, 223, 107, 55, 173
201, 812, 220, 798, 10324155, 3, 7, 248, 279, 177, 968, 801, 3, 130, 248, 10000000, 10000000
201, 812, 248, 798, 10324156, 2, 7, 130, 279, 177, 968, 801, 3, 130, 248, 10000000, 10000000
201, 812, 275, 798, 10324156, 1, 7, 3, 279, 177, 968, 801, 3, 130, 248, 10000000, 10000000
644, 398, 682, 398, 10324815, 5, 8, 35, 114, 177, 968, 801, 260, 93, 81, 211, 35
275, 798, 318, 801, 10324815, 5, 8, 95, 3, 177, 968, 801, 288, 204, 258, 196, 95
644, 398, 717, 401, 10324815, 3, 8, 81, 114, 177, 968, 801, 260, 93, 81, 211, 35
275, 798, 354, 801, 10324815, 4, 8, 196, 3, 177, 968, 801, 288, 204, 258, 196, 95
275, 798, 381, 801, 10324815, 2, 8, 204, 3, 177, 968, 801, 288, 204, 258, 196, 95
275, 798, 387, 801, 10324815, 3, 8, 258, 3, 177, 968, 801, 288, 204, 258, 196, 95
275, 798, 387, 801, 10324815, 1, 8, 288, 3, 177, 968, 801, 288, 204, 258, 196, 95
644, 398, 787, 401, 10324815, 1, 8, 260, 114, 177, 968, 801, 260, 93, 81, 211, 35
787, 401, 841, 398, 10325474, 4, 9, 133, 260, 177, 968, 801, 76, 93, 87, 133, 140
387, 801, 401, 882, 10325474, 4, 9, 31, 288, 177, 968, 801, 294, 82, 33, 31, 108
387, 801, 483, 798, 10325474, 2, 9, 82, 288, 177, 968, 801, 294, 82, 33, 31, 108
787, 401, 883, 398, 10325474, 2, 9, 93, 260, 177, 968, 801, 76, 93, 87, 133, 140
787, 401, 798, 517, 10325474, 3, 9, 87, 260, 177, 968, 801, 76, 93, 87, 133, 140
387, 801, 520, 801, 10325474, 3, 9, 33, 288, 177, 968, 801, 294, 82, 33, 31, 108
787, 401, 923, 401, 10325474, 1, 9, 76, 260, 177, 968, 801, 76, 93, 87, 133, 140
787, 401, 798, 552, 10325475, 5, 9, 140, 260, 177, 968, 801, 76, 93, 87, 133, 140
923, 401, 1001, 419, 10326134, 3, 10, 222, 76, 177, 968, 801, 121, 25, 222, 290, 72
483, 798, 519, 801, 10330133, 5, 10, 33, 82, 177, 968, 801, 234, 135, 271, 294, 33
483, 798, 551, 801, 10330134, 2, 10, 135, 82, 177, 968, 801, 234, 135, 271, 294, 33
483, 798, 578, 801, 10330134, 1, 10, 234, 82, 177, 968, 801, 234, 135, 271, 294, 33
483, 798, 587, 801, 10330134, 3, 10, 271, 82, 177, 968, 801, 234, 135, 271, 294, 33
483, 798, 587, 801, 10330134, 4, 10, 294, 82, 177, 968, 801, 234, 135, 271, 294, 33
578, 801, 598, 787, 10330793, 5, 11, 263, 234, 177, 968, 801, 6, 175, 217, 296, 263
578, 801, 598, 787, 10330793, 4, 11, 296, 234, 177, 968, 801, 6, 175, 217, 296, 263
578, 801, 619, 798, 10330793, 3, 11, 217, 234, 177, 968, 801, 6, 175, 217, 296, 263
578, 801, 648, 798, 10330793, 2, 11, 175, 234, 177, 968, 801, 6, 175, 217, 296, 263
578, 801, 685, 798, 10330793, 1, 11, 6, 234, 177, 968, 801, 6, 175, 217, 296, 263
685, 798, 812, 798, 10331452, 1, 12, 272, 6, 177, 968, 801, 272, 200, 225, 57, 192
685, 798, 821, 798, 10331452, 2, 12, 200, 6, 177, 968, 801, 272, 200, 225, 57, 192
812, 798, 821, 798, 10332111, 5, 13, 200, 272, 177, 968, 801, 57, 192, 51, 284, 200
812, 798, 850, 798, 10332112, 2, 13, 192, 272, 177, 968, 801, 57, 192, 51, 284, 200
812, 798, 889, 798, 10332112, 1, 13, 57, 272, 177, 968, 801, 57, 192, 51, 284, 200
812, 798, 920, 801, 10332112, 3, 13, 51, 272, 177, 968, 801, 57, 192, 51, 284, 200
812, 798, 987, 801, 10332112, 4, 13, 284, 272, 177, 968, 801, 57, 192, 51, 284, 200
889, 798, 920, 801, 10332771, 4, 14, 51, 57, 177, 968, 801, 284, 261, 291, 51, 203
889, 798, 956, 801, 10332771, 177, 14, 177, 57, 177, 968, 801, 284, 261, 291, 51, 203
201, 212, 201, 257, 11300200, 4, 1, 126, 267, 69, 801, 897, 23, 174, 27, 126, 153
201, 212, 253, 198, 11300200, 5, 1, 153, 267, 69, 801, 897, 23, 174, 27, 126, 153
201, 212, 198, 338, 11300200, 2, 1, 174, 267, 69, 801, 897, 23, 174, 27, 126, 153
198, 338, 198, 387, 11304859, 5, 2, 259, 174, 69, 801, 897, 65, 186, 265, 254, 259
198, 338, 201, 412, 11304859, 3, 2, 265, 174, 69, 801, 897, 65, 186, 265, 254, 259
198, 338, 201, 425, 11304859, 4, 2, 254, 174, 69, 801, 897, 65, 186, 265, 254, 259
198, 338, 201, 459, 11304859, 2, 2, 186, 174, 69, 801, 897, 65, 186, 265, 254, 259
201, 459, 201, 499, 11309518, 1, 3, 65, 186, 69, 801, 897, 65, 45, 172, 10000000, 10000000
201, 499, 201, 659, 11310178, 2, 4, 191, 65, 69, 801, 897, 67, 191, 45, 10, 10000000
201, 659, 198, 698, 11314837, 5, 5, 10, 191, 69, 801, 897, 279, 173, 223, 67, 10
201, 659, 201, 705, 11314837, 4, 5, 67, 191, 69, 801, 897, 279, 173, 223, 67, 10
201, 659, 201, 826, 11314838, 3, 5, 223, 191, 69, 801, 897, 279, 173, 223, 67, 10
253, 198, 294, 198, 11316859, 4, 2, 27, 153, 69, 801, 897, 178, 218, 292, 27, 112
253, 198, 344, 201, 11316859, 1, 2, 178, 153, 69, 801, 897, 178, 218, 292, 27, 112
253, 198, 412, 198, 11316859, 3, 2, 292, 153, 69, 801, 897, 178, 218, 292, 27, 112
344, 201, 412, 198, 11317518, 4, 3, 292, 178, 69, 801, 897, 88, 41, 280, 292, 268
344, 201, 413, 198, 11317518, 5, 3, 268, 178, 69, 801, 897, 88, 41, 280, 292, 268
344, 201, 510, 198, 11317519, 1, 3, 88, 178, 69, 801, 897, 88, 41, 280, 292, 268
510, 198, 541, 201, 11318178, 3, 4, 116, 88, 69, 801, 897, 266, 216, 116, 131, 41
510, 198, 575, 201, 11318178, 2, 4, 216, 88, 69, 801, 897, 266, 216, 116, 131, 41
510, 198, 587, 201, 11318178, 1, 4, 266, 88, 69, 801, 897, 266, 216, 116, 131, 41
510, 198, 660, 198, 11318178, 4, 4, 131, 88, 69, 801, 897, 266, 216, 116, 131, 41
587, 201, 743, 201, 11318837, 4, 5, 194, 266, 69, 801, 897, 47, 209, 295, 194, 249
201, 826, 201, 858, 11323497, 5, 6, 173, 223, 69, 801, 897, 130, 3, 248, 55, 173
201, 826, 201, 892, 11323497, 4, 6, 55, 223, 69, 801, 897, 130, 3, 248, 55, 173
201, 705, 201, 812, 11327496, 1, 6, 279, 67, 69, 801, 897, 279, 59, 223, 173, 55
201, 705, 201, 826, 11327497, 3, 6, 223, 67, 69, 801, 897, 279, 59, 223, 173, 55
201, 812, 227, 798, 11328156, 3, 7, 248, 279, 69, 801, 897, 3, 130, 248, 55, 173
201, 812, 201, 859, 11328156, 5, 7, 173, 279, 69, 801, 897, 3, 130, 248, 55, 173
201, 812, 260, 798, 11328156, 2, 7, 130, 279, 69, 801, 897, 3, 130, 248, 55, 173
201, 812, 201, 892, 11328156, 4, 7, 55, 279, 69, 801, 897, 3, 130, 248, 55, 173
743, 201, 772, 201, 11331496, 5, 6, 249, 194, 69, 801, 897, 120, 58, 227, 274, 249
743, 201, 801, 212, 11331497, 4, 6, 274, 194, 69, 801, 897, 120, 58, 227, 274, 249
743, 201, 801, 226, 11331497, 3, 6, 227, 194, 69, 801, 897, 120, 58, 227, 274, 249
260, 798, 289, 798, 11332815, 3, 8, 3, 130, 69, 801, 897, 196, 288, 3, 95, 258
260, 798, 304, 801, 11332815, 4, 8, 95, 130, 69, 801, 897, 196, 288, 3, 95, 258
260, 798, 342, 801, 11332815, 1, 8, 196, 130, 69, 801, 897, 196, 288, 3, 95, 258
260, 798, 386, 801, 11332815, 5, 8, 258, 130, 69, 801, 897, 196, 288, 3, 95, 258
260, 798, 387, 801, 11332815, 2, 8, 288, 130, 69, 801, 897, 196, 288, 3, 95, 258
342, 801, 375, 801, 11333474, 5, 9, 204, 196, 69, 801, 897, 82, 288, 258, 31, 204
342, 801, 386, 801, 11333474, 3, 9, 258, 196, 69, 801, 897, 82, 288, 258, 31, 204
342, 801, 387, 801, 11333474, 2, 9, 288, 196, 69, 801, 897, 82, 288, 258, 31, 204
387, 801, 401, 896, 11338133, 4, 10, 31, 288, 69, 801, 897, 271, 82, 294, 31, 163
387, 801, 497, 798, 11338133, 2, 10, 82, 288, 69, 801, 897, 271, 82, 294, 31, 163
801, 226, 801, 259, 11340156, 2, 7, 120, 227, 69, 801, 897, 58, 120, 40, 10000000, 10000000
801, 226, 801, 304, 11340156, 1, 7, 58, 227, 69, 801, 897, 58, 120, 40, 10000000, 10000000
801, 226, 798, 310, 11340156, 3, 7, 40, 227, 69, 801, 897, 58, 120, 40, 10000000, 10000000
801, 304, 798, 310, 11340815, 1, 8, 40, 58, 69, 801, 897, 40, 10000000, 10000000, 10000000, 10000000
497, 798, 538, 801, 11342793, 5, 11, 135, 82, 69, 801, 897, 217, 234, 271, 294, 135
497, 798, 572, 801, 11342793, 2, 11, 234, 82, 69, 801, 897, 217, 234, 271, 294, 135
497, 798, 587, 801, 11342793, 3, 11, 271, 82, 69, 801, 897, 217, 234, 271, 294, 135
497, 798, 587, 801, 11342793, 4, 11, 294, 82, 69, 801, 897, 217, 234, 271, 294, 135
497, 798, 625, 798, 11342793, 1, 11, 217, 82, 69, 801, 897, 217, 234, 271, 294, 135
625, 798, 661, 798, 11343452, 2, 12, 175, 217, 69, 801, 897, 6, 175, 272, 200, 192
625, 798, 700, 798, 11343452, 1, 12, 6, 217, 69, 801, 897, 6, 175, 272, 200, 192
625, 798, 812, 798, 11343453, 3, 12, 272, 217, 69, 801, 897, 6, 175, 272, 200, 192
700, 798, 812, 798, 11344112, 1, 13, 272, 6, 69, 801, 897, 272, 192, 200, 225, 69
700, 798, 828, 798, 11344112, 3, 13, 200, 6, 69, 801, 897, 272, 192, 200, 225, 69
812, 798, 801, 829, 11344771, 3, 14, 225, 272, 69, 801, 897, 69, 127, 225, 10000000, 10000000
812, 798, 801, 858, 11344771, 2, 14, 127, 272, 69, 801, 897, 69, 127, 225, 10000000, 10000000
801, 858, 801, 902, 11349430, 69, 15, 69, 127, 69, 801, 897, 69, 74, 10000000, 10000000, 10000000
1, 107, -1, 124, 12300200, 2, 1, 159, 11, 165, 798, 747, 243, 159, 170, 32, 10000000
1, 107, 1, 276, 12300200, 3, 1, 170, 11, 165, 798, 747, 243, 159, 170, 32, 10000000
-1, 124, 1, 276, 12304859, 2, 2, 170, 159, 165, 798, 747, 32, 170, 207, 64, 197
-1, 124, -1, 290, 12304859, 4, 2, 64, 159, 165, 798, 747, 32, 170, 207, 64, 197
1, 276, -1, 290, 12309518, 4, 3, 64, 170, 165, 798, 747, 43, 168, 32, 64, 56
1, 276, 1, 313, 12309518, 3, 3, 32, 170, 165, 798, 747, 43, 168, 32, 64, 56
1, 276, -1, 335, 12309518, 2, 3, 168, 170, 165, 798, 747, 43, 168, 32, 64, 56
-1, 335, -1, 497, 12314178, 4, 4, 50, 168, 165, 798, 747, 43, 245, 110, 50, 10000000
-1, 335, 1, 505, 12314178, 1, 4, 43, 168, 165, 798, 747, 43, 245, 110, 50, 10000000
1, 505, -1, 529, 12314837, 5, 5, 182, 43, 165, 798, 747, 283, 245, 157, 244, 182
1, 505, -1, 565, 12314837, 2, 5, 245, 43, 165, 798, 747, 283, 245, 157, 244, 182
1, 505, 1, 615, 12314837, 1, 5, 283, 43, 165, 798, 747, 283, 245, 157, 244, 182
1, 505, 1, 632, 12314837, 4, 5, 244, 43, 165, 798, 747, 283, 245, 157, 244, 182
1, 615, 1, 712, 12315497, 4, 6, 28, 283, 165, 798, 747, 128, 236, 34, 28, 195
1, 615, -1, 733, 12315497, 5, 6, 195, 283, 165, 798, 747, 128, 236, 34, 28, 195
318, -1, 401, 19, 13300200, 2, 1, 275, 7, 51, 901, 801, 61, 275, 231, 150, 152
401, 19, 398, 72, 13304859, 4, 2, 100, 275, 51, 901, 801, 48, 132, 152, 100, 280
401, 19, 401, 81, 13304859, 3, 2, 152, 275, 51, 901, 801, 48, 132, 152, 100, 280
401, 19, 398, 115, 13304859, 2, 2, 132, 275, 51, 901, 801, 48, 132, 152, 100, 280
401, 19, 401, 118, 13304859, 1, 2, 48, 275, 51, 901, 801, 48, 132, 152, 100, 280
401, 118, 398, 155, 13305518, 3, 3, 237, 48, 51, 901, 801, 111, 280, 237, 41, 10000000
401, 118, 398, 178, 13305518, 2, 3, 280, 48, 51, 901, 801, 111, 280, 237, 41, 10000000
398, 178, 398, 304, 13310178, 4, 4, 111, 280, 51, 901, 801, 201, 41, 112, 111, 221
398, 304, 398, 346, 13322837, 5, 5, 201, 111, 51, 901, 801, 104, 198, 255, 256, 201
398, 304, 398, 373, 13322837, 4, 5, 256, 111, 51, 901, 801, 104, 198, 255, 256, 201
398, 304, 401, 434, 13322837, 3, 5, 255, 111, 51, 901, 801, 104, 198, 255, 256, 201
398, 304, 401, 464, 13322837, 2, 5, 198, 111, 51, 901, 801, 104, 198, 255, 256, 201
401, 464, 401, 502, 13327496, 2, 6, 104, 198, 51, 901, 801, 148, 104, 24, 160, 10000000
401, 464, 401, 673, 13327497, 1, 6, 148, 198, 51, 901, 801, 148, 104, 24, 160, 10000000
401, 673, 401, 720, 13328156, 1, 7, 79, 148, 51, 901, 801, 79, 96, 156, 31, 10000000
51, 1, 138, 1, 14300200, 5, 1, 247, 38, 145, 998, 718, 243, 285, 278, 62, 247
138, 1, 226, -1, 14316859, 5, 2, 285, 247, 145, 998, 718, 164, 243, 212, 7, 285
138, 1, 253, -1, 14316859, 2, 2, 243, 247, 145, 998, 718, 164, 243, 212, 7, 285
253, -1, 264, 1, 14321518, 4, 3, 62, 243, 145, 998, 718, 7, 164, 143, 62, 98
253, -1, 300, -1, 14321518, 2, 3, 164, 243, 145, 998, 718, 7, 164, 143, 62, 98
253, -1, 303, 1, 14321518, 3, 3, 143, 243, 145, 998, 718, 7, 164, 143, 62, 98
253, -1, 330, -1, 14321518, 1, 3, 7, 243, 145, 998, 718, 7, 164, 143, 62, 98
330, -1, 401, 25, 14322178, 2, 4, 275, 7, 145, 998, 718, 61, 275, 231, 150, 152
330, -1, 462, 1, 14322178, 1, 4, 61, 7, 145, 998, 718, 61, 275, 231, 150, 152
330, -1, 502, -1, 14322178, 4, 4, 150, 7, 145, 998, 718, 61, 275, 231, 150, 152
462, 1, 502, -1, 14322837, 4, 5, 150, 61, 145, 998, 718, 253, 5, 181, 150, 91
462, 1, 514, 1, 14322837, 3, 5, 181, 61, 145, 998, 718, 253, 5, 181, 150, 91
462, 1, 542, -1, 14322837, 2, 5, 5, 61, 145, 998, 718, 253, 5, 181, 150, 91
462, 1, 542, 1, 14322837, 1, 5, 253, 61, 145, 998, 718, 253, 5, 181, 150, 91
542, 1, 662, 1, 14323497, 2, 6, 46, 253, 145, 998, 718, 105, 46, 269, 91, 149
542, 1, 729, -1, 14323497, 1, 6, 105, 253, 145, 998, 718, 105, 46, 269, 91, 149
729, -1, 773, 1, 14324156, 5, 7, 269, 105, 145, 998, 718, 73, 286, 298, 293, 269
729, -1, 787, 1, 14324156, 4, 7, 293, 105, 145, 998, 718, 73, 286, 298, 293, 269
729, -1, 787, 1, 14324156, 3, 7, 298, 105, 145, 998, 718, 73, 286, 298, 293, 269
729, -1, 826, -1, 14324156, 2, 7, 286, 105, 145, 998, 718, 73, 286, 298, 293, 269
401, 25, 401, 58, 14326837, 5, 5, 231, 275, 145, 998, 718, 48, 152, 132, 280, 231
401, 25, 401, 98, 14326837, 2, 5, 152, 275, 145, 998, 718, 48, 152, 132, 280, 231
401, 25, 398, 101, 14326837, 3, 5, 132, 275, 145, 998, 718, 48, 152, 132, 280, 231
401, 25, 401, 132, 14326837, 1, 5, 48, 275, 145, 998, 718, 48, 152, 132, 280, 231
401, 25, 398, 171, 14326837, 4, 5, 280, 275, 145, 998, 718, 48, 152, 132, 280, 231
401, 132, 398, 142, 14327496, 3, 6, 237, 48, 145, 998, 718, 111, 280, 237, 41, 10000000
401, 132, 398, 171, 14327496, 2, 6, 280, 48, 145, 998, 718, 111, 280, 237, 41, 10000000
826, -1, 859, -1, 14328815, 4, 8, 224, 286, 145, 998, 718, 26, 119, 73, 224, 246
826, -1, 885, 1, 14328815, 3, 8, 73, 286, 145, 998, 718, 26, 119, 73, 224, 246
826, -1, 904, -1, 14328815, 2, 8, 119, 286, 145, 998, 718, 26, 119, 73, 224, 246
826, -1, 928, -1, 14328815, 1, 8, 26, 286, 145, 998, 718, 26, 119, 73, 224, 246
826, -1, 951, 1, 14328815, 5, 8, 246, 286, 145, 998, 718, 26, 119, 73, 224, 246
928, -1, 907, 1, 14329474, 2, 9, 171, 26, 145, 998, 718, 246, 171, 10000000, 10000000, 10000000
928, -1, 951, 1, 14329474, 1, 9, 246, 26, 145, 998, 718, 246, 171, 10000000, 10000000, 10000000
398, 171, 401, 339, 14332156, 1, 7, 41, 280, 145, 998, 718, 41, 201, 111, 112, 221
401, 339, 398, 365, 14332815, 4, 8, 256, 41, 145, 998, 718, 104, 198, 255, 256, 10000000
401, 339, 401, 444, 14332815, 3, 8, 255, 41, 145, 998, 718, 104, 198, 255, 256, 10000000
401, 339, 401, 477, 14332815, 2, 8, 198, 41, 145, 998, 718, 104, 198, 255, 256, 10000000
401, 339, 401, 514, 14332815, 1, 8, 104, 41, 145, 998, 718, 104, 198, 255, 256, 10000000
266, -1, 291, 1, 15300200, 4, 1, 143, 243, 141, 685, 1001, 98, 7, 164, 143, 117
266, -1, 312, -1, 15300200, 3, 1, 164, 243, 141, 685, 1001, 98, 7, 164, 143, 117
266, -1, 342, -1, 15300200, 2, 1, 7, 243, 141, 685, 1001, 98, 7, 164, 143, 117
342, -1, 401, 32, 15304859, 1, 2, 275, 7, 141, 685, 1001, 275, 61, 231, 150, 117
342, -1, 449, 1, 15304859, 2, 2, 61, 7, 141, 685, 1001, 275, 61, 231, 150, 117
401, 32, 401, 72, 15305518, 5, 3, 231, 275, 141, 685, 1001, 48, 152, 132, 280, 231
401, 32, 398, 87, 15305518, 3, 3, 132, 275, 141, 685, 1001, 48, 152, 132, 280, 231
401, 32, 401, 114, 15305518, 2, 3, 152, 275, 141, 685, 1001, 48, 152, 132, 280, 231
401, 32, 401, 144, 15305518, 1, 3, 48, 275, 141, 685, 1001, 48, 152, 132, 280, 231
401, 32, 398, 161, 15305518, 4, 3, 280, 275, 141, 685, 1001, 48, 152, 132, 280, 231
401, 144, 398, 161, 15306177, 5, 4, 280, 48, 141, 685, 1001, 256, 201, 111, 41, 280
401, 144, 398, 275, 15306178, 3, 4, 111, 48, 141, 685, 1001, 256, 201, 111, 41, 280
401, 144, 398, 319, 15306178, 2, 4, 201, 48, 141, 685, 1001, 256, 201, 111, 41, 280
449, 1, 502, 1, 15309518, 5, 3, 181, 61, 141, 685, 1001, 91, 5, 253, 150, 181
449, 1, 516, -1, 15309518, 4, 3, 150, 61, 141, 685, 1001, 91, 5, 253, 150, 181
449, 1, 530, 1, 15309518, 3, 3, 253, 61, 141, 685, 1001, 91, 5, 253, 150, 181
449, 1, 555, -1, 15309518, 2, 3, 5, 61, 141, 685, 1001, 91, 5, 253, 150, 181
398, 319, 401, 352, 15310837, 5, 5, 41, 201, 141, 685, 1001, 104, 198, 255, 256, 41
398, 319, 398, 354, 15310837, 4, 5, 256, 201, 141, 685, 1001, 104, 198, 255, 256, 41
398, 319, 401, 456, 15310837, 3, 5, 255, 201, 141, 685, 1001, 104, 198, 255, 256, 41
555, -1, 598, 43, 15314178, 1, 4, 12, 5, 141, 685, 1001, 12, 188, 46, 105, 10000000
555, -1, 648, 1, 15314178, 3, 4, 46, 5, 141, 685, 1001, 12, 188, 46, 105, 10000000
555, -1, 691, 1, 15314178, 2, 4, 188, 5, 141, 685, 1001, 12, 188, 46, 105, 10000000
598, 43, 601, 113, 15314837, 2, 5, 149, 12, 141, 685, 1001, 91, 149, 266, 216, 131
598, 43, 601, 149, 15314837, 1, 5, 91, 12, 141, 685, 1001, 91, 149, 266, 216, 131
601, 149, 598, 250, 15315496, 2, 6, 47, 91, 141, 685, 1001, 187, 47, 10000000, 10000000, 10000000
601, 149, 598, 293, 15315497, 1, 6, 187, 91, 141, 685, 1001, 187, 47, 10000000, 10000000, 10000000
401, 456, 401, 489, 15319497, 2, 6, 198, 255, 141, 685, 1001, 104, 198, 10000000, 10000000, 10000000
401, 456, 401, 526, 15319497, 1, 6, 104, 255, 141, 685, 1001, 104, 198, 10000000, 10000000, 10000000
401, 526, 398, 661, 15320156, 2, 7, 108, 104, 141, 685, 1001, 148, 108, 10000000, 10000000, 10000000
648, 1, 691, 1, 15322837, 1, 5, 188, 46, 141, 685, 1001, 188, 10000000, 10000000, 10000000, 10000000
398, 661, 401, 699, 15324815, 2, 8, 148, 108, 141, 685, 1001, 79, 148, 288, 258, 204
398, 661, 401, 747, 15324815, 1, 8, 79, 108, 141, 685, 1001, 79, 148, 288, 258, 204
401, 747, 398, 860, 15325475, 1, 9, 52, 79, 141, 685, 1001, 52, 163, 288, 31, 10000000
401, 747, 398, 896, 15325475, 2, 9, 163, 79, 141, 685, 1001, 52, 163, 288, 31, 10000000
398, 860, 398, 896, 15326134, 2, 10, 163, 52, 141, 685, 1001, 31, 163, 282, 208, 176
398, 860, 401, 953, 15326134, 1, 10, 31, 52, 141, 685, 1001, 31, 163, 282, 208, 176
398, 896, 401, 953, 15330793, 2, 11, 31, 163, 141, 685, 1001, 282, 31, 208, 176, 42
1, 375, -1, 455, 16300200, 2, 1, 50, 32, 37, 798, 664, 182, 50, 43, 245, 10000000
1, 375, -1, 478, 16300200, 1, 1, 182, 32, 37, 798, 664, 182, 50, 43, 245, 10000000
-1, 478, -1, 518, 16300859, 4, 2, 245, 182, 37, 798, 664, 283, 43, 244, 245, 2
-1, 478, 1, 562, 16300859, 2, 2, 43, 182, 37, 798, 664, 283, 43, 244, 245, 2
-1, 478, -1, 631, 16300859, 5, 2, 2, 182, 37, 798, 664, 283, 43, 244, 245, 2
1, 562, -1, 631, 16305518, 3, 3, 2, 43, 37, 798, 664, 283, 195, 2, 244, 157
1, 562, 1, 643, 16305518, 1, 3, 283, 43, 37, 798, 664, 283, 195, 2, 244, 157
1, 562, 1, 679, 16305519, 4, 3, 244, 43, 37, 798, 664, 283, 195, 2, 244, 157
1, 562, -1, 685, 16305519, 2, 3, 195, 43, 37, 798, 664, 283, 195, 2, 244, 157
1, 562, 1, 725, 16305519, 5, 3, 157, 43, 37, 798, 664, 283, 195, 2, 244, 157
96, -1, 133, -1, 17300200, 5, 1, 147, 241, 291, 1001, 817, 143, 62, 60, 8, 147
96, -1, 157, -1, 17300200, 4, 1, 8, 241, 291, 1001, 817, 143, 62, 60, 8, 147
96, -1, 198, 9, 17300200, 3, 1, 60, 241, 291, 1001, 817, 143, 62, 60, 8, 147
96, -1, 266, 1, 17300200, 1, 1, 143, 241, 291, 1001, 817, 143, 62, 60, 8, 147
266, 1, 292, -1, 17300859, 5, 2, 243, 143, 291, 1001, 817, 7, 164, 61, 275, 243
266, 1, 337, -1, 17300859, 2, 2, 164, 143, 291, 1001, 817, 7, 164, 61, 275, 243
266, 1, 367, -1, 17300859, 1, 2, 7, 143, 291, 1001, 817, 7, 164, 61, 275, 243
367, -1, 398, 19, 17301519, 4, 3, 100, 7, 291, 1001, 817, 181, 275, 61, 100, 150
367, -1, 423, 1, 17301519, 3, 3, 61, 7, 291, 1001, 817, 181, 275, 61, 100, 150
367, -1, 401, 53, 17301519, 2, 3, 275, 7, 291, 1001, 817, 181, 275, 61, 100, 150
367, -1, 476, 1, 17301519, 1, 3, 181, 7, 291, 1001, 817, 181, 275, 61, 100, 150
367, -1, 544, -1, 17301519, 5, 3, 150, 7, 291, 1001, 817, 181, 275, 61, 100, 150
476, 1, 505, 1, 17302178, 4, 4, 253, 181, 291, 1001, 817, 5, 150, 46, 253, 188
476, 1, 544, -1, 17302178, 2, 4, 150, 181, 291, 1001, 817, 5, 150, 46, 253, 188
476, 1, 581, -1, 17302178, 1, 4, 5, 181, 291, 1001, 817, 5, 150, 46, 253, 188
476, 1, 622, 1, 17302178, 3, 4, 46, 181, 291, 1001, 817, 5, 150, 46, 253, 188
581, -1, 598, 19, 17302837, 3, 5, 12, 5, 291, 1001, 817, 202, 188, 12, 46, 105
581, -1, 622, 1, 17302837, 4, 5, 46, 5, 291, 1001, 817, 202, 188, 12, 46, 105
581, -1, 666, 1, 17302837, 2, 5, 188, 5, 291, 1001, 817, 202, 188, 12, 46, 105
581, -1, 703, 1, 17302838, 1, 5, 202, 5, 291, 1001, 817, 202, 188, 12, 46, 105
703, 1, 774, 1, 17303497, 5, 6, 293, 202, 291, 1001, 817, 298, 224, 286, 119, 293
703, 1, 787, 1, 17303497, 1, 6, 298, 202, 291, 1001, 817, 298, 224, 286, 119, 293
703, 1, 853, -1, 17303497, 3, 6, 286, 202, 291, 1001, 817, 298, 224, 286, 119, 293
703, 1, 895, -1, 17303497, 2, 6, 224, 202, 291, 1001, 817, 298, 224, 286, 119, 293
787, 1, 798, 26, 17304156, 3, 7, 75, 298, 291, 1001, 817, 209, 190, 75, 119, 224
787, 1, 798, 63, 17304156, 2, 7, 190, 298, 291, 1001, 817, 209, 190, 75, 119, 224
787, 1, 798, 104, 17304156, 1, 7, 209, 298, 291, 1001, 817, 209, 190, 75, 119, 224
787, 1, 895, -1, 17304156, 5, 7, 224, 298, 291, 1001, 817, 209, 190, 75, 119, 224
787, 1, 944, -1, 17304156, 4, 7, 119, 298, 291, 1001, 817, 209, 190, 75, 119, 224
798, 104, 798, 237, 17304816, 4, 8, 40, 209, 291, 1001, 817, 227, 274, 120, 40, 295
798, 104, 801, 255, 17304816, 2, 8, 274, 209, 291, 1001, 817, 227, 274, 120, 40, 295
401, 53, 401, 101, 17306178, 4, 4, 231, 275, 291, 1001, 817, 48, 152, 280, 231, 237
401, 53, 398, 101, 17306178, 5, 4, 237, 275, 291, 1001, 817, 48, 152, 280, 231, 237
401, 53, 398, 135, 17306178, 3, 4, 280, 275, 291, 1001, 817, 48, 152, 280, 231, 237
401, 53, 401, 142, 17306178, 2, 4, 152, 275, 291, 1001, 817, 48, 152, 280, 231, 237
401, 53, 401, 169, 17306178, 1, 4, 48, 275, 291, 1001, 817, 48, 152, 280, 231, 237
401, 169, 398, 246, 17306837, 2, 5, 111, 48, 291, 1001, 817, 201, 111, 256, 41, 10000000
401, 169, 398, 294, 17306837, 1, 5, 201, 48, 291, 1001, 817, 201, 111, 256, 41, 10000000
401, 169, 398, 328, 17306838, 3, 5, 256, 48, 291, 1001, 817, 201, 111, 256, 41, 10000000
398, 294, 398, 328, 17307497, 5, 6, 256, 201, 291, 1001, 817, 255, 198, 41, 104, 256
398, 294, 401, 377, 17307497, 3, 6, 41, 201, 291, 1001, 817, 255, 198, 41, 104, 256
801, 255, 801, 300, 17309475, 4, 9, 227, 274, 291, 1001, 817, 87, 58, 120, 227, 10000000
801, 255, 801, 348, 17309475, 3, 9, 120, 274, 291, 1001, 817, 87, 58, 120, 227, 10000000
801, 255, 801, 396, 17309475, 2, 9, 58, 274, 291, 1001, 817, 87, 58, 120, 227, 10000000
801, 255, 798, 428, 17309475, 1, 9, 87, 274, 291, 1001, 817, 87, 58, 120, 227, 10000000
798, 428, 798, 475, 17310134, 2, 10, 140, 87, 291, 1001, 817, 238, 140, 273, 125, 94
598, 19, 601, 142, 17311497, 2, 6, 149, 12, 291, 1001, 817, 91, 149, 47, 266, 10000000
598, 19, 601, 175, 17311497, 1, 6, 91, 12, 291, 1001, 817, 91, 149, 47, 266, 10000000
601, 175, 588, 198, 17312156, 3, 7, 88, 91, 291, 1001, 817, 187, 47, 88, 10000000, 10000000
601, 175, 598, 223, 17312156, 2, 7, 47, 91, 291, 1001, 817, 187, 47, 88, 10000000, 10000000
601, 175, 598, 267, 17312156, 1, 7, 187, 91, 291, 1001, 817, 187, 47, 88, 10000000, 10000000
598, 267, 598, 428, 17312816, 1, 8, 85, 187, 291, 1001, 817, 85, 124, 21, 138, 10000000
598, 428, 598, 462, 17313475, 5, 9, 124, 85, 291, 1001, 817, 21, 287, 19, 220, 124
598, 428, 598, 508, 17313475, 4, 9, 220, 85, 291, 1001, 817, 21, 287, 19, 220, 124
598, 428, 598, 541, 17313475, 2, 9, 287, 85, 291, 1001, 817, 21, 287, 19, 220, 124
798, 475, 798, 676, 17314794, 3, 11, 165, 140, 291, 1001, 817, 238, 125, 165, 273, 37
401, 377, 401, 484, 17316156, 3, 7, 255, 41, 291, 1001, 817, 104, 198, 255, 10000000, 10000000
401, 377, 401, 516, 17316156, 2, 7, 198, 41, 291, 1001, 817, 104, 198, 255, 10000000, 10000000
944, -1, 922, 1, 17316815, 3, 8, 246, 119, 291, 1001, 817, 78, 26, 246, 10000000, 10000000
944, -1, 968, -1, 17316815, 2, 8, 26, 119, 291, 1001, 817, 78, 26, 246, 10000000, 10000000
944, -1, 998, 18, 17316816, 1, 8, 78, 119, 291, 1001, 817, 78, 26, 246, 10000000, 10000000
998, 18, 998, 58, 17317475, 3, 9, 129, 78, 291, 1001, 817, 14, 155, 129, 92, 10000000
998, 18, 1001, 132, 17317475, 2, 9, 155, 78, 291, 1001, 817, 14, 155, 129, 92, 10000000
998, 18, 1001, 160, 17317475, 1, 9, 14, 78, 291, 1001, 817, 14, 155, 129, 92, 10000000
998, 18, 998, 211, 17317475, 4, 9, 92, 78, 291, 1001, 817, 14, 155, 129, 92, 10000000
1001, 160, 998, 211, 17318134, 2, 10, 92, 14, 291, 1001, 817, 115, 92, 10000000, 10000000, 10000000
598, 541, 598, 611, 17318134, 2, 10, 19, 287, 291, 1001, 817, 213, 19, 263, 4, 185
1001, 160, 998, 248, 17318134, 1, 10, 115, 14, 291, 1001, 817, 115, 92, 10000000, 10000000, 10000000
598, 541, 598, 672, 17318134, 5, 10, 185, 287, 291, 1001, 817, 213, 19, 263, 4, 185
598, 541, 598, 694, 17318134, 1, 10, 213, 287, 291, 1001, 817, 213, 19, 263, 4, 185
598, 694, 598, 741, 17318794, 5, 11, 263, 213, 291, 1001, 817, 294, 4, 296, 109, 263
598, 694, 598, 771, 17318794, 3, 11, 296, 213, 291, 1001, 817, 294, 4, 296, 109, 263
598, 694, 601, 781, 17318794, 2, 11, 4, 213, 291, 1001, 817, 294, 4, 296, 109, 263
598, 694, 598, 834, 17318794, 4, 11, 109, 213, 291, 1001, 817, 294, 4, 296, 109, 263
401, 516, 401, 549, 17320815, 2, 8, 104, 198, 291, 1001, 817, 108, 104, 160, 10000000, 10000000
401, 516, 398, 634, 17320816, 1, 8, 108, 198, 291, 1001, 817, 108, 104, 160, 10000000, 10000000
398, 634, 401, 724, 17321475, 5, 9, 148, 108, 291, 1001, 817, 288, 258, 204, 79, 148
398, 634, 401, 774, 17321475, 4, 9, 79, 108, 291, 1001, 817, 288, 258, 204, 79, 148
801, 300, 801, 348, 17322134, 3, 10, 120, 227, 291, 1001, 817, 87, 58, 120, 10000000, 10000000
801, 300, 801, 396, 17322134, 2, 10, 58, 227, 291, 1001, 817, 87, 58, 120, 10000000, 10000000
801, 300, 798, 428, 17322134, 1, 10, 87, 227, 291, 1001, 817, 87, 58, 120, 10000000, 10000000
798, 428, 798, 475, 17322793, 2, 11, 140, 87, 291, 1001, 817, 238, 140, 273, 125, 94
798, 676, 801, 692, 17323453, 5, 12, 238, 165, 291, 1001, 817, 94, 125, 272, 225, 238
798, 676, 801, 734, 17323453, 2, 12, 125, 165, 291, 1001, 817, 94, 125, 272, 225, 238
798, 676, 801, 773, 17323453, 1, 12, 94, 165, 291, 1001, 817, 94, 125, 272, 225, 238
801, 773, 798, 827, 17324113, 1, 13, 74, 94, 291, 1001, 817, 74, 10000000, 10000000, 10000000, 10000000
922, 1, 969, -1, 17325475, 4, 9, 26, 246, 291, 1001, 817, 155, 14, 78, 26, 10000000
598, 771, 601, 781, 17327453, 4, 12, 4, 296, 291, 1001, 817, 217, 175, 6, 4, 109
798, 475, 798, 636, 17327453, 5, 12, 37, 140, 291, 1001, 817, 238, 125, 165, 273, 37
598, 771, 598, 834, 17327453, 5, 12, 109, 296, 291, 1001, 817, 217, 175, 6, 4, 109
969, -1, 998, 18, 17338134, 1, 10, 78, 26, 291, 1001, 817, 78, 10000000, 10000000, 10000000, 10000000
401, 724, 401, 774, 17338134, 1, 10, 79, 148, 291, 1001, 817, 79, 52, 163, 10000000, 10000000
401, 724, 398, 834, 17338134, 2, 10, 52, 148, 291, 1001, 817, 79, 52, 163, 10000000, 10000000
998, 18, 998, 57, 17338793, 3, 11, 129, 78, 291, 1001, 817, 14, 155, 129, 92, 10000000
998, 18, 1001, 160, 17338793, 1, 11, 14, 78, 291, 1001, 817, 14, 155, 129, 92, 10000000
1001, 160, 998, 210, 17339452, 2, 12, 92, 14, 291, 1001, 817, 115, 92, 10000000, 10000000, 10000000
1001, 160, 998, 248, 17339452, 1, 12, 115, 14, 291, 1001, 817, 115, 92, 10000000, 10000000, 10000000
398, 834, 401, 774, 17342793, 1, 11, 79, 52, 291, 1001, 817, 79, 10000000, 10000000, 10000000, 10000000
798, 636, 798, 675, 17344112, 5, 13, 165, 37, 291, 1001, 817, 94, 125, 74, 238, 165
598, 834, 601, 781, 17344112, 1, 13, 4, 109, 291, 1001, 817, 4, 10000000, 10000000, 10000000, 10000000
798, 636, 801, 692, 17344112, 4, 13, 238, 37, 291, 1001, 817, 94, 125, 74, 238, 165
798, 636, 801, 734, 17344112, 2, 13, 125, 37, 291, 1001, 817, 94, 125, 74, 238, 165
798, 636, 801, 774, 17344112, 1, 13, 94, 37, 291, 1001, 817, 94, 125, 74, 238, 165
801, 774, 798, 827, 17344772, 1, 14, 74, 94, 291, 1001, 817, 74, 10000000, 10000000, 10000000, 10000000
1, 367, 2, 394, 18300200, 3, 1, 32, 170, 200, 894, 798, 245, 50, 32, 182, 43
1, 367, -1, 433, 18300200, 2, 1, 50, 170, 200, 894, 798, 245, 50, 32, 182, 43
1, 367, -1, 455, 18300200, 4, 1, 182, 170, 200, 894, 798, 245, 50, 32, 182, 43
-1, 433, -1, 493, 18304859, 4, 2, 245, 50, 200, 894, 798, 103, 43, 2, 245, 283
-1, 433, 9, 601, 18304859, 1, 2, 103, 50, 200, 894, 798, 103, 43, 2, 245, 283
9, 601, 109, 598, 18305519, 4, 3, 236, 103, 200, 894, 798, 34, 128, 20, 236, 157
9, 601, 150, 598, 18305519, 2, 3, 128, 103, 200, 894, 798, 34, 128, 20, 236, 157
9, 601, 1, 751, 18305519, 5, 3, 157, 103, 200, 894, 798, 34, 128, 20, 236, 157
9, 601, 172, 598, 18305519, 1, 3, 34, 103, 200, 894, 798, 34, 128, 20, 236, 157
9, 601, 216, 601, 18305519, 3, 3, 20, 103, 200, 894, 798, 34, 128, 20, 236, 157
172, 598, 198, 596, 18306178, 3, 4, 10, 34, 200, 894, 798, 20, 65, 10, 107, 10000000
172, 598, 201, 595, 18306178, 2, 4, 65, 34, 200, 894, 798, 20, 65, 10, 107, 10000000
172, 598, 216, 601, 18306178, 1, 4, 20, 34, 200, 894, 798, 20, 65, 10, 107, 10000000
216, 601, 379, 598, 18306838, 1, 5, 107, 20, 200, 894, 798, 107, 16, 156, 96, 10000000
379, 598, 398, 621, 18307497, 2, 6, 108, 107, 200, 894, 798, 167, 108, 16, 156, 10000000
379, 598, 410, 601, 18307497, 3, 6, 16, 107, 200, 894, 798, 167, 108, 16, 156, 10000000
379, 598, 460, 601, 18307497, 1, 6, 167, 107, 200, 894, 798, 167, 108, 16, 156, 10000000
460, 601, 564, 598, 18308156, 3, 7, 156, 167, 200, 894, 798, 19, 96, 156, 90, 250
460, 601, 586, 598, 18308156, 2, 7, 96, 167, 200, 894, 798, 19, 96, 156, 90, 250
460, 601, 598, 605, 18308156, 1, 7, 19, 167, 200, 894, 798, 19, 96, 156, 90, 250
598, 605, 666, 601, 18308815, 4, 8, 137, 19, 200, 894, 798, 122, 250, 228, 137, 263
598, 605, 692, 601, 18308816, 3, 8, 228, 19, 200, 894, 798, 122, 250, 228, 137, 263
598, 605, 706, 598, 18308816, 2, 8, 250, 19, 200, 894, 798, 122, 250, 228, 137, 263
598, 605, 598, 728, 18308816, 5, 8, 263, 19, 200, 894, 798, 122, 250, 228, 137, 263
598, 605, 740, 598, 18308816, 1, 8, 122, 19, 200, 894, 798, 122, 250, 228, 137, 263
740, 598, 784, 598, 18309475, 4, 9, 84, 122, 200, 894, 798, 233, 37, 183, 84, 70
740, 598, 798, 625, 18309475, 2, 9, 37, 122, 200, 894, 798, 233, 37, 183, 84, 70
740, 598, 817, 601, 18309475, 5, 9, 70, 122, 200, 894, 798, 233, 37, 183, 84, 70
740, 598, 842, 601, 18309475, 3, 9, 183, 122, 200, 894, 798, 233, 37, 183, 84, 70
398, 621, 401, 736, 18312156, 2, 7, 148, 108, 200, 894, 798, 79, 148, 52, 288, 258
798, 625, 798, 664, 18314134, 4, 10, 165, 37, 200, 894, 798, 94, 125, 238, 165, 74
798, 625, 801, 704, 18314134, 3, 10, 238, 37, 200, 894, 798, 94, 125, 238, 165, 74
798, 625, 801, 746, 18314134, 2, 10, 125, 37, 200, 894, 798, 94, 125, 238, 165, 74
798, 625, 801, 786, 18314134, 1, 10, 94, 37, 200, 894, 798, 94, 125, 238, 165, 74
401, 736, 401, 787, 18316815, 1, 8, 79, 148, 200, 894, 798, 79, 10000000, 10000000, 10000000, 10000000
401, 787, 428, 801, 18317474, 1, 9, 33, 79, 200, 894, 798, 33, 10000000, 10000000, 10000000, 10000000
428, 801, 450, 801, 18318133, 5, 10, 135, 33, 200, 894, 798, 82, 294, 271, 234, 135
428, 801, 482, 801, 18318133, 4, 10, 234, 33, 200, 894, 798, 82, 294, 271, 234, 135
428, 801, 532, 801, 18318134, 3, 10, 271, 33, 200, 894, 798, 82, 294, 271, 234, 135
428, 801, 566, 801, 18318134, 2, 10, 294, 33, 200, 894, 798, 82, 294, 271, 234, 135
842, 601, 893, 601, 18318134, 1, 10, 233, 183, 200, 894, 798, 233, 139, 232, 10000000, 10000000
801, 746, 801, 786, 18318793, 1, 11, 94, 125, 200, 894, 798, 94, 74, 10000000, 10000000, 10000000
801, 746, 798, 813, 18318794, 2, 11, 74, 125, 200, 894, 798, 94, 74, 10000000, 10000000, 10000000
1, 751, 1, 791, 18322178, 3, 4, 28, 157, 200, 894, 798, 299, 68, 28, 10000000, 10000000
1, 751, 12, 798, 18322178, 1, 4, 299, 157, 200, 894, 798, 299, 68, 28, 10000000, 10000000
1, 751, 8, 801, 18322178, 2, 4, 68, 157, 200, 894, 798, 299, 68, 28, 10000000, 10000000
566, 801, 598, 821, 18322793, 4, 11, 109, 294, 200, 894, 798, 217, 175, 6, 109, 296
566, 801, 703, 798, 18322793, 1, 11, 217, 294, 200, 894, 798, 217, 175, 6, 109, 296
12, 798, 113, 798, 18322837, 5, 5, 210, 299, 200, 894, 798, 196, 67, 189, 77, 210
12, 798, 140, 798, 18322837, 3, 5, 189, 299, 200, 894, 798, 196, 67, 189, 77, 210
798, 813, 801, 786, 18323453, 1, 12, 94, 74, 200, 894, 798, 94, 10000000, 10000000, 10000000, 10000000
703, 798, 852, 801, 18323453, 5, 12, 177, 217, 200, 894, 798, 51, 6, 175, 272, 177
703, 798, 865, 798, 18323453, 4, 12, 272, 217, 200, 894, 798, 51, 6, 175, 272, 177
598, 728, 598, 762, 18325475, 5, 9, 296, 263, 200, 894, 798, 4, 217, 109, 175, 296
598, 728, 601, 788, 18325475, 1, 9, 4, 263, 200, 894, 798, 4, 217, 109, 175, 296
598, 728, 598, 821, 18325475, 3, 9, 109, 263, 200, 894, 798, 4, 217, 109, 175, 296
140, 798, 190, 798, 18331497, 4, 6, 77, 189, 200, 894, 798, 204, 67, 196, 77, 95
140, 798, 201, 792, 18331497, 2, 6, 67, 189, 200, 894, 798, 204, 67, 196, 77, 95
140, 798, 212, 801, 18331497, 5, 6, 95, 189, 200, 894, 798, 204, 67, 196, 77, 95
140, 798, 240, 801, 18331497, 3, 6, 196, 189, 200, 894, 798, 204, 67, 196, 77, 95
598, 821, 601, 789, 18334134, 1, 10, 4, 109, 200, 894, 798, 4, 10000000, 10000000, 10000000, 10000000
865, 798, 890, 801, 18336112, 1, 13, 229, 272, 200, 894, 798, 229, 200, 10000000, 10000000, 10000000
865, 798, 912, 798, 18336112, 200, 13, 200, 272, 200, 894, 798, 229, 200, 10000000, 10000000, 10000000
41, 1, 158, -1, 19300200, 4, 1, 147, 144, 242, 896, 1001, 8, 285, 60, 147, 62
41, 1, 180, -1, 19300200, 1, 1, 8, 144, 242, 896, 1001, 8, 285, 60, 147, 62
41, 1, 196, 1, 19300200, 5, 1, 62, 144, 242, 896, 1001, 8, 285, 60, 147, 62
180, -1, 198, 32, 19300859, 4, 2, 180, 8, 242, 896, 1001, 278, 285, 243, 180, 143
180, -1, 240, 1, 19300859, 5, 2, 143, 8, 242, 896, 1001, 278, 285, 243, 180, 143
180, -1, 201, 79, 19300859, 1, 2, 278, 8, 242, 896, 1001, 278, 285, 243, 180, 143
180, -1, 283, -1, 19300859, 2, 2, 285, 8, 242, 896, 1001, 278, 285, 243, 180, 143
201, 79, 201, 178, 19301519, 5, 3, 98, 278, 242, 896, 1001, 267, 174, 13, 56, 98
201, 79, 192, 198, 19301519, 4, 3, 56, 278, 242, 896, 1001, 267, 174, 13, 56, 98
201, 79, 199, 204, 19301519, 3, 3, 13, 278, 242, 896, 1001, 267, 174, 13, 56, 98
201, 79, 198, 228, 19301519, 2, 3, 174, 278, 242, 896, 1001, 267, 174, 13, 56, 98
283, -1, 362, -1, 19305519, 4, 3, 164, 285, 242, 896, 1001, 100, 7, 61, 164, 275
283, -1, 391, -1, 19305519, 2, 3, 7, 285, 242, 896, 1001, 100, 7, 61, 164, 275
283, -1, 398, 8, 19305519, 1, 3, 100, 285, 242, 896, 1001, 100, 7, 61, 164, 275
283, -1, 405, 2, 19305519, 3, 3, 61, 285, 242, 896, 1001, 100, 7, 61, 164, 275
398, 8, 401, 80, 19306178, 5, 4, 275, 100, 242, 896, 1001, 48, 152, 231, 280, 275
398, 8, 398, 104, 19306178, 4, 4, 280, 100, 242, 896, 1001, 48, 152, 231, 280, 275
198, 228, 198, 322, 19306178, 5, 4, 259, 174, 242, 896, 1001, 18, 23, 126, 265, 259
398, 8, 401, 130, 19306178, 3, 4, 231, 100, 242, 896, 1001, 48, 152, 231, 280, 275
198, 228, 201, 371, 19306178, 3, 4, 126, 174, 242, 896, 1001, 18, 23, 126, 265, 259
398, 8, 401, 170, 19306178, 2, 4, 152, 100, 242, 896, 1001, 48, 152, 231, 280, 275
198, 228, 208, 401, 19306178, 1, 4, 18, 174, 242, 896, 1001, 18, 23, 126, 265, 259
208, 401, 201, 523, 19306838, 4, 5, 254, 18, 242, 896, 1001, 45, 186, 251, 254, 172
208, 401, 373, 398, 19306838, 5, 5, 172, 18, 242, 896, 1001, 45, 186, 251, 254, 172
208, 401, 201, 568, 19306838, 2, 5, 186, 18, 242, 896, 1001, 45, 186, 251, 254, 172
401, 170, 391, 198, 19310837, 5, 5, 27, 152, 242, 896, 1001, 256, 201, 111, 49, 27
401, 170, 412, 201, 19310837, 4, 5, 49, 152, 242, 896, 1001, 256, 201, 111, 49, 27
401, 170, 398, 222, 19310837, 3, 5, 111, 152, 242, 896, 1001, 256, 201, 111, 49, 27
401, 170, 398, 268, 19310838, 2, 5, 201, 152, 242, 896, 1001, 256, 201, 111, 49, 27
401, 170, 398, 301, 19310838, 1, 5, 256, 152, 242, 896, 1001, 256, 201, 111, 49, 27
201, 568, 198, 582, 19311497, 4, 6, 10, 186, 242, 896, 1001, 95, 65, 20, 10, 191
201, 568, 210, 601, 19311497, 3, 6, 20, 186, 242, 896, 1001, 95, 65, 20, 10, 191
398, 301, 391, 398, 19311497, 3, 6, 45, 256, 242, 896, 1001, 255, 41, 45, 198, 104
201, 568, 201, 609, 19311497, 2, 6, 65, 186, 242, 896, 1001, 95, 65, 20, 10, 191
201, 609, 210, 601, 19316156, 3, 7, 20, 65, 242, 896, 1001, 67, 77, 20, 191, 10000000
201, 609, 201, 768, 19316157, 4, 7, 191, 65, 242, 896, 1001, 67, 77, 20, 191, 10000000
201, 609, 200, 794, 19316157, 1, 7, 67, 65, 242, 896, 1001, 67, 77, 20, 191, 10000000
200, 794, 228, 801, 19316816, 5, 8, 196, 67, 242, 896, 1001, 248, 258, 204, 130, 196
200, 794, 278, 801, 19316816, 3, 8, 204, 67, 242, 896, 1001, 248, 258, 204, 130, 196
200, 794, 320, 801, 19316816, 2, 8, 258, 67, 242, 896, 1001, 248, 258, 204, 130, 196
391, 398, 401, 403, 19320156, 4, 7, 41, 45, 242, 896, 1001, 198, 160, 138, 41, 53
391, 398, 411, 401, 19320156, 5, 7, 53, 45, 242, 896, 1001, 198, 160, 138, 41, 53
391, 398, 435, 401, 19320156, 3, 7, 138, 45, 242, 896, 1001, 198, 160, 138, 41, 53
391, 398, 401, 542, 19320156, 1, 7, 198, 45, 242, 896, 1001, 198, 160, 138, 41, 53
401, 542, 401, 573, 19320816, 3, 8, 104, 198, 242, 896, 1001, 16, 108, 104, 10000000, 10000000
401, 542, 406, 600, 19320816, 1, 8, 16, 198, 242, 896, 1001, 16, 108, 104, 10000000, 10000000
401, 542, 398, 608, 19320816, 2, 8, 108, 198, 242, 896, 1001, 16, 108, 104, 10000000, 10000000
406, 600, 575, 598, 19321475, 3, 9, 156, 16, 242, 896, 1001, 21, 52, 156, 96, 148
320, 801, 389, 798, 19321475, 4, 9, 3, 258, 242, 896, 1001, 135, 33, 79, 3, 234
320, 801, 401, 800, 19321475, 3, 9, 79, 258, 242, 896, 1001, 135, 33, 79, 3, 234
320, 801, 417, 801, 19321475, 2, 9, 33, 258, 242, 896, 1001, 135, 33, 79, 3, 234
320, 801, 438, 801, 19321475, 1, 9, 135, 258, 242, 896, 1001, 135, 33, 79, 3, 234
438, 801, 468, 801, 19322135, 5, 10, 234, 135, 242, 896, 1001, 109, 82, 294, 271, 234
438, 801, 519, 801, 19322135, 4, 10, 271, 135, 242, 896, 1001, 109, 82, 294, 271, 234
438, 801, 598, 808, 19322135, 1, 10, 109, 135, 242, 896, 1001, 109, 82, 294, 271, 234
598, 808, 717, 798, 19322794, 2, 11, 217, 109, 242, 896, 1001, 94, 217, 36, 42, 10000000
401, 80, 401, 131, 19322837, 4, 5, 231, 275, 242, 896, 1001, 27, 48, 152, 231, 111
401, 80, 401, 170, 19322837, 3, 5, 152, 275, 242, 896, 1001, 27, 48, 152, 231, 111
401, 80, 401, 191, 19322837, 2, 5, 48, 275, 242, 896, 1001, 27, 48, 152, 231, 111
401, 80, 391, 198, 19322837, 1, 5, 27, 275, 242, 896, 1001, 27, 48, 152, 231, 111
401, 80, 398, 222, 19322837, 5, 5, 111, 275, 242, 896, 1001, 27, 48, 152, 231, 111
391, 198, 398, 268, 19323497, 4, 6, 201, 27, 242, 896, 1001, 256, 266, 88, 201, 216
391, 198, 398, 301, 19323497, 1, 6, 256, 27, 242, 896, 1001, 256, 266, 88, 201, 216
412, 201, 516, 201, 19323497, 5, 6, 266, 49, 242, 896, 1001, 91, 88, 112, 86, 266
373, 398, 391, 398, 19323497, 5, 6, 45, 172, 242, 896, 1001, 138, 53, 41, 24, 45
373, 398, 401, 403, 19323497, 3, 6, 41, 172, 242, 896, 1001, 138, 53, 41, 24, 45
373, 398, 411, 401, 19323497, 2, 6, 53, 172, 242, 896, 1001, 138, 53, 41, 24, 45
373, 398, 435, 401, 19323497, 1, 6, 138, 172, 242, 896, 1001, 138, 53, 41, 24, 45
435, 401, 548, 398, 19324156, 3, 7, 160, 138, 242, 896, 1001, 85, 24, 160, 81, 118
435, 401, 591, 398, 19324157, 2, 7, 24, 138, 242, 896, 1001, 85, 24, 160, 81, 118
435, 401, 638, 401, 19324157, 5, 7, 118, 138, 242, 896, 1001, 85, 24, 160, 81, 118
717, 798, 771, 798, 19327454, 5, 12, 175, 217, 242, 896, 1001, 51, 74, 94, 6, 175
717, 798, 791, 798, 19327454, 4, 12, 6, 217, 242, 896, 1001, 51, 74, 94, 6, 175
717, 798, 798, 799, 19327454, 2, 12, 74, 217, 242, 896, 1001, 51, 74, 94, 6, 175
717, 798, 802, 794, 19327454, 3, 12, 94, 217, 242, 896, 1001, 51, 74, 94, 6, 175
717, 798, 818, 801, 19327454, 1, 12, 51, 217, 242, 896, 1001, 51, 74, 94, 6, 175
401, 191, 391, 198, 19327496, 1, 6, 27, 48, 242, 896, 1001, 27, 221, 201, 216, 268
401, 191, 398, 268, 19327497, 3, 6, 201, 48, 242, 896, 1001, 27, 221, 201, 216, 268
401, 191, 480, 201, 19327497, 4, 6, 216, 48, 242, 896, 1001, 27, 221, 201, 216, 268
401, 191, 486, 198, 19327497, 5, 6, 268, 48, 242, 896, 1001, 27, 221, 201, 216, 268
401, 191, 518, 198, 19327497, 2, 6, 221, 48, 242, 896, 1001, 27, 221, 201, 216, 268
818, 801, 840, 801, 19328113, 5, 13, 177, 51, 242, 896, 1001, 284, 229, 272, 200, 177
818, 801, 876, 801, 19328113, 2, 13, 229, 51, 242, 896, 1001, 284, 229, 272, 200, 177
818, 801, 878, 798, 19328113, 3, 13, 272, 51, 242, 896, 1001, 284, 229, 272, 200, 177
818, 801, 917, 801, 19328113, 1, 13, 284, 51, 242, 896, 1001, 284, 229, 272, 200, 177
818, 801, 926, 798, 19328113, 4, 13, 200, 51, 242, 896, 1001, 284, 229, 272, 200, 177
391, 198, 398, 268, 19328156, 3, 7, 201, 27, 242, 896, 1001, 256, 266, 201, 88, 216
391, 198, 480, 201, 19328156, 5, 7, 216, 27, 242, 896, 1001, 256, 266, 201, 88, 216
391, 198, 593, 200, 19328156, 4, 7, 88, 27, 242, 896, 1001, 256, 266, 201, 88, 216
591, 398, 598, 435, 19328816, 4, 8, 124, 24, 242, 896, 1001, 220, 211, 287, 124, 114
591, 398, 598, 484, 19328816, 1, 8, 220, 24, 242, 896, 1001, 220, 211, 287, 124, 114
591, 398, 698, 401, 19328816, 2, 8, 211, 24, 242, 896, 1001, 220, 211, 287, 124, 114
591, 398, 598, 516, 19328816, 3, 8, 287, 24, 242, 896, 1001, 220, 211, 287, 124, 114
598, 484, 598, 516, 19329475, 5, 9, 287, 220, 242, 896, 1001, 90, 19, 21, 96, 287
598, 484, 601, 592, 19329475, 3, 9, 21, 220, 242, 896, 1001, 90, 19, 21, 96, 287
598, 484, 592, 597, 19329475, 4, 9, 96, 220, 242, 896, 1001, 90, 19, 21, 96, 287
598, 484, 600, 601, 19329475, 2, 9, 19, 220, 242, 896, 1001, 90, 19, 21, 96, 287
598, 484, 608, 601, 19329475, 1, 9, 90, 220, 242, 896, 1001, 90, 19, 21, 96, 287
608, 601, 753, 598, 19330135, 4, 10, 122, 90, 242, 896, 1001, 84, 296, 70, 122, 273
608, 601, 598, 751, 19330135, 2, 10, 296, 90, 242, 896, 1001, 84, 296, 70, 122, 273
608, 601, 791, 598, 19330135, 1, 10, 84, 90, 242, 896, 1001, 84, 296, 70, 122, 273
791, 598, 798, 613, 19330794, 5, 11, 37, 84, 242, 896, 1001, 74, 238, 165, 233, 37
791, 598, 798, 652, 19330794, 3, 11, 165, 84, 242, 896, 1001, 74, 238, 165, 233, 37
791, 598, 881, 601, 19330794, 4, 11, 233, 84, 242, 896, 1001, 74, 238, 165, 233, 37
791, 598, 801, 717, 19330794, 2, 11, 238, 84, 242, 896, 1001, 74, 238, 165, 233, 37
401, 403, 411, 401, 19332156, 3, 7, 53, 41, 242, 896, 1001, 160, 255, 53, 198, 104
401, 403, 401, 514, 19332156, 2, 7, 255, 41, 242, 896, 1001, 160, 255, 53, 198, 104
401, 403, 401, 542, 19332156, 4, 7, 198, 41, 242, 896, 1001, 160, 255, 53, 198, 104
401, 403, 548, 398, 19332156, 1, 7, 160, 41, 242, 896, 1001, 160, 255, 53, 198, 104
401, 403, 401, 573, 19332157, 5, 7, 104, 41, 242, 896, 1001, 160, 255, 53, 198, 104
548, 398, 598, 410, 19332816, 4, 8, 85, 160, 242, 896, 1001, 260, 211, 118, 85, 81
548, 398, 613, 401, 19332816, 5, 8, 81, 160, 242, 896, 1001, 260, 211, 118, 85, 81
548, 398, 637, 401, 19332816, 3, 8, 118, 160, 242, 896, 1001, 260, 211, 118, 85, 81
228, 801, 320, 801, 19333475, 5, 9, 258, 196, 242, 896, 1001, 288, 130, 248, 3, 258
228, 801, 334, 798, 19333475, 3, 9, 248, 196, 242, 896, 1001, 288, 130, 248, 3, 258
698, 401, 754, 398, 19333475, 5, 9, 114, 211, 242, 896, 1001, 87, 35, 58, 76, 114
228, 801, 355, 801, 19333475, 1, 9, 288, 196, 242, 896, 1001, 288, 130, 248, 3, 258
228, 801, 358, 798, 19333475, 2, 9, 130, 196, 242, 896, 1001, 288, 130, 248, 3, 258
228, 801, 389, 798, 19333475, 4, 9, 3, 196, 242, 896, 1001, 288, 130, 248, 3, 258
698, 401, 798, 407, 19333475, 1, 9, 87, 211, 242, 896, 1001, 87, 35, 58, 76, 114
698, 401, 818, 401, 19333475, 4, 9, 76, 211, 242, 896, 1001, 87, 35, 58, 76, 114
389, 798, 417, 801, 19334134, 4, 10, 33, 3, 242, 896, 1001, 294, 271, 234, 33, 163
798, 407, 801, 427, 19334134, 3, 10, 58, 87, 242, 896, 1001, 84, 140, 58, 238, 125
798, 407, 798, 454, 19334134, 2, 10, 140, 87, 242, 896, 1001, 84, 140, 58, 238, 125
389, 798, 468, 801, 19334135, 3, 10, 234, 3, 242, 896, 1001, 294, 271, 234, 33, 163
389, 798, 518, 801, 19334135, 2, 10, 271, 3, 242, 896, 1001, 294, 271, 234, 33, 163
389, 798, 555, 801, 19334135, 1, 10, 294, 3, 242, 896, 1001, 294, 271, 234, 33, 163
801, 717, 801, 759, 19335453, 3, 12, 125, 238, 242, 896, 1001, 74, 94, 125, 225, 6
801, 717, 802, 794, 19335454, 2, 12, 94, 238, 242, 896, 1001, 74, 94, 125, 225, 6
801, 717, 791, 798, 19335454, 5, 12, 6, 238, 242, 896, 1001, 74, 94, 125, 225, 6
801, 717, 798, 799, 19335454, 1, 12, 74, 238, 242, 896, 1001, 74, 94, 125, 225, 6
798, 799, 801, 921, 19336113, 4, 13, 225, 74, 242, 896, 1001, 80, 127, 69, 225, 229
401, 514, 401, 542, 19336815, 3, 8, 198, 255, 242, 896, 1001, 104, 108, 198, 16, 10000000
401, 514, 401, 573, 19336816, 1, 8, 104, 255, 242, 896, 1001, 104, 108, 198, 16, 10000000
401, 514, 406, 600, 19336816, 4, 8, 16, 255, 242, 896, 1001, 104, 108, 198, 16, 10000000
401, 514, 398, 607, 19336816, 2, 8, 108, 255, 242, 896, 1001, 104, 108, 198, 16, 10000000
401, 573, 406, 600, 19337475, 3, 9, 16, 104, 242, 896, 1001, 108, 79, 16, 148, 10000000
401, 573, 398, 607, 19337475, 1, 9, 108, 104, 242, 896, 1001, 108, 79, 16, 148, 10000000
398, 607, 406, 600, 19338134, 3, 10, 16, 108, 242, 896, 1001, 79, 148, 16, 167, 288
398, 607, 448, 601, 19338134, 4, 10, 167, 108, 242, 896, 1001, 79, 148, 16, 167, 288
398, 607, 401, 749, 19338134, 2, 10, 148, 108, 242, 896, 1001, 79, 148, 16, 167, 288
358, 798, 417, 801, 19338134, 4, 10, 33, 130, 242, 896, 1001, 271, 234, 135, 33, 163
358, 798, 398, 845, 19338134, 5, 10, 163, 130, 242, 896, 1001, 271, 234, 135, 33, 163
358, 798, 437, 801, 19338134, 3, 10, 135, 130, 242, 896, 1001, 271, 234, 135, 33, 163
601, 592, 718, 601, 19338135, 5, 10, 273, 21, 242, 896, 1001, 82, 263, 84, 122, 273
601, 592, 598, 713, 19338135, 2, 10, 263, 21, 242, 896, 1001, 82, 263, 84, 122, 273
358, 798, 518, 801, 19338135, 1, 10, 271, 130, 242, 896, 1001, 271, 234, 135, 33, 163
518, 801, 555, 801, 19338794, 5, 11, 294, 271, 242, 896, 1001, 217, 175, 4, 82, 294
798, 454, 791, 598, 19338794, 1, 11, 84, 140, 242, 896, 1001, 84, 37, 165, 273, 238
518, 801, 591, 798, 19338794, 4, 11, 82, 271, 242, 896, 1001, 217, 175, 4, 82, 294
518, 801, 601, 793, 19338794, 3, 11, 4, 271, 242, 896, 1001, 217, 175, 4, 82, 294
798, 454, 798, 613, 19338794, 2, 11, 37, 140, 242, 896, 1001, 84, 37, 165, 273, 238
798, 454, 798, 652, 19338794, 3, 11, 165, 140, 242, 896, 1001, 84, 37, 165, 273, 238
518, 801, 717, 798, 19338794, 1, 11, 217, 271, 242, 896, 1001, 217, 175, 4, 82, 294
791, 598, 881, 601, 19339453, 4, 12, 233, 84, 242, 896, 1001, 74, 238, 165, 233, 37
798, 652, 801, 717, 19339453, 4, 12, 238, 165, 242, 896, 1001, 94, 125, 74, 238, 272
717, 798, 771, 798, 19339454, 5, 12, 175, 217, 242, 896, 1001, 51, 74, 94, 6, 175
717, 798, 818, 801, 19339454, 1, 12, 51, 217, 242, 896, 1001, 51, 74, 94, 6, 175
818, 801, 840, 801, 19340113, 5, 13, 177, 51, 242, 896, 1001, 284, 229, 272, 200, 177
818, 801, 876, 801, 19340113, 2, 13, 229, 51, 242, 896, 1001, 284, 229, 272, 200, 177
818, 801, 878, 798, 19340113, 3, 13, 272, 51, 242, 896, 1001, 284, 229, 272, 200, 177
818, 801, 917, 801, 19340113, 1, 13, 284, 51, 242, 896, 1001, 284, 229, 272, 200, 177
818, 801, 926, 798, 19340113, 4, 13, 200, 51, 242, 896, 1001, 284, 229, 272, 200, 177
593, 200, 598, 239, 19340815, 2, 8, 187, 88, 242, 896, 1001, 85, 187, 131, 249, 194
593, 200, 657, 201, 19340815, 5, 8, 194, 88, 242, 896, 1001, 85, 187, 131, 249, 194
593, 200, 678, 201, 19340815, 4, 8, 249, 88, 242, 896, 1001, 85, 187, 131, 249, 194
593, 200, 754, 198, 19340816, 3, 8, 131, 88, 242, 896, 1001, 85, 187, 131, 249, 194
401, 749, 389, 798, 19342793, 2, 11, 3, 148, 242, 896, 1001, 52, 3, 79, 163, 10000000
401, 749, 401, 800, 19342793, 3, 11, 79, 148, 242, 896, 1001, 52, 3, 79, 163, 10000000
401, 749, 398, 810, 19342793, 1, 11, 52, 148, 242, 896, 1001, 52, 3, 79, 163, 10000000
401, 749, 398, 845, 19342793, 4, 11, 163, 148, 242, 896, 1001, 52, 3, 79, 163, 10000000
598, 713, 598, 751, 19342794, 4, 11, 296, 263, 242, 896, 1001, 109, 82, 4, 296, 294
598, 713, 601, 793, 19342794, 3, 11, 4, 263, 242, 896, 1001, 109, 82, 4, 296, 294
598, 713, 591, 798, 19342794, 2, 11, 82, 263, 242, 896, 1001, 109, 82, 4, 296, 294
598, 713, 598, 807, 19342794, 1, 11, 109, 263, 242, 896, 1001, 109, 82, 4, 296, 294
398, 810, 417, 801, 19343452, 3, 12, 33, 52, 242, 896, 1001, 135, 31, 33, 163, 10000000
398, 810, 398, 845, 19343452, 4, 12, 163, 52, 242, 896, 1001, 135, 31, 33, 163, 10000000
398, 810, 437, 801, 19343452, 1, 12, 135, 52, 242, 896, 1001, 135, 31, 33, 163, 10000000
398, 810, 401, 991, 19343453, 2, 12, 31, 52, 242, 896, 1001, 135, 31, 33, 163, 10000000
798, 613, 798, 652, 19343453, 5, 12, 165, 37, 242, 896, 1001, 94, 125, 238, 74, 165
798, 613, 801, 717, 19343453, 3, 12, 238, 37, 242, 896, 1001, 94, 125, 238, 74, 165
598, 807, 717, 798, 19343453, 2, 12, 217, 109, 242, 896, 1001, 94, 217, 36, 42, 10000000
798, 613, 801, 759, 19343453, 2, 12, 125, 37, 242, 896, 1001, 94, 125, 238, 74, 165
598, 807, 598, 989, 19343454, 4, 12, 42, 109, 242, 896, 1001, 94, 217, 36, 42, 10000000
598, 807, 606, 1000, 19343454, 3, 12, 36, 109, 242, 896, 1001, 94, 217, 36, 42, 10000000
437, 801, 467, 801, 19344112, 5, 13, 234, 135, 242, 896, 1001, 109, 82, 294, 271, 234
437, 801, 555, 801, 19344112, 3, 13, 294, 135, 242, 896, 1001, 109, 82, 294, 271, 234
437, 801, 591, 798, 19344112, 2, 13, 82, 135, 242, 896, 1001, 109, 82, 294, 271, 234
801, 759, 802, 794, 19344113, 1, 13, 94, 125, 242, 896, 1001, 94, 74, 127, 225, 6
801, 759, 791, 798, 19344113, 5, 13, 6, 125, 242, 896, 1001, 94, 74, 127, 225, 6
801, 759, 798, 799, 19344113, 2, 13, 74, 125, 242, 896, 1001, 94, 74, 127, 225, 6
801, 759, 801, 921, 19344113, 4, 13, 225, 125, 242, 896, 1001, 94, 74, 127, 225, 6
801, 759, 801, 955, 19344113, 3, 13, 127, 125, 242, 896, 1001, 94, 74, 127, 225, 6
802, 794, 801, 921, 19344772, 3, 14, 225, 94, 242, 896, 1001, 69, 80, 225, 127, 284
802, 794, 801, 955, 19344772, 4, 14, 127, 94, 242, 896, 1001, 69, 80, 225, 127, 284
601, 793, 598, 807, 19347453, 5, 12, 109, 4, 242, 896, 1001, 175, 217, 36, 42, 109
601, 793, 717, 798, 19347453, 2, 12, 217, 4, 242, 896, 1001, 175, 217, 36, 42, 109
401, 991, 483, 998, 19348112, 4, 13, 282, 31, 242, 896, 1001, 42, 176, 208, 282, 36
401, 991, 518, 998, 19348112, 3, 13, 208, 31, 242, 896, 1001, 42, 176, 208, 282, 36
717, 798, 772, 798, 19348113, 5, 13, 175, 217, 242, 896, 1001, 51, 74, 94, 6, 175
717, 798, 791, 798, 19348113, 4, 13, 6, 217, 242, 896, 1001, 51, 74, 94, 6, 175
717, 798, 798, 799, 19348113, 2, 13, 74, 217, 242, 896, 1001, 51, 74, 94, 6, 175
717, 798, 802, 794, 19348113, 3, 13, 94, 217, 242, 896, 1001, 51, 74, 94, 6, 175
717, 798, 818, 801, 19348113, 1, 13, 51, 217, 242, 896, 1001, 51, 74, 94, 6, 175
798, 799, 801, 921, 19348772, 4, 14, 225, 74, 242, 896, 1001, 80, 127, 69, 225, 229
798, 799, 801, 991, 19348772, 3, 14, 69, 74, 242, 896, 1001, 80, 127, 69, 225, 229
754, 198, 791, 198, 19349475, 4, 9, 102, 131, 242, 896, 1001, 40, 270, 44, 102, 214
754, 198, 798, 211, 19349475, 1, 9, 40, 131, 242, 896, 1001, 40, 270, 44, 102, 214
754, 198, 807, 201, 19349475, 3, 9, 44, 131, 242, 896, 1001, 40, 270, 44, 102, 214
798, 211, 801, 282, 19350134, 4, 10, 274, 40, 242, 896, 1001, 58, 120, 227, 274, 87
798, 211, 801, 329, 19350134, 3, 10, 227, 40, 242, 896, 1001, 58, 120, 227, 274, 87
798, 211, 801, 376, 19350134, 2, 10, 120, 40, 242, 896, 1001, 58, 120, 227, 274, 87
448, 601, 575, 598, 19350793, 5, 11, 156, 167, 242, 896, 1001, 21, 19, 96, 90, 156
448, 601, 592, 597, 19350793, 3, 11, 96, 167, 242, 896, 1001, 21, 19, 96, 90, 156
448, 601, 600, 601, 19350793, 2, 11, 19, 167, 242, 896, 1001, 21, 19, 96, 90, 156
448, 601, 601, 593, 19350793, 1, 11, 21, 167, 242, 896, 1001, 21, 19, 96, 90, 156
601, 593, 717, 601, 19351453, 5, 12, 273, 21, 242, 896, 1001, 82, 263, 84, 122, 273
601, 593, 598, 712, 19351453, 2, 12, 263, 21, 242, 896, 1001, 82, 263, 84, 122, 273
601, 593, 754, 598, 19351453, 4, 12, 122, 21, 242, 896, 1001, 82, 263, 84, 122, 273
606, 1000, 688, 998, 19352113, 5, 13, 277, 36, 242, 896, 1001, 69, 80, 134, 230, 277
606, 1000, 733, 998, 19352113, 4, 13, 230, 36, 242, 896, 1001, 69, 80, 134, 230, 277
606, 1000, 794, 998, 19352113, 2, 13, 80, 36, 242, 896, 1001, 69, 80, 134, 230, 277
801, 921, 801, 955, 19353431, 3, 15, 127, 225, 242, 896, 1001, 69, 80, 127, 10000000, 10000000
801, 921, 801, 991, 19353431, 1, 15, 69, 225, 242, 896, 1001, 69, 80, 127, 10000000, 10000000
801, 921, 794, 998, 19353431, 2, 15, 80, 225, 242, 896, 1001, 69, 80, 127, 10000000, 10000000
801, 991, 813, 1001, 19354090, 3, 16, 1, 69, 242, 896, 1001, 242, 179, 1, 10000000, 10000000
801, 991, 841, 1001, 19354090, 2, 16, 179, 69, 242, 896, 1001, 242, 179, 1, 10000000, 10000000
801, 991, 879, 1001, 19354090, 242, 16, 242, 69, 242, 896, 1001, 242, 179, 1, 10000000, 10000000
